0.000339299 2.31281
0.000495781 2.29539
0.000646217 2.30462
0.000791653 2.29008
0.000939599 2.31295
0.00109859 2.30218
0.00125865 2.29713
0.00141497 2.281
0.00160169 2.29124
0.00175861 2.28942
0.00190436 2.29222
0.00205785 2.3018
0.00222048 2.28292
0.00238272 2.30074
0.00253797 2.27821
0.00268462 2.27625
0.00284104 2.28184
0.00298737 2.30255
0.00314666 2.2724
0.00330132 2.28778
0.00345728 2.27558
0.00362531 2.29459
0.0037851 2.29281
0.00392936 2.2952
0.00409034 2.296
0.00426221 2.28024
0.00441444 2.27638
0.004563 2.29045
0.00471953 2.28198
0.00487908 2.28355
0.00503584 2.28661
0.00519676 2.29148
0.00534948 2.29008
0.00550589 2.27808
0.00565066 2.26494
0.00580938 2.28411
0.00596123 2.27755
0.00612133 2.2885
0.00627414 2.26688
0.00642399 2.28884
0.00656321 2.2774
0.0067134 2.28728
0.00687546 2.27284
0.0070272 2.27667
0.00718077 2.25288
0.00733479 2.26892
0.00747428 2.29471
0.00761646 2.29262
0.00776894 2.27361
0.00790732 2.28936
0.00804551 2.27174
0.00818315 2.28274
0.00831915 2.27464
0.0084532 2.27635
0.00858805 2.25783
0.00872377 2.2905
0.00887104 2.27885
0.00902596 2.28138
0.00917597 2.26462
0.00932369 2.2772
0.00946149 2.26724
0.00960758 2.26745
0.00975364 2.27769
0.00989668 2.26406
0.0100456 2.27369
0.0102057 2.27871
0.0103537 2.26044
0.0105044 2.26622
0.0106432 2.2669
0.0107894 2.27198
0.0109271 2.26769
0.0110741 2.26233
0.0112318 2.28751
0.0113928 2.27489
0.0115443 2.24974
0.0116945 2.27392
0.0118544 2.252
0.0120044 2.24925
0.012178 2.24907
0.0123212 2.27789
0.0124686 2.26079
0.012608 2.26017
0.0127593 2.26619
0.0129035 2.24263
0.0130497 2.28096
0.013199 2.24455
0.0133491 2.25609
0.0135031 2.26595
0.0136446 2.25474
0.0137899 2.2669
0.0139472 2.25611
0.0140945 2.25603
0.0142429 2.26214
0.0143965 2.24771
0.0145405 2.25014
0.0146943 2.23076
0.0148296 2.2714
0.0149798 2.25045
0.0151164 2.25963
0.0152686 2.25886
0.0154169 2.24126
0.0155664 2.27472
0.0157107 2.2278
0.0158459 2.25479
0.0159924 2.24371
0.0161274 2.26941
0.0162757 2.27766
0.0164111 2.24042
0.016561 2.24566
0.0167179 2.25475
0.0168616 2.26209
0.0170067 2.25702
0.0171475 2.25434
0.0173001 2.2617
0.01745 2.2653
0.0175904 2.24876
0.0177285 2.25446
0.0178795 2.25279
0.0180238 2.23563
0.0181803 2.23194
0.0183257 2.25872
0.0184688 2.21907
0.0186117 2.24246
0.0187451 2.24094
0.0188782 2.25064
0.0190201 2.24941
0.0191661 2.2296
0.0193007 2.20827
0.0194465 2.24762
0.0195865 2.24506
0.0197339 2.22631
0.0198799 2.2583
0.0200188 2.23055
0.0201657 2.21127
0.0203071 2.20978
0.0204531 2.24712
0.0205976 2.27041
0.0207449 2.2084
0.0208935 2.24577
0.0210384 2.22884
0.0211919 2.20799
0.021338 2.23663
0.0214719 2.2379
0.0216171 2.24315
0.0217547 2.22374
0.0218961 2.22175
0.022035 2.24527
0.0221717 2.20825
0.0223084 2.21076
0.0224445 2.23163
0.0225825 2.20522
0.0227281 2.19637
0.0228739 2.23129
0.0230078 2.23177
0.0232029 2.19981
0.0233355 2.23189
0.02347 2.21449
0.0236004 2.22232
0.0237315 2.20436
0.0238623 2.23499
0.0239926 2.19942
0.024141 2.19152
0.0242883 2.20761
0.0244305 2.22746
0.0245634 2.20747
0.0247076 2.21794
0.0248581 2.20654
0.0250627 2.2214
0.0251982 2.22302
0.0253341 2.1934
0.0254798 2.2062
0.0256223 2.20396
0.0257651 2.16656
0.0259049 2.19878
0.0260399 2.21089
0.0261877 2.18726
0.0263404 2.18108
0.0264836 2.19819
0.026641 2.18432
0.0267829 2.22329
0.0269346 2.19162
0.027086 2.21551
0.0272321 2.20796
0.0273676 2.20895
0.0275036 2.20587
0.0276367 2.20417
0.0277702 2.20301
0.0279026 2.18857
0.0280347 2.18721
0.0281673 2.16118
0.0283002 2.17644
0.0284312 2.19986
0.028571 2.17039
0.0287116 2.18218
0.0288624 2.19742
0.0290024 2.18397
0.029147 2.2033
0.0292886 2.1844
0.0294345 2.18663
0.0295817 2.17529
0.0297242 2.19832
0.0298709 2.17863
0.0300213 2.18776
0.030166 2.18943
0.0303109 2.1807
0.0304623 2.16775
0.0306121 2.14021
0.0307527 2.18903
0.0308857 2.20486
0.0310266 2.15355
0.0311767 2.14758
0.0313216 2.14873
0.031476 2.12216
0.0316224 2.17529
0.0317707 2.17285
0.0319039 2.18203
0.0320368 2.17211
0.0321685 2.17662
0.0322997 2.17811
0.0324305 2.16103
0.0325608 2.1559
0.0327011 2.16492
0.032832 2.15202
0.0329707 2.14044
0.0331116 2.16949
0.0332541 2.1595
0.0334025 2.17118
0.0335421 2.14229
0.0336954 2.19653
0.0338481 2.19049
0.0339966 2.16683
0.0341301 2.17825
0.0342689 2.12302
0.0344012 2.12761
0.0345597 2.12022
0.0347008 2.13262
0.0348525 2.1523
0.0349946 2.14401
0.035139 2.12095
0.0352859 2.1359
0.0354185 2.154
0.0355655 2.13387
0.0357074 2.11094
0.0358476 2.11206
0.0359805 2.1287
0.0361134 2.16097
0.0362448 2.14948
0.0363912 2.15542
0.0365236 2.10178
0.0366551 2.11717
0.0367996 2.17114
0.0369291 2.11796
0.0370605 2.12281
0.0371919 2.07265
0.0373198 2.09769
0.0374498 2.08526
0.0375805 2.1232
0.0377094 2.09565
0.037839 2.0993
0.0379678 2.10965
0.038098 2.08984
0.0382283 2.09972
0.0383759 2.15358
0.038515 2.11573
0.0386515 2.08085
0.0387947 2.11186
0.0389492 2.09416
0.0390905 2.07776
0.0392422 2.1174
0.0393857 2.09024
0.0395305 2.04399
0.0396875 2.10871
0.0398323 2.04607
0.0399793 2.10665
0.0401193 2.1381
0.0402639 2.09439
0.0404035 2.10925
0.0405371 2.09589
0.0406699 2.0792
0.0408267 2.09636
0.0409764 2.03271
0.0411228 2.08967
0.041267 2.08021
0.0414122 2.05976
0.0415936 2.05424
0.0417439 2.0355
0.0418913 2.08272
0.0420487 2.09246
0.0421948 2.07294
0.0423373 2.0612
0.0424835 2.06227
0.042629 2.06378
0.0427704 2.06256
0.0429113 2.0256
0.0430509 2.04184
0.0431975 2.0183
0.0433437 2.04498
0.0434791 2.05164
0.0436285 2.05726
0.0437701 2.05547
0.0439073 2.01622
0.0440522 2.01022
0.0442101 2.04669
0.0443506 1.97645
0.0445014 2.00684
0.0446376 1.99992
0.0447872 1.97533
0.0449491 2.00953
0.045082 1.94787
0.0452153 1.99683
0.0453557 1.98602
0.0454889 2.06405
0.0456204 2.05585
0.0457513 2.01502
0.045881 1.9981
0.0460108 2.01949
0.0461411 1.98174
0.0462705 2.01191
0.0464153 1.95624
0.046543 1.96076
0.0466797 2.02126
0.0468062 1.99572
0.0469342 1.94684
0.0470627 1.94602
0.0471905 2.0146
0.0473184 1.95915
0.047463 1.99081
0.0476085 1.95453
0.0477369 2.00146
0.0478651 1.96691
0.0479929 1.94066
0.0481203 1.95772
0.0482482 1.94313
0.0483847 1.9532
0.0485653 1.97133
0.0486951 1.92978
0.0488261 1.93776
0.0489712 1.97907
0.049114 1.99259
0.0492493 1.93145
0.0493855 1.85477
0.04953 1.94051
0.0496699 1.83632
0.0498081 1.80085
0.0499562 1.98752
0.0501023 2.0151
0.050247 1.96683
0.0503914 1.91495
0.0505371 1.9922
0.0506869 1.87654
0.0508283 1.90046
0.0509625 1.98097
0.0510959 1.9948
0.0512279 1.93152
0.0513714 1.87028
0.0515038 1.9227
0.0516384 1.92304
0.0517776 1.85823
0.0519104 1.85463
0.0520451 1.86812
0.0521816 1.92761
0.0523286 1.88147
0.052483 1.89977
0.0526254 1.83577
0.0527772 1.8566
0.0529186 1.87446
0.0530522 1.95312
0.0531873 1.83525
0.0533231 1.87885
0.0534542 1.97969
0.0535855 1.97238
0.0537169 1.86681
0.0538477 1.85734
0.0539893 1.86225
0.0541313 1.84729
0.0542744 1.93398
0.054406 1.82114
0.0545465 1.80468
0.0547053 1.91741
0.0548455 1.92677
0.0549901 1.79696
0.0551285 1.84398
0.0552694 1.82664
0.0554064 1.86601
0.0555523 1.85351
0.055698 1.87903
0.0558321 1.87524
0.0559756 1.8941
0.0561193 1.81428
0.0562603 1.88834
0.0564007 1.83288
0.0565563 1.73022
0.0567018 1.82312
0.0568476 1.81954
0.0569875 1.79201
0.05713 1.8067
0.0572898 1.76609
0.0574222 1.68436
0.0575546 1.76432
0.0576999 1.80586
0.0578298 1.79979
0.0579607 1.72797
0.0580922 1.69749
0.0582217 1.82997
0.0583669 1.7614
0.0585148 1.81157
0.0586539 1.78242
0.058803 1.71199
0.0589465 1.75051
0.0591026 1.77125
0.0592372 1.78056
0.0593775 1.81196
0.0595284 1.81827
0.059674 1.78532
0.0598198 1.80325
0.0599536 1.80597
0.0600993 1.84174
0.0602403 1.75781
0.0603862 1.75533
0.0605287 1.77118
0.0606744 1.76306
0.0608194 1.68416
0.0609645 1.6902
0.0611074 1.76921
0.0612522 1.77836
0.0614026 1.73253
0.061549 1.72997
0.0616813 1.76416
0.0618162 1.7313
0.0619492 1.77341
0.0620805 1.65527
0.0622117 1.71418
0.0623418 1.72125
0.0624805 1.76183
0.0626097 1.73383
0.0627516 1.65057
0.0628906 1.67421
0.0630338 1.60473
0.0631704 1.64851
0.063306 1.62614
0.0634458 1.65819
0.063604 1.67494
0.0637453 1.65941
0.0638914 1.72816
0.0640312 1.68417
0.0641766 1.64267
0.0643267 1.61784
0.0644689 1.72747
0.0646109 1.73815
0.0647449 1.63553
0.064888 1.59668
0.0650336 1.61428
0.0651802 1.7172
0.0653262 1.72149
0.065477 1.70255
0.0656243 1.83956
0.0657668 1.66651
0.0659 1.61775
0.066052 1.63643
0.0661878 1.50656
0.0663204 1.51901
0.0664521 1.58884
0.0665862 1.62927
0.0667174 1.68006
0.0668477 1.80475
0.0669795 1.69591
0.0671101 1.73999
0.06724 1.71134
0.0673704 1.70122
0.0675006 1.73011
0.0676307 1.76695
0.0677761 1.66649
0.0679198 1.5933
0.0680515 1.59821
0.0681999 1.57063
0.0683402 1.6551
0.0684916 1.69554
0.0686378 1.67546
0.0687889 1.70354
0.0689278 1.70394
0.0690731 1.7024
0.0692113 1.59997
0.0693516 1.62615
0.0695114 1.58395
0.0696575 1.67006
0.0698057 1.60639
0.0699455 1.58736
0.070087 1.56113
0.0702257 1.65544
0.0703595 1.76142
0.0704936 1.5978
0.0706399 1.6636
0.0707717 1.59762
0.0709035 1.64163
0.071035 1.71967
0.0711652 1.6774
0.0713096 1.6474
0.0714536 1.48284
0.071599 1.567
0.0717355 1.57748
0.0718776 1.55831
0.072071 1.62556
0.0722072 1.60576
0.0723489 1.7003
0.072506 1.70257
0.072652 1.55984
0.0727864 1.59862
0.0729286 1.67358
0.0730744 1.52504
0.0732251 1.54518
0.0733673 1.5601
0.0735144 1.5589
0.073649 1.54063
0.0737934 1.42185
0.0739377 1.47253
0.0740758 1.52289
0.0742227 1.64615
0.0743695 1.46183
0.074509 1.53093
0.0746556 1.53968
0.0747985 1.51908
0.0749447 1.50827
0.075097 1.50659
0.0752431 1.49205
0.0753862 1.56698
0.0755352 1.4492
0.0756683 1.49604
0.075832 1.52034
0.0759732 1.37608
0.0761061 1.41229
0.0762422 1.41028
0.0763827 1.51866
0.0765351 1.51543
0.0766818 1.50673
0.0768278 1.45409
0.076966 1.4041
0.0771076 1.49321
0.0772498 1.47019
0.0773991 1.56226
0.0775412 1.47267
0.0776756 1.45828
0.077821 1.4658
0.0779667 1.5588
0.0781122 1.49477
0.0782587 1.62732
0.0784056 1.48956
0.0785528 1.4298
0.0786942 1.4904
0.0788279 1.57357
0.0789886 1.52293
0.0791453 1.55282
0.0792869 1.444
0.0794198 1.41046
0.0795535 1.41268
0.0797004 1.43017
0.0798416 1.47831
0.0799949 1.57595
0.0801408 1.36125
0.0802813 1.42017
0.0804265 1.32978
0.0805772 1.45234
0.0807241 1.51906
0.0808668 1.55249
0.0810057 1.53704
0.0811464 1.40291
0.0812881 1.3937
0.0814255 1.3315
0.0815718 1.38887
0.0817232 1.39815
0.0818735 1.4501
0.0820081 1.45674
0.0821448 1.33262
0.0822862 1.361
0.0824372 1.34242
0.0825783 1.40545
0.0827249 1.44931
0.0828592 1.42781
0.0830042 1.36693
0.0831373 1.31045
0.0832704 1.46995
0.0834035 1.4183
0.0835469 1.27506
0.0836783 1.42398
0.0838092 1.47066
0.0839404 1.52949
0.08407 1.44596
0.0842129 1.4301
0.0843591 1.45779
0.0844998 1.38198
0.0846571 1.36859
0.0848018 1.48934
0.0849427 1.43957
0.0850864 1.35746
0.0852271 1.35765
0.0853816 1.45847
0.085523 1.31781
0.0856729 1.29127
0.0858071 1.41206
0.085953 1.44697
0.0860944 1.45177
0.08624 1.28865
0.0863859 1.26984
0.0865194 1.35007
0.08666 1.51244
0.0868102 1.2644
0.086955 1.27578
0.0871003 1.31433
0.0872556 1.30331
0.0873926 1.23311
0.0875246 1.37661
0.0876577 1.13094
0.0877879 1.31684
0.0879184 1.24418
0.0880506 1.31413
0.0881808 1.50174
0.0883217 1.40251
0.0884511 1.42968
0.0885929 1.32945
0.0887271 1.30962
0.0888695 1.33067
0.0890171 1.35675
0.0891584 1.48103
0.089303 1.27028
0.0894601 1.45411
0.0896013 1.33041
0.0897463 1.26169
0.0898883 1.25556
0.0900294 1.24376
0.0901809 1.27316
0.0903275 1.32682
0.0904695 1.23547
0.0906033 1.2533
0.0907447 1.36826
0.0908904 1.29055
0.0910395 1.31564
0.0911849 1.35738
0.0913226 1.377
0.0914678 1.20306
0.0916133 1.16518
0.0917467 1.22132
0.0918981 1.28123
0.0920395 1.30567
0.0921802 1.34952
0.0923211 1.29943
0.0924641 1.33382
0.0926059 1.42652
0.0927613 1.37894
0.0929053 1.39593
0.0930467 1.44155
0.0931909 1.378
0.0933417 1.20648
0.0934891 1.35037
0.0936284 1.41166
0.0937749 1.23129
0.0939086 1.20054
0.0940593 1.32834
0.0942015 1.1661
0.0943509 1.23375
0.0945012 1.31136
0.0946347 1.32878
0.0947804 1.2556
0.0949225 1.44635
0.0950639 1.25546
0.095209 1.37078
0.0953574 1.3592
0.0955058 1.13228
0.0956513 1.26671
0.095784 1.27664
0.0959847 1.13892
0.0961446 1.23302
0.096282 1.26429
0.0964136 1.36933
0.0965698 1.42493
0.0967028 1.38438
0.0968373 1.1875
0.0969795 1.29416
0.097114 1.124
0.0972808 1.10823
0.0974148 1.17946
0.0975608 1.15104
0.0977034 1.21627
0.0978513 1.14304
0.0980065 1.28437
0.098153 1.16648
0.0983016 1.34184
0.098436 1.2294
0.098578 1.29303
0.0987177 1.25245
0.098865 1.21021
0.0990161 1.38647
0.0991605 1.22585
0.0993037 1.34872
0.099455 1.31803
0.0996019 1.28778
0.0997484 1.15328
0.0998913 1.16051
0.100037 1.07032
0.100176 1.1626
0.100321 1.14201
0.100453 1.23852
0.1006 1.30833
0.100733 1.26198
0.100865 1.18698
0.101006 1.27098
0.101136 1.24916
0.101266 1.26593
0.101397 1.1457
0.101533 1.12326
0.101674 1.11436
0.101815 1.24529
0.101958 1.35947
0.10211 1.11529
0.102244 1.18511
0.102383 1.07944
0.102521 1.18135
0.102662 1.21093
0.102816 1.30076
0.102962 1.26679
0.103104 1.20247
0.103248 1.27442
0.103391 1.20457
0.103546 1.13046
0.103687 1.18663
0.103833 1.27261
0.103971 1.29102
0.104119 1.15983
0.10426 1.12764
0.104406 1.0931
0.104551 1.20952
0.104684 1.10479
0.104816 1.21156
0.104948 1.09773
0.10508 1.12456
0.105211 0.99855
0.105343 1.21405
0.105473 1.06778
0.105604 1.11339
0.105744 1.12326
0.105873 1.21172
0.106003 1.35118
0.106133 1.06639
0.106263 1.1941
0.106392 1.17251
0.106539 1.20348
0.106674 1.1943
0.106816 1.07298
0.106961 1.05961
0.107105 1.03408
0.107237 1.16883
0.107376 1.18029
0.107529 1.08753
0.107672 1.05711
0.107817 0.989485
0.107953 1.0336
0.1081 0.994182
0.108255 1.23176
0.108397 1.00399
0.108536 1.07965
0.108672 1.13327
0.108803 1.07862
0.108936 1.05839
0.10907 1.09314
0.109201 1.08332
0.109352 1.03723
0.109481 1.2343
0.109613 1.36103
0.109754 1.23425
0.109884 1.19565
0.110016 1.18076
0.110145 1.1269
0.110275 0.953097
0.110404 0.973309
0.110533 1.11069
0.110677 1.41862
0.110826 1.3666
0.110954 1.23887
0.111089 1.20176
0.111234 1.09402
0.111377 1.14815
0.111535 1.17852
0.111664 1.09544
0.111795 1.20931
0.111925 1.13842
0.112055 1.01189
0.112184 1.17882
0.112314 1.04495
0.112443 1.18278
0.112596 1.46345
0.112725 1.0284
0.112867 1.14028
0.113002 1.16192
0.113133 1.0806
0.11328 1.15983
0.113408 1.13469
0.113542 1.03552
0.11367 1.01571
0.113798 0.97875
0.113927 0.931784
0.114056 1.06478
0.114183 1.15629
0.114312 1.14285
0.114439 1.11234
0.114567 1.08093
0.114698 1.02603
0.114824 0.947169
0.114957 0.990638
0.115085 1.00669
0.115212 1.04972
0.115339 1.15223
0.115467 0.99133
0.115594 1.08698
0.115738 1.08442
0.115864 1.09153
0.115992 1.15026
0.11612 1.32854
0.116247 1.14933
0.116374 1.24009
0.116508 1.00119
0.116635 0.984329
0.116771 0.996128
0.116908 0.904783
0.117044 0.912132
0.117173 0.968439
0.11732 1.16683
0.117447 1.22799
0.117574 1.15309
0.117702 1.17445
0.117841 1.2443
0.117967 1.0651
0.118094 0.988012
0.118222 1.09915
0.118347 1.11322
0.118487 1.06024
0.118612 0.886268
0.118739 0.931359
0.118886 1.06717
0.119028 1.11699
0.119167 1.0937
0.119294 1.06607
0.11942 1.07728
0.119569 0.980047
0.119696 0.985824
0.119824 1.04722
0.119959 1.15498
0.120086 1.21409
0.120212 1.05107
0.120356 1.08859
0.120484 0.939519
0.120633 1.00795
0.120759 0.970758
0.120886 0.971698
0.12102 0.97864
0.121145 1.03458
0.121273 0.903988
0.121398 0.924305
0.121525 0.980992
0.12168 0.872364
0.121805 1.22916
0.121931 1.23611
0.122067 1.03802
0.122198 0.949792
0.122356 0.915888
0.122488 0.975666
0.122621 0.945775
0.122757 1.05194
0.122889 0.895187
0.123048 1.06697
0.12318 1.02731
0.123303 0.957148
0.123436 0.9275
0.123559 0.951297
0.123722 0.945406
0.123846 0.969663
0.12397 0.954099
0.124103 0.863588
0.124227 0.978684
0.124351 0.97181
0.124475 0.996937
0.124599 1.04452
0.124731 1.07145
0.124889 1.03915
0.125014 0.917763
0.125141 1.11681
0.125265 0.863085
0.12539 0.968872
0.125514 1.0307
0.125638 0.876435
0.12578 0.894999
0.125904 0.999414
0.126028 0.887243
0.126153 0.97541
0.126275 1.09453
0.126399 0.909963
0.12653 0.980606
0.126654 1.08357
0.126778 1.09377
0.126902 0.968843
0.127029 0.941572
0.127161 1.10301
0.127285 0.922335
0.127409 0.973392
0.12755 1.05065
0.127673 1.07834
0.127805 0.903954
0.12793 0.95327
0.128055 0.918597
0.128181 0.889195
0.128305 0.969768
0.12843 0.986651
0.128555 0.737653
0.128678 0.909306
0.128803 0.932117
0.128928 0.997985
0.129052 0.819114
0.129186 0.948371
0.12931 0.936388
0.129444 0.991971
0.129569 0.899326
0.129693 0.988712
0.129818 0.972553
0.129943 0.703065
0.130066 0.795189
0.130218 0.740221
0.130352 0.843992
0.13049 0.750422
0.130615 0.837007
0.130753 1.00839
0.130887 0.996448
0.131021 0.91221
0.131157 0.722529
0.131302 0.726851
0.131441 0.895389
0.131579 0.920813
0.131714 1.10996
0.131853 0.801147
0.132 0.663891
0.132137 1.13393
0.132308 0.972087
0.132448 1.00739
0.13258 0.77303
0.132724 1.10512
0.132865 0.879316
0.133001 0.915162
0.133143 0.843905
0.133271 0.935106
0.133398 1.01826
0.133527 0.973394
0.133653 1.14243
0.133783 0.944634
0.133921 0.911579
0.134048 0.937909
0.134175 1.01643
0.134308 1.08314
0.134434 0.965249
0.134561 1.11115
0.134688 1.14772
0.134814 0.821233
0.134956 1.06181
0.135094 0.982759
0.135238 0.992344
0.135365 1.00883
0.135494 0.98494
0.135635 1.02205
0.135771 0.932007
0.135907 0.772315
0.13605 0.898548
0.136185 0.893754
0.136321 0.892382
0.136449 0.891054
0.136589 0.952248
0.136738 0.863906
0.136876 0.784678
0.137018 0.871654
0.137149 0.88325
0.137293 0.848047
0.137423 1.0309
0.137553 0.896061
0.137681 0.934942
0.137815 0.799275
0.137942 0.914145
0.13807 0.897567
0.138236 0.939453
0.13837 0.789797
0.138505 0.874359
0.138641 0.908508
0.13878 1.03659
0.138931 0.896145
0.139068 0.96871
0.139214 0.908347
0.139356 0.982433
0.139499 0.993855
0.139648 0.907529
0.139778 0.971784
0.139927 0.923801
0.140059 0.813612
0.140194 0.995106
0.140339 0.897858
0.140483 0.933467
0.140624 0.79976
0.140764 0.842625
0.14091 0.849633
0.14105 0.935682
0.141183 0.94303
0.141324 0.908603
0.141477 0.897065
0.141608 0.896439
0.141739 0.920125
0.141871 0.921552
0.142001 0.792037
0.142132 0.744482
0.142263 0.906595
0.142393 0.88467
0.142539 0.91537
0.142682 0.97565
0.142821 0.846448
0.142952 0.910396
0.1431 0.830695
0.14323 0.931701
0.143373 1.04827
0.143522 0.82001
0.143664 1.01243
0.14381 0.827092
0.143961 0.89711
0.1441 0.722704
0.144241 0.888029
0.144394 0.921213
0.144538 0.886603
0.144684 0.919858
0.144816 0.87285
0.144959 0.964199
0.145104 0.875696
0.145249 0.792057
0.145392 0.710628
0.145535 0.684809
0.145678 0.883578
0.145811 0.837655
0.145944 0.831323
0.146087 0.833866
0.146239 0.864757
0.14637 0.941893
0.1465 0.730012
0.146638 0.709443
0.146767 0.846477
0.14691 0.868941
0.147056 1.08732
0.147195 0.909942
0.14734 0.907429
0.147484 0.932668
0.147629 0.901737
0.14777 0.895378
0.147908 1.03118
0.148057 1.12439
0.148202 1.11094
0.148346 0.883624
0.14848 0.92351
0.148617 0.959821
0.148772 0.789036
0.148913 0.980837
0.149059 0.890571
0.149194 0.970262
0.14934 0.891096
0.149483 1.00414
0.149625 0.877487
0.149757 0.98283
0.149914 0.840563
0.150059 0.789655
0.150192 1.06679
0.150325 0.960872
0.150455 0.848147
0.150586 1.01523
0.150717 0.841813
0.150847 0.723923
0.151003 0.792061
0.151146 1.07441
0.151284 1.12819
0.151415 0.860144
0.151558 1.15402
0.151702 0.847775
0.151844 0.716445
0.151988 0.716134
0.152144 0.947766
0.152289 0.790155
0.152431 0.932476
0.152573 0.85881
0.152722 0.999569
0.152876 0.837895
0.153017 0.769872
0.153163 0.970505
0.153297 0.881722
0.153442 0.653782
0.153592 0.959767
0.153732 0.793199
0.153883 0.706335
0.154017 0.855378
0.154159 0.840081
0.154305 0.840519
0.154445 0.780287
0.154578 0.913372
0.15472 0.846855
0.15485 0.674103
0.15498 0.70734
0.155115 0.793231
0.155246 0.747377
0.155376 0.776966
0.155507 0.838726
0.155686 0.879686
0.155817 0.914403
0.155961 0.769479
0.156111 0.831778
0.156253 0.784725
0.156386 0.662414
0.156532 0.830252
0.156678 0.820357
0.156825 0.920743
0.156973 0.74464
0.157112 0.837383
0.157258 0.70742
0.15741 0.862195
0.157548 0.969168
0.157693 1.0674
0.157847 0.98013
0.157988 1.01173
0.158126 0.833291
0.158261 0.897716
0.158406 0.893896
0.158553 0.819825
0.158685 0.848514
0.158818 0.737537
0.158967 0.896307
0.159098 0.830388
0.159229 0.869373
0.159369 0.832344
0.159499 0.91982
0.159631 0.857352
0.159767 0.953784
0.159911 0.978785
0.160064 0.881489
0.160212 0.905076
0.160361 0.868593
0.160504 0.839075
0.160646 0.943833
0.1608 0.981829
0.160946 0.974304
0.161094 0.927204
0.16123 0.770804
0.161376 0.839172
0.161521 0.968704
0.161666 0.769654
0.161812 0.759012
0.161964 0.733391
0.16211 0.65442
0.162254 1.00338
0.162392 1.0078
0.162535 0.799812
0.162686 0.826807
0.162827 0.918854
0.162959 1.10298
0.163093 0.809933
0.163226 0.854038
0.163358 0.854565
0.163489 0.894765
0.16362 0.974578
0.16376 1.10116
0.16389 0.832479
0.164037 0.917087
0.164166 0.945511
0.164295 1.02365
0.164424 1.01032
0.164554 1.00185
0.1647 1.03735
0.164839 0.841328
0.164983 0.799074
0.165122 0.779923
0.165256 0.738143
0.165395 0.982734
0.165548 0.791339
0.165689 0.850076
0.165833 0.74687
0.165968 0.86939
0.166113 0.761667
0.166259 0.801533
0.166405 0.791747
0.166547 0.763854
0.166694 0.975954
0.166826 1.01553
0.166972 0.950888
0.16711 0.833972
0.167242 0.94194
0.167374 1.09291
0.167507 0.862811
0.167638 0.786502
0.167778 0.828243
0.167908 0.752354
0.168038 0.774937
0.168168 0.776727
0.168311 0.761285
0.168455 0.784449
0.168601 0.801821
0.168745 0.862167
0.168892 0.874796
0.169036 1.04916
0.169179 0.8776
0.169313 0.882342
0.169454 1.0063
0.169607 0.851048
0.169748 0.842619
0.169894 0.945029
0.170028 0.88169
0.170169 0.68952
0.170315 0.939971
0.170457 0.772348
0.170598 0.90171
0.170745 1.12823
0.170884 0.869083
0.171018 1.04161
0.171152 0.943725
0.171297 0.911116
0.171439 0.911718
0.171572 0.727728
0.171706 0.817323
0.171867 0.810914
0.171999 0.674744
0.17213 0.673762
0.172262 0.753661
0.172392 0.799939
0.172539 0.922163
0.172683 0.854607
0.172823 0.752686
0.172972 0.812189
0.173113 0.87156
0.173253 0.889731
0.173391 0.689806
0.173534 0.818795
0.173687 0.694448
0.173827 0.795124
0.173973 0.86815
0.174107 0.871337
0.17424 0.894839
0.174381 0.773822
0.174529 0.78648
0.174673 0.816455
0.174827 0.73436
0.174969 0.809733
0.175114 0.81955
0.175253 0.707607
0.175398 0.635763
0.175549 0.603507
0.175696 0.793366
0.175829 0.73939
0.17597 0.888229
0.176102 0.87962
0.176234 0.951799
0.176365 0.787493
0.176496 0.933541
0.176649 0.77899
0.176779 0.82628
0.176918 0.713017
0.177055 0.679126
0.177197 0.675315
0.17734 0.810042
0.177481 0.717931
0.177628 0.836537
0.177777 0.787296
0.177923 0.86146
0.178069 0.922654
0.178206 0.94406
0.178351 0.834618
0.178504 0.789092
0.178649 0.742553
0.178792 0.709592
0.178931 0.705572
0.179074 0.785745
0.179262 0.886389
0.179397 0.678702
0.179538 0.741353
0.179683 0.895207
0.17983 0.793511
0.179972 0.766094
0.180114 0.53467
0.180247 0.702615
0.18039 0.64908
0.180524 0.654229
0.18067 0.757349
0.180812 0.990674
0.180944 0.887162
0.181076 0.785535
0.181216 0.855499
0.181356 0.624202
0.1815 0.750509
0.181641 1.06475
0.181786 0.988517
0.181942 0.876344
0.182087 0.717056
0.182229 0.804127
0.182366 0.822143
0.182514 0.671773
0.182662 0.66651
0.18281 0.691343
0.182957 0.829956
0.183096 0.789806
0.183242 0.781582
0.183388 0.668876
0.183532 0.671496
0.183677 0.689933
0.183826 0.808584
0.183973 0.693842
0.184117 0.7488
0.184261 0.869521
0.184405 0.946004
0.184573 0.713125
0.184706 0.847754
0.18484 0.765005
0.184982 0.809665
0.185112 0.788312
0.185243 0.724598
0.185374 0.65187
0.185503 0.873289
0.185641 0.914305
0.185769 0.722732
0.1859 0.768549
0.18603 0.785316
0.18616 0.829723
0.186303 0.856623
0.186444 0.817291
0.186588 0.893897
0.186739 0.886807
0.186885 0.725776
0.187032 0.916373
0.187167 0.843563
0.187315 0.609524
0.187466 0.708434
0.1876 0.743421
0.187747 0.743189
0.187881 0.882196
0.188025 0.643546
0.188164 0.605261
0.1883 0.662851
0.188444 0.741207
0.1886 0.76586
0.188732 0.649596
0.188865 0.692076
0.188998 0.862279
0.189129 0.742584
0.189261 0.803468
0.189393 0.688301
0.189523 0.679895
0.189664 0.703786
0.189802 0.746818
0.189944 0.794807
0.190076 0.790304
0.190214 0.927109
0.190369 0.87874
0.190514 0.865719
0.190659 0.877304
0.190808 0.932834
0.190949 0.872377
0.191099 0.755772
0.191237 0.808961
0.191378 0.788585
0.191533 0.656126
0.191675 0.656628
0.191821 0.82305
0.191956 0.904143
0.192102 0.841442
0.192253 0.751755
0.1924 0.766318
0.192543 0.761738
0.192678 0.851624
0.192818 0.64502
0.192964 0.79434
0.193105 0.792265
0.193237 0.774396
0.193381 0.851603
0.193513 0.694668
0.193644 0.664697
0.193776 0.614007
0.193907 0.615677
0.194036 0.69156
0.194168 0.75364
0.19431 0.716696
0.194449 0.657508
0.194579 0.955111
0.194708 0.721617
0.194847 0.768313
0.194986 0.669258
0.195129 1.00634
0.195261 0.818492
0.195404 0.712331
0.195556 0.690507
0.1957 0.658675
0.195846 0.752334
0.195984 0.732374
0.196129 0.867595
0.196279 1.02745
0.196412 0.817831
0.196545 0.713981
0.196679 0.734631
0.196811 0.656389
0.196978 0.659052
0.19711 0.726604
0.197241 0.723713
0.197402 0.816874
0.197532 0.955246
0.197661 0.77985
0.197819 0.967531
0.197948 0.887465
0.198094 0.925733
0.198222 0.813857
0.198434 0.986211
0.198572 0.939766
0.198709 0.762436
0.19884 0.690313
0.198982 0.652063
0.199182 0.831879
0.199329 0.943137
0.199472 0.828993
0.199618 0.949078
0.199762 0.864268
0.199962 0.881636
0.200103 0.716641
0.200248 0.884973
0.200407 0.711266
0.200553 0.806918
0.200697 0.795283
0.200831 0.792104
0.200972 0.782482
0.20113 0.844799
0.201272 1.07703
0.201419 0.896949
0.201554 0.819368
0.201695 0.722866
0.201828 0.797598
0.201961 0.955933
0.202094 0.943827
0.20224 0.859774
0.202372 0.673648
0.202502 0.747214
0.202633 0.759188
0.202763 0.731851
0.202951 0.805241
0.20309 0.874337
0.203229 0.902722
0.203394 0.957239
0.203532 0.850175
0.203677 0.901565
0.203812 1.00804
0.203951 0.806807
0.204092 0.596013
0.204239 0.75785
0.204385 0.751086
0.204522 0.829105
0.204664 0.665104
0.204801 0.710394
0.204945 0.700113
0.205087 0.901695
0.205238 0.718974
0.205385 0.711005
0.205536 0.802953
0.205671 0.764411
0.205816 0.864309
0.205972 0.771494
0.206112 0.737645
0.206245 0.737797
0.206379 0.673587
0.206515 0.648383
0.206648 0.757841
0.206781 0.581655
0.206911 0.556673
0.207053 0.602607
0.207198 0.755435
0.207339 0.800663
0.207477 0.676206
0.207618 0.614585
0.207763 0.610559
0.207908 0.724166
0.208055 0.747271
0.208201 0.835343
0.208348 0.791624
0.20849 0.739839
0.208636 0.754556
0.208782 0.860377
0.208931 0.77092
0.209073 0.957749
0.20922 0.727403
0.209358 0.639293
0.209499 0.705449
0.209655 0.758167
0.2098 0.771782
0.209948 0.768097
0.21009 0.681547
0.210237 0.64373
0.210381 0.709182
0.210514 0.703328
0.210647 0.686054
0.210783 0.917972
0.210914 0.669551
0.211046 0.714453
0.211179 0.613203
0.21131 0.708672
0.211449 0.772036
0.211589 0.845145
0.211734 0.812633
0.211866 0.689665
0.212008 0.670191
0.212154 0.600623
0.212296 0.627475
0.212442 0.735894
0.212589 0.797736
0.212735 0.78369
0.212876 0.619045
0.213014 0.63876
0.21316 0.535507
0.213309 0.701594
0.213451 0.743291
0.213593 0.706315
0.213729 0.632505
0.213874 0.654286
0.214013 0.845688
0.214158 0.743213
0.2143 0.595887
0.214435 0.822369
0.214579 0.918081
0.214713 1.02076
0.214847 0.842054
0.21498 0.80827
0.215122 0.776795
0.215254 0.704187
0.215384 0.774034
0.215516 0.784169
0.215646 0.795084
0.215777 0.731818
0.215909 0.718234
0.216038 0.768465
0.216169 0.664885
0.216313 0.675127
0.216459 0.779805
0.216592 0.832318
0.216736 0.800601
0.216882 0.647388
0.217029 0.715403
0.217174 0.767576
0.217321 0.886592
0.217463 0.698991
0.217609 0.647839
0.217743 0.672653
0.217889 0.581002
0.21804 0.542339
0.218186 0.744929
0.218331 0.490591
0.218474 0.655147
0.218617 0.606078
0.218769 0.707215
0.218902 1.01083
0.219035 0.782099
0.219176 0.875675
0.219307 0.701782
0.21944 0.697461
0.219571 0.76888
0.219701 0.765369
0.219831 0.926888
0.219975 0.73233
0.220114 0.873551
0.220268 0.765093
0.220408 0.676082
0.220552 0.678352
0.22069 0.641279
0.220835 0.694508
0.220982 0.730784
0.221129 0.613655
0.221275 0.673213
0.22141 0.800912
0.221552 0.678804
0.221708 0.727271
0.221854 0.733143
0.222001 0.710914
0.222143 0.643531
0.222287 0.584147
0.222437 0.615941
0.222583 0.76727
0.222729 0.739146
0.22287 0.794012
0.223016 0.654847
0.223162 0.78951
0.223294 0.927063
0.223427 0.792497
0.223569 0.873574
0.223698 0.809027
0.223831 0.820396
0.223963 0.658716
0.224094 0.712689
0.224225 0.829003
0.224355 0.696044
0.224493 0.649328
0.224632 0.784509
0.224763 0.660914
0.224893 0.70351
0.225025 0.763651
0.225173 0.828914
0.225317 0.728326
0.225461 0.989616
0.225602 0.707725
0.225753 0.898613
0.225899 0.88273
0.226045 0.52594
0.226184 0.701271
0.226331 0.714585
0.226515 0.654939
0.226651 0.738854
0.22679 0.762311
0.226937 0.840567
0.227071 0.875077
0.227216 0.84323
0.227361 0.605079
0.227493 0.810456
0.227625 0.531897
0.227758 0.556718
0.227891 0.59404
0.228024 0.575391
0.228156 0.680438
0.228289 0.539035
0.22843 0.773584
0.22857 0.596814
0.228715 0.845033
0.228858 0.731206
0.229002 0.780229
0.229158 0.726487
0.229305 0.686218
0.229451 0.937639
0.229597 0.680497
0.229743 0.831528
0.2299 0.834298
0.230046 0.780261
0.230194 0.663238
0.23033 0.649712
0.230479 0.549638
0.23063 0.601049
0.230774 0.620723
0.230916 0.745596
0.23105 0.803597
0.231191 0.831185
0.231337 0.703153
0.231486 0.858185
0.231632 0.801992
0.231787 0.779646
0.231919 0.644272
0.232051 0.618977
0.232183 0.571102
0.232314 0.759488
0.232445 0.963689
0.232576 0.651847
0.232707 0.731408
0.232858 0.631355
0.232998 0.666107
0.233146 0.782238
0.233281 0.803231
0.233428 0.765181
0.233582 0.749579
0.23373 0.799143
0.233874 0.734331
0.234018 0.690278
0.234164 0.758108
0.234297 0.845846
0.234442 0.78959
0.234575 0.730623
0.234709 0.625504
0.234851 0.624859
0.235 0.748182
0.235133 0.603573
0.23528 0.739756
0.235433 0.588075
0.235579 0.670942
0.235721 0.573601
0.235857 0.748677
0.236002 0.61152
0.236149 0.672758
0.236281 0.690192
0.236413 0.785875
0.236547 0.860099
0.236677 0.650861
0.236807 0.75181
0.236938 0.684259
0.237068 0.799526
0.237219 0.757976
0.237362 0.649607
0.237505 0.657476
0.237642 0.535644
0.237782 0.787411
0.237927 0.772626
0.238072 0.589452
0.238218 0.6033
0.238356 0.525511
0.238502 0.524258
0.238644 0.585401
0.238786 0.844958
0.238929 0.588848
0.239088 0.617792
0.23923 0.686997
0.23938 0.643367
0.239521 0.617167
0.239667 0.614586
0.23982 0.629262
0.239966 0.581978
0.240105 0.889206
0.240245 0.987737
0.240378 0.810289
0.240511 0.770684
0.240645 0.814445
0.240775 0.684407
0.240915 0.537946
0.241047 0.569562
0.241177 0.664934
0.241308 1.05478
0.241452 1.01388
0.241594 0.838691
0.241732 0.771795
0.241864 0.668645
0.242017 0.761748
0.242161 0.829311
0.242306 0.709292
0.242444 0.787052
0.242589 0.736822
0.242744 0.615175
0.242889 0.84888
0.243033 0.626245
0.243171 0.834872
0.243317 1.1426
0.243461 0.633945
0.243611 0.723249
0.243758 0.781421
0.243906 0.698184
0.244051 0.745222
0.244195 0.712048
0.244329 0.646918
0.244474 0.614215
0.24463 0.537545
0.244763 0.551884
0.244895 0.626066
0.245029 0.776726
0.24516 0.744239
0.245294 0.766645
0.245425 0.684821
0.245556 0.598308
0.245686 0.524353
0.245815 0.613044
0.245944 0.590589
0.246099 0.630609
0.246238 0.752633
0.246382 0.604134
0.246518 0.647117
0.246663 0.693557
0.246816 0.735887
0.246964 0.818106
0.247106 0.988586
0.247245 0.778833
0.247388 0.835151
0.247544 0.62503
0.24769 0.653612
0.247841 0.611371
0.247981 0.478595
0.248125 0.526529
0.248267 0.626752
0.24841 0.790236
0.248554 0.822728
0.248702 0.757229
0.248848 0.861468
0.249 0.955708
0.249133 0.723711
0.249265 0.579251
0.249415 0.740536
0.249551 0.752804
0.249682 0.672829
0.249815 0.538895
0.249946 0.568086
0.250094 0.68096
0.250227 0.765225
0.250366 0.748973
0.250511 0.674191
0.250656 0.666226
0.250802 0.563196
0.250948 0.649305
0.25109 0.702922
0.251237 0.81622
0.251375 0.834617
0.251521 0.696288
0.251677 0.698833
0.251823 0.583349
0.25197 0.601633
0.252106 0.657293
0.252251 0.605464
0.252411 0.603849
0.252561 0.768398
0.252705 0.561264
0.252842 0.570053
0.252984 0.579684
0.25313 0.531671
0.253277 0.896007
0.253426 0.933196
0.25356 0.747117
0.253693 0.616339
0.253824 0.535368
0.253958 0.62036
0.254088 0.586961
0.25423 0.735636
0.25436 0.561148
0.25449 0.691717
0.254628 0.668273
0.254772 0.639838
0.254901 0.624865
0.255034 0.628282
0.255178 0.609104
0.255332 0.618477
0.255475 0.597984
0.255614 0.500383
0.25575 0.573629
0.255879 0.609721
0.256009 0.650778
0.256151 0.694861
0.2563 0.711654
0.256437 0.697934
0.256578 0.564586
0.256717 0.824049
0.256864 0.500261
0.257007 0.656706
0.257163 0.755164
0.257311 0.517769
0.257457 0.57963
0.257595 0.653298
0.257727 0.529907
0.257859 0.648736
0.257992 0.755002
0.258123 0.53288
0.258264 0.634329
0.258394 0.737232
0.258524 0.774713
0.258659 0.641214
0.258797 0.607158
0.258945 0.775512
0.259093 0.591091
0.259238 0.692481
0.25937 0.750388
0.259516 0.764865
0.259665 0.551024
0.259807 0.623471
0.259953 0.587851
0.2601 0.533967
0.260246 0.687941
0.260392 0.589833
0.26054 0.404072
0.260686 0.546635
0.26084 0.565982
0.260986 0.639137
0.261129 0.554088
0.261271 0.60579
0.261408 0.607086
0.261566 0.625152
0.261709 0.559561
0.261857 0.66786
0.26199 0.604641
0.262123 0.360755
0.26228 0.46323
0.262411 0.416919
0.262542 0.480037
0.262682 0.461019
0.262813 0.5069
0.262944 0.679379
0.263081 0.737481
0.263221 0.61486
0.263381 0.416115
0.263526 0.419872
0.263674 0.53889
0.263808 0.61912
0.263957 0.900867
0.264099 0.492299
0.264245 0.340339
0.264426 0.814592
0.26456 0.694361
0.264706 0.521199
0.264853 0.803945
0.264988 0.59368
0.265128 0.642151
0.265266 0.532479
0.265414 0.642186
0.265561 0.738851
0.265727 0.65202
0.26586 0.855062
0.266008 0.677939
0.26615 0.611293
0.266283 0.661892
0.266427 0.780977
0.266561 0.788569
0.266695 0.702635
0.26684 0.872377
0.266972 0.904546
0.267105 0.538584
0.267238 0.769608
0.267382 0.661288
0.267533 0.767313
0.267678 0.663916
0.267825 0.661165
0.267959 0.706034
0.268102 0.651824
0.268255 0.527584
0.268388 0.574076
0.268521 0.60353
0.268668 0.576609
0.268816 0.601447
0.268961 0.646676
0.269103 0.584575
0.269251 0.505945
0.269401 0.620181
0.269544 0.574036
0.269691 0.565514
0.269825 0.759824
0.269972 0.625348
0.270128 0.63791
0.270274 0.550776
0.270416 0.633502
0.270564 0.638119
0.270702 0.705579
0.270834 0.536379
0.270966 0.636914
0.271099 0.625814
0.271243 0.781707
0.271374 0.636527
0.271506 0.640658
0.271643 0.656183
0.271786 0.661519
0.271931 0.719078
0.272072 0.617258
0.272214 0.683146
0.272364 0.672164
0.272509 0.548206
0.272655 0.734381
0.272801 0.670432
0.272945 0.689386
0.273088 0.53141
0.273233 0.543452
0.273381 0.598379
0.273514 0.657727
0.273661 0.704233
0.273813 0.665966
0.273954 0.658341
0.2741 0.634872
0.274244 0.639993
0.274387 0.653774
0.274543 0.532221
0.274685 0.505412
0.274832 0.670293
0.274966 0.613197
0.275099 0.663875
0.275232 0.691634
0.275363 0.613631
0.275497 0.69798
0.275639 0.590854
0.275769 0.689572
0.275901 0.849877
0.276032 0.557788
0.276161 0.771157
0.276291 0.60792
0.276421 0.608472
0.276551 0.492992
0.276697 0.648422
0.276836 0.645806
0.276977 0.618213
0.277109 0.649617
0.277247 0.595475
0.27739 0.7293
0.277527 0.623658
0.277673 0.532951
0.277828 0.467991
0.277969 0.484525
0.278117 0.614073
0.278251 0.601906
0.278398 0.587286
0.278549 0.587347
0.278693 0.601286
0.278838 0.67397
0.278973 0.484764
0.279118 0.499583
0.279251 0.623099
0.279385 0.592743
0.279521 0.837906
0.279663 0.665981
0.279795 0.728981
0.279926 0.749665
0.280057 0.628381
0.2802 0.651075
0.280345 0.809193
0.280488 0.875671
0.280632 0.848987
0.280768 0.639074
0.280912 0.64331
0.281058 0.739271
0.281206 0.540977
0.281351 0.730721
0.281504 0.646595
0.281646 0.709364
0.281792 0.69258
0.281926 0.788456
0.282067 0.652203
0.28222 0.717132
0.282367 0.643453
0.282512 0.564207
0.282651 0.867506
0.282796 0.725959
0.282947 0.625507
0.283093 0.766665
0.283235 0.634457
0.283373 0.52321
0.283506 0.57583
0.283638 0.862838
0.283771 0.907233
0.283902 0.676865
0.284046 0.936356
0.284176 0.647914
0.284306 0.516696
0.284437 0.486456
0.284566 0.739056
0.284695 0.543322
0.284826 0.727286
0.284969 0.658648
0.285108 0.745224
0.285252 0.660569
0.2854 0.554689
0.285531 0.72314
0.285662 0.660723
0.285799 0.444298
0.285941 0.736445
0.28609 0.526434
0.286224 0.505923
0.286367 0.624825
0.286514 0.652128
0.286657 0.590003
0.28679 0.5702
0.286944 0.710669
0.28709 0.675342
0.287232 0.474429
0.28737 0.47124
0.287515 0.550303
0.287671 0.491586
0.28781 0.546094
0.287944 0.605506
0.288124 0.694077
0.288257 0.689761
0.2884 0.560584
0.288531 0.579736
0.288665 0.562777
0.288808 0.484395
0.288956 0.615142
0.289104 0.576698
0.289244 0.731735
0.289384 0.536697
0.289528 0.616141
0.289683 0.527977
0.289825 0.635734
0.28997 0.790544
0.290105 0.860239
0.29025 0.781964
0.290405 0.803572
0.290551 0.605236
0.290698 0.690979
0.290849 0.65112
0.290994 0.606669
0.291148 0.623366
0.291294 0.547419
0.291431 0.734337
0.291565 0.601545
0.291707 0.649382
0.291852 0.621887
0.291999 0.733676
0.292132 0.669689
0.292277 0.818475
0.29241 0.787115
0.292543 0.655489
0.292685 0.7288
0.292815 0.645028
0.292946 0.638497
0.293081 0.762088
0.293224 0.816548
0.293366 0.790582
0.29351 0.733349
0.29365 0.58866
0.293784 0.62391
0.293929 0.708993
0.294085 0.576572
0.294217 0.5482
0.294354 0.548574
0.294488 0.448552
0.29462 0.831825
0.294762 0.79907
0.294893 0.585171
0.295024 0.646795
0.295155 0.72901
0.295285 0.922329
0.295414 0.640189
0.295544 0.708396
0.295673 0.670016
0.295813 0.697164
0.295941 0.770448
0.296082 0.947089
0.296244 0.639942
0.296372 0.719423
0.296512 0.762955
0.296639 0.794769
0.296768 0.847601
0.296931 0.838942
0.297057 0.891012
0.297185 0.645656
0.297314 0.590389
0.297452 0.575587
0.297585 0.537207
0.297769 0.789918
0.297896 0.597749
0.298024 0.649572
0.29815 0.548484
0.298277 0.651776
0.298402 0.572896
0.298529 0.633474
0.298663 0.616378
0.298788 0.563112
0.298914 0.79477
0.29904 0.808103
0.299165 0.756815
0.299296 0.6424
0.299455 0.757028
0.299581 0.878352
0.299743 0.656191
0.299868 0.591965
0.299993 0.640099
0.300154 0.578016
0.300278 0.587441
0.300412 0.572875
0.300537 0.5789
0.300663 0.624526
0.300793 0.603541
0.300918 0.709303
0.301043 0.691037
0.301168 0.847289
0.301293 0.68935
0.301424 0.696141
0.301563 0.797276
0.301712 0.66763
0.301845 0.671874
0.301983 0.743699
0.302109 0.686898
0.302243 0.518907
0.302391 0.71562
0.302524 0.590558
0.302666 0.735724
0.302793 0.94822
0.302917 0.693288
0.303043 0.835884
0.303171 0.737908
0.303301 0.764308
0.303436 0.740129
0.303561 0.538875
0.303687 0.614703
0.303812 0.624014
0.303937 0.503806
0.304062 0.483332
0.30419 0.567307
0.304317 0.596105
0.304458 0.712094
0.304584 0.669092
0.304713 0.575756
0.304845 0.631829
0.304974 0.673552
0.305098 0.70173
0.305224 0.497426
0.305348 0.633796
0.305472 0.517894
0.305608 0.605275
0.305733 0.690969
0.305877 0.698122
0.306001 0.730667
0.306127 0.614402
0.30626 0.613182
0.306385 0.643882
0.30651 0.565808
0.306634 0.656921
0.306759 0.676565
0.3069 0.54877
0.307024 0.447988
0.307149 0.431484
0.307281 0.623163
0.307405 0.572758
0.30753 0.706757
0.307655 0.735112
0.307779 0.769308
0.30792 0.611687
0.308045 0.772851
0.30817 0.615103
0.308303 0.654877
0.308428 0.54587
0.308582 0.497593
0.308708 0.503255
0.308837 0.652874
0.308963 0.578846
0.309087 0.701497
0.309212 0.623954
0.309337 0.695065
0.309462 0.759657
0.309593 0.834728
0.309718 0.677509
0.309843 0.612043
0.309968 0.566123
0.310104 0.541824
0.310242 0.52079
0.310377 0.630932
0.310554 0.716621
0.310692 0.499629
0.310825 0.572079
0.310957 0.737111
0.311095 0.617535
0.311229 0.610597
0.311373 0.375228
0.3115 0.502266
0.311636 0.51862
0.311771 0.510421
0.311911 0.57304
0.312049 0.812392
0.312176 0.744909
0.312312 0.628467
0.312439 0.67059
0.312567 0.473537
0.312695 0.578235
0.312832 0.931213
0.312959 0.819721
0.313087 0.710367
0.313216 0.567749
0.313346 0.650329
0.313483 0.621338
0.31361 0.532535
0.313738 0.491038
0.313873 0.558029
0.314014 0.688129
0.314156 0.630715
0.314284 0.616967
0.314419 0.508065
0.314556 0.530333
0.314697 0.536111
0.314834 0.644923
0.314977 0.54818
0.315113 0.592278
0.315254 0.698652
0.315396 0.811812
0.315538 0.546877
0.315687 0.698271
0.315829 0.608626
0.315972 0.663511
0.316102 0.635567
0.316235 0.553167
0.316387 0.514097
0.316517 0.71391
0.316648 0.743534
0.316781 0.565366
0.316911 0.610635
0.31705 0.65286
0.317179 0.698442
0.317308 0.721377
0.31745 0.662758
0.317577 0.740789
0.317719 0.723663
0.317873 0.580843
0.318011 0.749719
0.318155 0.696416
0.318293 0.475261
0.318437 0.582425
0.318584 0.594027
0.31873 0.599795
0.318872 0.743095
0.319011 0.476194
0.319153 0.460491
0.319307 0.523688
0.319452 0.624325
0.319598 0.608314
0.319744 0.505998
0.319891 0.555452
0.320033 0.71548
0.320174 0.602709
0.32032 0.655136
0.320472 0.539944
0.320614 0.546293
0.320748 0.546014
0.320881 0.575489
0.321014 0.660988
0.321145 0.65667
0.321276 0.789719
0.321406 0.734274
0.321548 0.730693
0.321688 0.748091
0.321827 0.79971
0.321958 0.756663
0.3221 0.6337
0.322244 0.658432
0.322388 0.653502
0.322531 0.515334
0.322679 0.498994
0.322823 0.671502
0.322965 0.785185
0.323099 0.704125
0.323243 0.600947
0.323386 0.616174
0.323533 0.627501
0.32368 0.691689
0.323814 0.513512
0.323963 0.656567
0.324106 0.654884
0.324241 0.618993
0.324387 0.725669
0.32454 0.563169
0.324681 0.513158
0.324828 0.473804
0.324971 0.472154
0.325106 0.549564
0.325249 0.611621
0.325382 0.5787
0.325517 0.503672
0.325649 0.82324
0.325779 0.566287
0.32591 0.630255
0.326041 0.540661
0.326182 0.890075
0.326335 0.684246
0.326477 0.581454
0.326626 0.553625
0.326765 0.517284
0.326908 0.601267
0.327057 0.577416
0.327203 0.737575
0.327345 0.880621
0.327479 0.702828
0.327617 0.593509
0.327763 0.599232
0.32791 0.555289
0.328055 0.533025
0.328198 0.593168
0.328343 0.576606
0.328484 0.681441
0.328626 0.797544
0.328768 0.629254
0.328922 0.848854
0.329063 0.771423
0.329197 0.792594
0.329331 0.676915
0.329463 0.845395
0.329597 0.815987
0.329728 0.639051
0.329859 0.560695
0.330002 0.524844
0.330133 0.702276
0.330264 0.797477
0.330395 0.685798
0.330537 0.83545
0.330685 0.736173
0.330827 0.746618
0.330975 0.594822
0.331122 0.785797
0.331267 0.597023
0.331414 0.654047
0.331553 0.64385
0.331701 0.665597
0.331858 0.685769
0.332001 0.720175
0.332151 0.944311
0.33229 0.786105
0.332437 0.677254
0.332592 0.574961
0.332738 0.671938
0.332885 0.818945
0.333025 0.817353
0.333167 0.733053
0.333323 0.56931
0.333458 0.63476
0.333591 0.630424
0.333725 0.618146
0.333908 0.66613
0.334042 0.744293
0.334172 0.765623
0.334305 0.791102
0.334437 0.73481
0.334579 0.783422
0.334711 0.847743
0.334842 0.690654
0.334972 0.450959
0.335102 0.630564
0.335232 0.621296
0.335364 0.724806
0.335508 0.563135
0.335654 0.606177
0.335794 0.567243
0.335943 0.740943
0.336082 0.59016
0.336231 0.577385
0.33638 0.674829
0.336518 0.637007
0.336665 0.754146
0.336805 0.653512
0.336949 0.620354
0.3371 0.609508
0.337243 0.547057
0.337386 0.521941
0.337519 0.634473
0.337666 0.46234
0.337809 0.428239
0.337942 0.480585
0.338075 0.617763
0.338224 0.668147
0.338356 0.557071
0.338488 0.493743
0.338618 0.488944
0.338749 0.563501
0.3389 0.635337
0.339044 0.721205
0.339187 0.694277
0.339332 0.621875
0.339476 0.656279
0.339621 0.747939
0.339757 0.644743
0.339901 0.837414
0.340056 0.610536
0.340201 0.507037
0.340348 0.580208
0.340488 0.611956
0.340634 0.644184
0.340786 0.663488
0.340931 0.571837
0.341078 0.508579
0.341213 0.591039
0.341358 0.614248
0.341505 0.554951
0.341651 0.769999
0.341784 0.558715
0.341932 0.575532
0.342078 0.504039
0.342211 0.591917
0.342345 0.654912
0.342477 0.736182
0.342618 0.69807
0.342749 0.581969
0.342881 0.550593
0.343012 0.485497
0.343141 0.493114
0.343285 0.63355
0.343414 0.680888
0.343543 0.655036
0.343682 0.526022
0.343815 0.50375
0.343958 0.427412
0.344089 0.577454
0.344229 0.618173
0.34437 0.593967
0.344517 0.505625
0.344663 0.553262
0.344804 0.730742
0.344952 0.627367
0.345098 0.508508
0.345237 0.731331
0.345386 0.8163
0.345541 0.944893
0.345691 0.754142
0.345837 0.698368
0.345973 0.67424
0.346118 0.587817
0.346273 0.662128
0.346419 0.648324
0.346552 0.658284
0.346685 0.620172
0.346827 0.609287
0.346958 0.645011
0.34709 0.55984
0.34722 0.56072
0.34736 0.679258
0.347489 0.704731
0.347628 0.696622
0.347759 0.540043
0.347903 0.617937
0.348049 0.661864
0.348189 0.76602
0.348334 0.622606
0.348482 0.539879
0.348628 0.571127
0.34877 0.456939
0.348929 0.444082
0.349078 0.625834
0.349212 0.406849
0.349354 0.556939
0.3495 0.496878
0.349644 0.59232
0.349787 0.919703
0.349936 0.668911
0.350083 0.777601
0.350235 0.585045
0.350373 0.589597
0.350515 0.655511
0.350674 0.655261
0.350825 0.813148
0.350958 0.642691
0.351091 0.746673
0.351222 0.65424
0.351353 0.583963
0.351485 0.586945
0.351615 0.555095
0.351768 0.593069
0.351907 0.621899
0.352052 0.520503
0.352187 0.585575
0.352331 0.686844
0.352489 0.575508
0.352629 0.630193
0.352774 0.612931
0.352912 0.601776
0.353058 0.554497
0.353208 0.497496
0.353355 0.523394
0.353497 0.667002
0.353638 0.63248
0.353783 0.671991
0.35393 0.5472
0.354076 0.686185
0.354222 0.831646
0.354365 0.694832
0.35451 0.775662
0.354653 0.674484
0.354786 0.727713
0.354929 0.568421
0.355086 0.611525
0.355218 0.718719
0.355352 0.615105
0.355485 0.549445
0.355616 0.664942
0.355753 0.591198
0.355885 0.595081
0.356015 0.662354
0.356147 0.726173
0.356286 0.619297
0.356437 0.898195
0.356581 0.597736
0.356729 0.794863
0.356867 0.795408
0.357013 0.431333
0.357162 0.592211
0.357306 0.618429
0.357493 0.578694
0.357642 0.636958
0.357777 0.686921
0.357926 0.746329
0.358061 0.754465
0.358203 0.743791
0.358351 0.504006
0.358498 0.716333
0.358641 0.430103
0.358791 0.476066
0.358937 0.494601
0.359084 0.47422
0.359223 0.58053
0.359368 0.430468
0.359511 0.6651
0.359645 0.499178
0.359777 0.725459
0.35991 0.648725
0.360041 0.683729
0.360173 0.622675
0.360304 0.577852
0.360434 0.829887
0.360587 0.580926
0.360722 0.733208
0.360862 0.723904
0.360995 0.681473
0.361142 0.584531
0.361286 0.552673
0.361431 0.45723
0.361576 0.503135
0.361711 0.523485
0.361857 0.643762
0.362004 0.715452
0.362153 0.729425
0.362303 0.609625
0.362456 0.773154
0.362603 0.701708
0.36275 0.679241
0.362896 0.544071
0.363043 0.531642
0.363198 0.466469
0.363344 0.660745
0.363492 0.889588
0.363626 0.57124
0.363775 0.655267
0.363919 0.559738
0.364051 0.56215
0.364184 0.70078
0.364316 0.702146
0.364448 0.666981
0.364579 0.673005
0.36471 0.714709
0.364839 0.658014
0.364969 0.593596
0.365098 0.682183
0.365228 0.775075
0.365365 0.693641
0.365495 0.664567
0.365635 0.518348
0.365772 0.547689
0.365905 0.641758
0.366044 0.49339
0.366189 0.636646
0.366332 0.48292
0.366467 0.58986
0.366609 0.499398
0.36676 0.649243
0.366907 0.517876
0.367054 0.589184
0.367188 0.611025
0.367334 0.709234
0.367482 0.75054
0.367628 0.57937
0.367766 0.672469
0.367914 0.57483
0.368059 0.726061
0.368192 0.639529
0.36833 0.567181
0.36846 0.579991
0.368593 0.446125
0.368723 0.704743
0.368854 0.697016
0.369008 0.495555
0.369153 0.518075
0.369305 0.436498
0.369444 0.425747
0.369588 0.511671
0.369742 0.765252
0.369887 0.495267
0.37003 0.522882
0.370169 0.590972
0.370318 0.541537
0.370475 0.529427
0.370622 0.518563
0.370772 0.518835
0.370906 0.491125
0.371049 0.816855
0.371203 0.896799
0.37135 0.727971
0.3715 0.683789
0.371634 0.745718
0.37178 0.601217
0.371923 0.467831
0.372069 0.486921
0.372217 0.594126
0.372359 0.96379
0.372515 0.930783
0.372648 0.744718
0.372823 0.672004
0.372956 0.577206
0.3731 0.674022
0.373231 0.760488
0.373396 0.638993
0.373526 0.690441
0.373666 0.654327
0.37384 0.533873
0.373969 0.785347
0.374113 0.549735
0.374253 0.747913
0.374423 1.04161
0.374567 0.553292
0.374755 0.634773
0.374889 0.707
0.375019 0.623552
0.375156 0.664799
0.375285 0.616177
0.375422 0.556034
0.375551 0.533165
0.375707 0.453133
0.375834 0.481119
0.375961 0.532913
0.376096 0.681329
0.376222 0.655832
0.376349 0.684868
0.376475 0.579881
0.376602 0.525693
0.376746 0.443748
0.376873 0.537526
0.376999 0.491117
0.377136 0.544234
0.377267 0.660705
0.377393 0.512748
0.377519 0.559867
0.377651 0.607539
0.377776 0.658554
0.377903 0.73744
0.378028 0.920429
0.378164 0.698594
0.378289 0.740714
0.378415 0.54737
0.378542 0.598765
0.378667 0.523437
0.37879 0.402168
0.378917 0.449158
0.379042 0.551669
0.379177 0.709676
0.379301 0.72986
0.379427 0.677057
0.379561 0.79359
0.379684 0.879025
0.379833 0.650935
0.379992 0.492671
0.380128 0.655627
0.380273 0.656803
0.380397 0.582232
0.380563 0.46891
0.380688 0.48528
0.38089 0.595635
0.381015 0.686138
0.381155 0.669183
0.38128 0.598141
0.381405 0.575459
0.381573 0.470559
0.381698 0.590065
0.381837 0.620715
0.381962 0.748503
0.382142 0.747488
0.382298 0.62052
0.382487 0.611347
0.382612 0.517314
0.382737 0.528893
0.382895 0.590421
0.383019 0.526474
0.383155 0.515235
0.383289 0.711289
0.383459 0.483769
0.383586 0.495683
0.383712 0.483129
0.383853 0.464669
0.383979 0.811298
0.384129 0.852178
0.384253 0.673389
0.384383 0.547229
0.384517 0.446828
0.384643 0.551375
0.384781 0.50675
0.384907 0.662112
0.385066 0.487857
0.385201 0.604796
0.385348 0.590149
0.385482 0.552395
0.385619 0.544064
0.38578 0.560822
0.385905 0.5258
0.386044 0.537093
0.38618 0.520127
0.386318 0.427364
0.386445 0.483979
0.386591 0.525023
0.386731 0.565202
0.386855 0.615044
0.386988 0.636879
0.387113 0.612659
0.387268 0.491449
0.387394 0.766276
0.387526 0.430395
0.387669 0.587122
0.387794 0.691433
0.387928 0.438492
0.388067 0.505739
0.388191 0.575639
0.388325 0.450111
0.388451 0.579742
0.388584 0.670173
0.388709 0.450078
0.388864 0.55075
0.389005 0.650115
0.38913 0.696229
0.389309 0.563696
0.389444 0.529089
0.389589 0.698102
0.389739 0.521846
0.3899 0.631637
0.390032 0.666819
0.390209 0.687169
0.390333 0.486386
0.390457 0.552263
0.390597 0.517636
0.390725 0.457187
0.390861 0.626379
0.390992 0.494689
0.391151 0.329745
0.39129 0.456252
0.39143 0.481229
0.391573 0.542065
0.391697 0.488392
0.391862 0.510129
0.391987 0.528563
0.392126 0.550832
0.392291 0.485015
0.392428 0.595826
0.39256 0.519634
0.392684 0.295058
0.392809 0.38311
0.392941 0.342117
0.393081 0.390514
0.393213 0.397004
0.393351 0.424786
0.393534 0.604314
0.393666 0.671673
0.393801 0.52905
0.393965 0.347991
0.394122 0.361833
0.394263 0.461162
0.394387 0.546943
0.39455 0.855588
0.394675 0.425941
0.3948 0.270251
0.394957 0.738988
0.395148 0.568141
0.3953 0.602253
0.395427 0.459367
0.395573 0.721072
0.395704 0.533557
0.395835 0.573699
0.395968 0.442405
0.396103 0.575718
0.396253 0.662452
0.396393 0.580227
0.396533 0.781279
0.396661 0.615229
0.396795 0.542492
0.396928 0.597334
0.397061 0.733199
0.397207 0.706744
0.397349 0.640575
0.397489 0.816909
0.397626 0.842802
0.397757 0.469886
0.397884 0.689215
0.398012 0.585052
0.398138 0.702302
0.398264 0.569973
0.398399 0.580231
0.398525 0.630195
0.398656 0.579648
0.398784 0.463172
0.398921 0.499904
0.399076 0.534096
0.399213 0.504335
0.399354 0.528952
0.399483 0.574458
0.399623 0.514059
0.39976 0.44481
0.399902 0.553764
0.400042 0.493735
0.400184 0.488342
0.400324 0.683784
0.400452 0.546999
0.400602 0.554043
0.400728 0.494909
0.400875 0.565104
0.401003 0.567766
0.40113 0.646622
0.401258 0.473046
0.401384 0.576927
0.401511 0.557142
0.401639 0.709299
0.401764 0.57206
0.4019 0.562187
0.402025 0.584741
0.402168 0.579234
0.402312 0.632347
0.402453 0.545513
0.402594 0.610352
0.402763 0.602913
0.402898 0.482892
0.403039 0.661034
0.403179 0.61601
0.403307 0.612713
0.403444 0.476026
0.403592 0.472394
0.40373 0.548007
0.40387 0.580135
0.403998 0.646125
0.404139 0.599351
0.404271 0.596207
0.404412 0.558919
0.404549 0.560759
0.404678 0.583922
0.404816 0.471711
0.404959 0.44125
0.40509 0.616054
0.405234 0.543443
0.405374 0.592438
0.405517 0.619417
0.405657 0.540555
0.405804 0.631346
0.405944 0.529403
0.406105 0.616834
0.406235 0.790838
0.406366 0.496316
0.406497 0.710619
0.406627 0.547338
0.406756 0.5365
0.406885 0.438516
0.407013 0.581535
0.407164 0.569771
0.40731 0.550144
0.407449 0.577341
0.407583 0.528438
0.407726 0.650998
0.407882 0.557919
0.408024 0.468539
0.408164 0.410505
0.408301 0.442901
0.408446 0.533602
0.408589 0.537632
0.408734 0.518821
0.408877 0.521157
0.409012 0.530588
0.409153 0.601721
0.409287 0.429165
0.409435 0.450836
0.409581 0.557099
0.409724 0.520435
0.409869 0.773738
0.410011 0.610216
0.410147 0.67423
0.410277 0.699235
0.410411 0.546558
0.410544 0.592692
0.410675 0.747794
0.410816 0.809856
0.410954 0.77596
0.411086 0.58333
0.411218 0.574074
0.411362 0.67121
0.411501 0.486519
0.411647 0.659933
0.411791 0.583507
0.411924 0.638246
0.412064 0.647317
0.41221 0.709128
0.412349 0.578693
0.412495 0.615103
0.412644 0.58903
0.41279 0.507812
0.412937 0.807845
0.413077 0.652743
0.413224 0.553814
0.413374 0.689909
0.413518 0.584087
0.41367 0.471248
0.41381 0.51267
0.413947 0.786431
0.414104 0.847479
0.414251 0.629049
0.414399 0.882263
0.414539 0.592357
0.414673 0.46546
0.414805 0.428078
0.414939 0.685706
0.415075 0.485057
0.415218 0.670345
0.415348 0.602026
0.41548 0.651597
0.415615 0.61409
0.415759 0.498894
0.415907 0.665408
0.416052 0.602309
0.416197 0.394224
0.416333 0.674986
0.416479 0.455416
0.41662 0.45085
0.416766 0.558661
0.416912 0.594446
0.417066 0.532804
0.417211 0.516311
0.417362 0.656084
0.417501 0.627234
0.417647 0.41872
0.417802 0.412945
0.417948 0.487629
0.418086 0.424584
0.418224 0.476233
0.418366 0.539221
0.418562 0.638697
0.418703 0.617698
0.418842 0.50283
0.418976 0.503995
0.419111 0.501517
0.419255 0.444761
0.419388 0.554771
0.419521 0.512785
0.419664 0.676531
0.419796 0.479816
0.419937 0.552369
0.420069 0.488502
0.420216 0.573655
0.420353 0.736412
0.420491 0.80033
0.420638 0.719215
0.420796 0.737375
0.42094 0.549818
0.421084 0.632504
0.421224 0.576971
0.421364 0.541651
0.42152 0.559366
0.421667 0.492166
0.421815 0.677062
0.421949 0.549066
0.422098 0.596046
0.422247 0.569037
0.422392 0.684644
0.422538 0.632237
0.422679 0.78386
0.422824 0.727038
0.422975 0.591583
0.42312 0.677198
0.423266 0.578186
0.4234 0.574958
0.423541 0.716697
0.423672 0.772532
0.423805 0.736855
0.423935 0.67034
0.424066 0.539442
0.424195 0.56088
0.424325 0.630292
0.424457 0.527881
0.424587 0.484179
0.424732 0.497688
0.424868 0.404162
0.425009 0.78151
0.425159 0.732276
0.425308 0.529036
0.425449 0.600686
0.425583 0.674994
0.425725 0.866324
0.425873 0.606127
0.426018 0.674486
0.426165 0.613403
0.426299 0.634145
0.426445 0.697136
0.426591 0.891385
0.426734 0.576982
0.426877 0.664937
0.427032 0.706821
0.427176 0.736342
0.427321 0.798515
0.427454 0.800326
0.427587 0.85332
0.427736 0.581675
0.427868 0.523849
0.427999 0.516733
0.428139 0.485263
0.42827 0.73457
0.428401 0.55663
0.428534 0.591749
0.428678 0.500162
0.428832 0.59471
0.428965 0.524388
0.42911 0.585846
0.429244 0.558691
0.429395 0.509292
0.429529 0.742171
0.429674 0.752054
0.429816 0.702126
0.429962 0.583902
0.430103 0.714608
0.43025 0.809496
0.430393 0.597223
0.430538 0.532972
0.430689 0.581629
0.430835 0.525219
0.430977 0.530439
0.431116 0.513237
0.431264 0.529348
0.431419 0.583174
0.431561 0.543455
0.431695 0.675474
0.431828 0.627482
0.431961 0.78027
0.432093 0.633532
0.432225 0.639089
0.432355 0.722196
0.432497 0.615738
0.432628 0.619617
0.432758 0.681087
0.432889 0.62852
0.433018 0.466301
0.433148 0.636868
0.433278 0.52645
0.433408 0.693928
0.433556 0.883913
0.4337 0.638509
0.433843 0.76535
0.433979 0.672912
0.434119 0.720761
0.434272 0.689734
0.434412 0.479762
0.434558 0.558079
0.434691 0.56634
0.434837 0.451433
0.434984 0.431703
0.43513 0.510915
0.435273 0.543055
0.435407 0.652325
0.435567 0.616308
0.435714 0.529682
0.435855 0.578289
0.435988 0.608684
0.436122 0.633969
0.436253 0.446561
0.436388 0.571771
0.43652 0.469414
0.43665 0.546491
0.43679 0.635275
0.436919 0.638151
0.437064 0.667825
0.437199 0.571307
0.437343 0.558935
0.437485 0.594157
0.437631 0.512452
0.437772 0.60139
0.437917 0.622888
0.438058 0.502864
0.438202 0.398147
0.438336 0.376471
0.438478 0.571324
0.438634 0.527708
0.438777 0.651078
0.438923 0.688491
0.439066 0.699601
0.439211 0.550401
0.439361 0.722661
0.439506 0.562983
0.439653 0.597393
0.439787 0.490651
0.439928 0.44934
0.440075 0.457646
0.440207 0.609746
0.44034 0.534872
0.440483 0.652495
0.440614 0.574071
0.440744 0.640091
0.440876 0.712854
0.441006 0.797069
0.441136 0.62988
0.441276 0.557653
0.441416 0.513894
0.441564 0.493222
0.441709 0.467075
0.441851 0.583585
0.442047 0.663931
0.442187 0.443517
0.442326 0.520721
0.44247 0.690822
0.442613 0.565107
0.442771 0.568812
0.442915 0.332209
0.443055 0.431195
0.443201 0.477907
0.443347 0.461183
0.4435 0.516535
0.443643 0.743872
0.443791 0.702884
0.443928 0.589047
0.444072 0.617701
0.444222 0.427689
0.444369 0.532411
0.444503 0.892401
0.444648 0.77233
0.444781 0.663854
0.444912 0.528581
0.445045 0.600138
0.445176 0.558994
0.445306 0.488514
0.445438 0.43003
0.445583 0.522656
0.445723 0.639782
0.445868 0.583081
0.44601 0.567579
0.446148 0.460444
0.446291 0.494487
0.446447 0.498389
0.446592 0.599063
0.44674 0.499795
0.446881 0.539052
0.447024 0.644302
0.447181 0.768944
0.447326 0.496101
0.447474 0.655102
0.44761 0.558498
0.447756 0.614294
0.447904 0.593776
0.448043 0.502053
0.448181 0.476061
0.448332 0.661028
0.448477 0.689536
0.448623 0.517218
0.448757 0.557701
0.44889 0.608448
0.449034 0.662953
0.449165 0.675747
0.449296 0.617191
0.449429 0.6935
0.449559 0.680908
0.44969 0.546189
0.44982 0.695209
0.44996 0.645357
0.450113 0.438338
0.450261 0.548047
0.450406 0.5513
0.450539 0.547116
0.450684 0.702578
0.450826 0.415659
0.450973 0.416561
0.451115 0.482526
0.451267 0.590858
0.451413 0.549636
0.451555 0.461361
0.451697 0.51483
0.45184 0.665661
0.451995 0.556566
0.452137 0.606131
0.452282 0.496585
0.452426 0.498573
0.452572 0.499084
0.452723 0.513134
0.452855 0.614875
0.452998 0.614917
0.453132 0.745261
0.453263 0.680982
0.453407 0.68674
0.45354 0.702345
0.453672 0.755135
0.45381 0.719778
0.453941 0.59799
0.454072 0.607302
0.454203 0.613777
0.454332 0.470229
0.454475 0.455772
0.454606 0.6147
0.454736 0.749146
0.454867 0.657013
0.455011 0.554843
0.455151 0.566699
0.45529 0.586114
0.455428 0.632666
0.455582 0.473316
0.455723 0.610922
0.455869 0.608846
0.456008 0.569578
0.456152 0.682563
0.45631 0.526766
0.456453 0.463832
0.456599 0.433639
0.456733 0.425749
0.456866 0.505589
0.456999 0.567303
0.457131 0.532479
0.457263 0.45305
0.457404 0.780593
0.457555 0.511124
0.457692 0.58313
0.457833 0.497634
0.457973 0.84708
0.458122 0.636056
0.458297 0.532621
0.458434 0.505525
0.458566 0.473864
0.458772 0.556922
0.458914 0.527827
0.459058 0.690088
0.459218 0.834082
0.45936 0.671306
0.459497 0.557056
0.459637 0.554996
0.459777 0.521937
0.459922 0.491649
0.460063 0.547469
0.460199 0.533156
0.460347 0.63689
0.46048 0.748238
0.460615 0.578832
0.460751 0.805268
0.460902 0.741805
0.461053 0.746356
0.461202 0.637142
0.461341 0.793764
0.461487 0.774747
0.461656 0.598741
0.461799 0.517349
0.461948 0.483126
0.4621 0.656601
0.462233 0.739352
0.462366 0.638656
0.462499 0.79427
0.462631 0.693173
0.462773 0.699912
0.462903 0.553911
0.463034 0.754054
0.463164 0.563901
0.463294 0.602593
0.463423 0.591377
0.463554 0.61925
0.463684 0.651509
0.463822 0.679901
0.463961 0.89532
0.464106 0.740872
0.464247 0.631508
0.464388 0.528704
0.46454 0.632522
0.464685 0.775999
0.464829 0.77511
0.464963 0.687444
0.465109 0.537071
0.465252 0.597927
0.465395 0.593908
0.465539 0.581112
0.465736 0.621364
0.465881 0.698663
0.466025 0.721558
0.466169 0.731268
0.466303 0.699145
0.466437 0.745695
0.466572 0.790023
0.466704 0.645093
0.466837 0.410818
0.466969 0.588468
0.467111 0.577446
0.467252 0.687861
0.467398 0.525047
0.467538 0.566933
0.467683 0.520114
0.467826 0.683843
0.467967 0.538109
0.468113 0.531063
0.468248 0.627787
0.468393 0.591955
0.468541 0.712007
0.468676 0.619074
0.468823 0.580271
0.468969 0.569624
0.469116 0.503412
0.469261 0.480276
0.469397 0.592606
0.46954 0.427395
0.469696 0.386639
0.469829 0.439615
0.469972 0.569007
0.470107 0.624679
0.470252 0.518057
0.470396 0.460527
0.470529 0.449652
0.470661 0.502588
0.470811 0.600532
0.470942 0.681314
0.471072 0.659731
0.471204 0.583174
0.471334 0.62836
0.471464 0.708667
0.4716 0.601215
0.471743 0.79006
0.471893 0.575353
0.472037 0.46026
0.472184 0.539634
0.472317 0.564606
0.472454 0.606641
0.472611 0.631562
0.472755 0.534581
0.472901 0.468797
0.473035 0.555742
0.473184 0.593909
0.473339 0.513743
0.473489 0.71342
0.473635 0.520156
0.473772 0.52427
0.473922 0.470019
0.474074 0.55506
0.474221 0.620226
0.474368 0.713414
0.474511 0.665501
0.474661 0.551835
0.474793 0.509895
0.474927 0.450212
0.47506 0.446565
0.475202 0.600858
0.475333 0.641099
0.475466 0.607046
0.475598 0.49684
0.475728 0.459013
0.47587 0.395318
0.476002 0.538014
0.476157 0.578204
0.476314 0.561082
0.476458 0.464631
0.476603 0.521052
0.47674 0.691654
0.47689 0.588884
0.477044 0.485385
0.477186 0.701481
0.477333 0.773645
0.477475 0.916576
0.477621 0.721023
0.477777 0.65633
0.477919 0.636982
0.47806 0.549249
0.478193 0.625131
0.478333 0.60453
0.478479 0.607468
0.478628 0.58344
0.47877 0.567396
0.478904 0.604057
0.47905 0.525354
0.479183 0.517768
0.479317 0.641364
0.479449 0.654336
0.479585 0.657779
0.479716 0.506531
0.479848 0.577887
0.47998 0.626846
0.480122 0.713149
0.480264 0.594455
0.480405 0.500067
0.480549 0.535814
0.480704 0.417736
0.480849 0.413153
0.480995 0.585568
0.481137 0.382312
0.481277 0.527019
0.481432 0.457847
0.481579 0.552719
0.481726 0.890375
0.481864 0.63122
0.482011 0.744891
0.482155 0.543169
0.482302 0.54826
0.482444 0.609372
0.482578 0.612249
0.48272 0.767846
0.482867 0.610092
0.483011 0.699539
0.483157 0.614292
0.483312 0.550964
0.483444 0.558632
0.483576 0.525754
0.48371 0.555467
0.483839 0.586233
0.483971 0.490237
0.484102 0.556022
0.484233 0.648158
0.484373 0.539072
0.484502 0.597525
0.484632 0.569717
0.484763 0.568795
0.484892 0.526537
0.485023 0.469203
0.485167 0.492593
0.48531 0.625816
0.485457 0.593027
0.485601 0.621495
0.485742 0.510186
0.48588 0.6431
0.486023 0.797086
0.486192 0.668155
0.486336 0.740561
0.486482 0.630963
0.486616 0.70278
0.486763 0.544695
0.486905 0.579164
0.487052 0.68032
0.487195 0.585424
0.48733 0.510853
0.487475 0.614041
0.487608 0.566104
0.487741 0.556054
0.487874 0.633778
0.488016 0.694431
0.488147 0.578945
0.488278 0.863652
0.48841 0.55666
0.488541 0.759063
0.48868 0.760997
0.488814 0.403768
0.48896 0.555439
0.489129 0.583272
0.489316 0.549682
0.489461 0.594852
0.489606 0.661183
0.489755 0.718729
0.489903 0.714025
0.490041 0.711666
0.490176 0.467791
0.490311 0.677125
0.490446 0.394905
0.490581 0.449097
0.490726 0.45966
0.49086 0.442081
0.490994 0.549913
0.491128 0.392255
0.491262 0.626779
0.491395 0.465642
0.49153 0.678916
0.491663 0.618325
0.491815 0.65165
0.491948 0.580432
0.492082 0.536689
0.492216 0.783817
0.492351 0.546981
0.492482 0.700811
0.492625 0.682621
0.492774 0.645865
0.492905 0.55817
0.493043 0.514646
0.4932 0.424409
0.493339 0.470711
0.493484 0.488219
0.493622 0.603259
0.493766 0.682774
0.493922 0.688312
0.494062 0.571589
0.494213 0.736997
0.494347 0.665328
0.49449 0.641297
0.494637 0.510504
0.494778 0.502109
0.494922 0.428558
0.495056 0.622799
0.495201 0.859395
0.495346 0.544611
0.495479 0.628803
0.495621 0.531755
0.495777 0.525178
0.495923 0.66891
0.496071 0.667525
0.496204 0.632668
0.496336 0.649177
0.496479 0.689571
0.496609 0.635138
0.49674 0.555376
0.496881 0.65357
0.497011 0.749739
0.497158 0.660826
0.497292 0.644669
0.497436 0.481756
0.497578 0.517347
0.497726 0.599152
0.497882 0.452122
0.498017 0.598479
0.498161 0.443787
0.498304 0.561009
0.498451 0.472356
0.498593 0.612917
0.498727 0.479555
0.498874 0.553747
0.499022 0.584601
0.499169 0.683143
0.499316 0.708686
0.499469 0.558202
0.499615 0.650063
0.499761 0.531054
0.499908 0.70006
0.50005 0.588152
0.500205 0.539507
0.500348 0.550942
0.500481 0.413763
0.500622 0.668942
0.500754 0.670307
0.500886 0.463722
0.501019 0.487263
0.50115 0.405289
0.501291 0.390681
0.501422 0.482293
0.501561 0.735213
0.501693 0.456955
0.501837 0.487919
0.50198 0.554697
0.502118 0.503434
0.502264 0.499172
0.502397 0.489106
0.502545 0.476485
0.502688 0.460679
0.502834 0.789523
0.502967 0.864663
0.503111 0.699931
0.503258 0.652675
0.503409 0.716683
0.503553 0.576307
0.503699 0.444051
0.503849 0.453145
0.503995 0.570237
0.50414 0.931413
0.504283 0.900596
0.50443 0.708217
0.504586 0.632766
0.504728 0.540365
0.504862 0.638192
0.504996 0.73277
0.505129 0.613833
0.505263 0.654933
0.505394 0.623958
0.505526 0.498622
0.505666 0.761538
0.505796 0.521543
0.505941 0.712856
0.506073 1.00147
0.506223 0.521969
0.50637 0.601901
0.506509 0.6787
0.506657 0.594549
0.50679 0.634673
0.506937 0.580654
0.507082 0.518751
0.507224 0.502368
0.507366 0.426799
0.50752 0.454983
0.507663 0.501317
0.507806 0.645127
0.507944 0.626048
0.508091 0.649583
0.508246 0.535514
0.508391 0.500576
0.508538 0.414703
0.508671 0.509126
0.508818 0.451639
0.508971 0.511526
0.509103 0.626218
0.509236 0.475841
0.509371 0.531424
0.509501 0.575213
0.509634 0.626314
0.509775 0.703153
0.509904 0.896919
0.510036 0.672766
0.510179 0.705479
0.510321 0.519326
0.510463 0.58041
0.510597 0.492181
0.510743 0.375862
0.510876 0.421111
0.511021 0.521898
0.511172 0.68127
0.511317 0.694715
0.511461 0.649166
0.5116 0.768316
0.511742 0.846024
0.511902 0.6222
0.512044 0.463109
0.512191 0.622996
0.512329 0.614552
0.512465 0.544579
0.512618 0.439738
0.512764 0.450586
0.512916 0.564019
0.513051 0.656385
0.513198 0.63925
0.513362 0.573113
0.513494 0.544183
0.513627 0.436902
0.513767 0.56721
0.513899 0.587221
0.51403 0.722299
0.51416 0.712519
0.514291 0.591296
0.514424 0.578472
0.514554 0.493803
0.514683 0.503988
0.514814 0.563766
0.514944 0.497772
0.515096 0.48137
0.515245 0.686223
0.515393 0.452019
0.515525 0.468346
0.515673 0.446668
0.515809 0.441259
0.515959 0.777057
0.516107 0.816869
0.51624 0.642746
0.516385 0.521025
0.516535 0.414059
0.516681 0.526676
0.516833 0.475469
0.516976 0.632851
0.517122 0.4571
0.517272 0.571392
0.517418 0.564575
0.517565 0.518286
0.517714 0.510355
0.517845 0.536553
0.517987 0.492658
0.518123 0.504974
0.518257 0.491105
0.518392 0.398568
0.518525 0.453439
0.518668 0.493481
0.518811 0.531321
0.518956 0.584538
0.519113 0.611285
0.519256 0.576935
0.519403 0.463972
0.519556 0.747837
0.519698 0.40722
0.519857 0.560465
0.520008 0.663336
0.520158 0.409213
0.520309 0.47816
0.520458 0.543991
0.520606 0.419975
0.520758 0.555178
0.520912 0.634871
0.521059 0.41923
0.521213 0.517168
0.521361 0.611264
0.521515 0.661941
0.521668 0.532179
0.52182 0.499029
0.521967 0.669949
0.522102 0.495882
0.522236 0.607497
0.52237 0.630884
0.522515 0.658273
0.522647 0.464462
0.522777 0.524837
0.522909 0.491779
0.523049 0.428433
0.523191 0.601971
0.523326 0.458246
0.523466 0.301597
0.523622 0.420787
0.523775 0.44956
0.523921 0.503779
0.524054 0.461112
0.524201 0.470383
0.524347 0.497351
0.524497 0.527657
0.524639 0.456186
0.524777 0.568018
0.524927 0.487617
0.525071 0.272526
0.525213 0.350448
0.525362 0.31554
0.525498 0.355628
0.525645 0.371438
0.525791 0.393833
0.525937 0.576203
0.526084 0.646183
0.526239 0.493813
0.526373 0.319797
0.526506 0.337316
0.526637 0.432531
0.526769 0.51831
0.5269 0.837189
0.527032 0.400129
0.527162 0.244625
0.527345 0.711127
0.527477 0.568579
0.527628 0.436155
0.527765 0.692623
0.527911 0.512234
0.528056 0.547532
0.528195 0.404947
0.528346 0.551357
0.528488 0.633469
0.528637 0.552839
0.528783 0.754662
0.528926 0.592421
0.529072 0.514314
0.529224 0.569223
0.529363 0.717382
0.529515 0.674372
0.529669 0.612183
0.52982 0.795493
0.529964 0.82133
0.530103 0.441212
0.530248 0.657547
0.530405 0.558401
0.530549 0.674157
0.530702 0.536396
0.530835 0.551186
0.530967 0.602683
0.531104 0.550202
0.531235 0.435679
0.531367 0.471168
0.531508 0.50719
0.531638 0.478904
0.531768 0.502862
0.531899 0.548573
0.532029 0.486107
0.532158 0.42105
0.532288 0.523073
0.532428 0.459415
0.532569 0.458622
0.532709 0.652689
0.532857 0.516789
0.532995 0.518563
0.533145 0.472173
0.533302 0.539172
0.533446 0.538608
0.533592 0.61961
0.533726 0.448051
0.533872 0.55179
0.534028 0.52986
0.534175 0.680171
0.534324 0.546158
0.534458 0.535765
0.534604 0.552907
0.534752 0.550256
0.534898 0.594565
0.535031 0.517569
0.53518 0.581828
0.535313 0.573332
0.535444 0.455851
0.535576 0.62987
0.535706 0.593006
0.535836 0.579301
0.535968 0.456032
0.536111 0.448896
0.536269 0.53116
0.536417 0.548318
0.536562 0.620939
0.536697 0.571877
0.536847 0.570142
0.537004 0.527425
0.537151 0.528271
0.537298 0.555648
0.537446 0.450076
0.537592 0.412453
0.537752 0.594062
0.537899 0.516332
0.538046 0.564667
0.538181 0.590699
0.538333 0.50742
0.538479 0.601227
0.538631 0.504456
0.538781 0.587279
0.538924 0.766058
0.53907 0.472181
0.539216 0.686033
0.539355 0.522133
0.539489 0.509341
0.53963 0.415057
0.539762 0.556182
0.539894 0.541756
0.540026 0.525318
0.540158 0.551109
0.540289 0.502954
0.540419 0.617863
0.540563 0.532415
0.540694 0.444235
0.54084 0.388969
0.540984 0.425989
0.541124 0.500856
0.541269 0.509566
0.54141 0.491331
0.541553 0.493249
0.5417 0.505684
0.541837 0.571209
0.541985 0.407712
0.54214 0.432109
0.542283 0.527619
0.54243 0.491641
0.542564 0.747942
0.542714 0.589784
0.542856 0.648458
0.542993 0.674789
0.543126 0.514019
0.543265 0.570096
0.543397 0.72164
0.543528 0.786843
0.543662 0.746438
0.543793 0.561196
0.543932 0.548315
0.544062 0.641996
0.544191 0.467564
0.544341 0.632577
0.54447 0.560726
0.544622 0.61005
0.544755 0.628816
0.544906 0.674799
0.545082 0.547
0.545224 0.57336
0.545354 0.567651
0.545496 0.485762
0.545645 0.784747
0.545831 0.622653
0.545975 0.523494
0.546107 0.656849
0.546243 0.564277
0.546388 0.451199
0.54652 0.485597
0.546658 0.752281
0.546813 0.823443
0.546955 0.610535
0.547101 0.865158
0.547244 0.56852
0.54739 0.446432
0.547541 0.404871
0.547689 0.663724
0.547839 0.464008
0.547974 0.64645
0.548106 0.57745
0.54825 0.609896
0.548382 0.595339
0.548515 0.475779
0.548654 0.643403
0.548784 0.578859
0.548914 0.375094
0.549045 0.650394
0.549188 0.426307
0.549332 0.428519
0.549479 0.532553
0.549624 0.566829
0.549761 0.513379
0.549897 0.495108
0.550043 0.633348
0.550189 0.60621
0.550336 0.396302
0.550471 0.390058
0.550604 0.465287
0.550737 0.398935
0.55087 0.444683
0.551007 0.512033
0.551199 0.614287
0.551338 0.586706
0.551487 0.479222
0.551633 0.474193
0.551781 0.476786
0.551928 0.42962
0.55207 0.530537
0.552205 0.487483
0.552338 0.655215
0.55247 0.456507
0.552612 0.52501
0.552743 0.471967
0.552876 0.547518
0.553017 0.713143
0.553147 0.77697
0.553277 0.692704
0.553417 0.708671
0.553552 0.529213
0.553705 0.605944
0.553836 0.546138
0.553981 0.51465
0.554115 0.534468
0.55426 0.469386
0.554407 0.651015
0.554551 0.532494
0.554692 0.579422
0.554828 0.551219
0.554972 0.663266
0.55512 0.619846
0.555265 0.767898
0.555411 0.702463
0.555559 0.56745
0.555705 0.65393
0.555851 0.549719
0.555987 0.547893
0.556147 0.699876
0.556304 0.756122
0.556452 0.712851
0.556598 0.646787
0.556732 0.521119
0.556864 0.536042
0.557005 0.599678
0.557141 0.50811
0.557283 0.457415
0.557415 0.477683
0.557547 0.389009
0.557688 0.758083
0.557833 0.706118
0.557962 0.508251
0.558103 0.582986
0.55825 0.651723
0.558381 0.843227
0.558513 0.594002
0.558643 0.660619
0.558786 0.59057
0.558933 0.605138
0.559079 0.668591
0.55922 0.864345
0.559363 0.551518
0.559505 0.642689
0.559643 0.684097
0.559789 0.714775
0.559944 0.777512
0.560088 0.785085
0.560238 0.836073
0.560384 0.55355
0.560527 0.494981
0.56068 0.494045
0.560815 0.465781
0.56095 0.715371
0.561086 0.543197
0.561217 0.570773
0.561351 0.482281
0.561482 0.572934
0.561614 0.507304
0.561753 0.565861
0.561895 0.531694
0.56204 0.488319
0.562178 0.720147
0.562326 0.732939
0.562475 0.681041
0.562621 0.558923
0.562762 0.699992
0.562895 0.778912
0.563036 0.572698
0.563181 0.505882
0.563321 0.559471
0.563454 0.501717
0.563596 0.506455
0.563742 0.489957
0.563883 0.509504
0.56402 0.566001
0.56417 0.518036
0.564313 0.663096
0.564453 0.599489
0.564595 0.749966
0.564731 0.609869
0.564873 0.616028
0.565036 0.690326
0.565167 0.595803
0.5653 0.597822
0.565432 0.656991
0.565563 0.605889
0.565694 0.443316
0.565825 0.605404
0.565956 0.49777
0.566096 0.679049
0.566225 0.856262
0.566368 0.615109
0.566499 0.734473
0.566643 0.645163
0.566788 0.701829
0.566935 0.667145
0.567077 0.455587
0.56723 0.5359
0.567372 0.540747
0.567523 0.427586
0.567669 0.411055
0.567814 0.48705
0.567962 0.522039
0.568106 0.628605
0.568247 0.595124
0.568382 0.510575
0.568523 0.554399
0.568678 0.581383
0.568824 0.602381
0.56897 0.426356
0.569108 0.54575
0.569258 0.449117
0.569413 0.523207
0.569546 0.61182
0.569678 0.611934
0.569811 0.635944
0.569943 0.553575
0.570075 0.536089
0.570206 0.57375
0.570336 0.490077
0.570488 0.57524
0.570626 0.597563
0.570769 0.48474
0.570901 0.378862
0.571049 0.353318
0.57119 0.550099
0.571339 0.510297
0.571482 0.627856
0.571617 0.666694
0.571763 0.668858
0.571908 0.523059
0.572054 0.699775
0.572201 0.540446
0.572345 0.571729
0.572495 0.466387
0.572641 0.430842
0.57278 0.44006
0.572925 0.592423
0.57308 0.514577
0.573222 0.629906
0.573363 0.550885
0.573496 0.617509
0.573642 0.694278
0.573784 0.780019
0.573917 0.609369
0.574051 0.534548
0.574186 0.492661
0.574317 0.473525
0.574453 0.445614
0.574584 0.56296
0.574762 0.641808
0.574892 0.419996
0.575024 0.499884
0.575156 0.671621
0.575288 0.543412
0.57543 0.551998
0.575575 0.315972
0.575721 0.400983
0.575864 0.461055
0.575999 0.441457
0.576158 0.491819
0.576302 0.713837
0.576451 0.684712
0.576591 0.576241
0.576735 0.596055
0.576891 0.408006
0.577037 0.515402
0.577183 0.877665
0.577322 0.755866
0.577471 0.648964
0.577623 0.513599
0.577774 0.577807
0.577916 0.534479
0.578061 0.46966
0.578192 0.402964
0.578325 0.508621
0.578457 0.619291
0.578588 0.561514
0.578727 0.547509
0.578858 0.440528
0.578988 0.481453
0.579119 0.484738
0.579266 0.581966
0.579414 0.478011
0.57956 0.514841
0.579701 0.620336
0.579834 0.749564
0.57998 0.476766
0.580127 0.636945
0.580269 0.537306
0.580421 0.593584
0.580568 0.574809
0.580707 0.481129
0.58085 0.459261
0.580991 0.637847
0.581133 0.667273
0.581267 0.498281
0.581411 0.53465
0.581558 0.58712
0.581701 0.648229
0.581847 0.65706
0.581992 0.597181
0.582137 0.673786
0.582277 0.663731
0.58242 0.532546
0.582552 0.672938
0.582695 0.62145
0.582825 0.423016
0.582956 0.532654
0.583089 0.53468
0.583218 0.523078
0.583362 0.688714
0.583501 0.388434
0.583633 0.398406
0.583785 0.465163
0.583918 0.575742
0.58405 0.523412
0.584182 0.442245
0.584323 0.498232
0.584478 0.645308
0.58462 0.536341
0.584767 0.585497