0.000984495 2.50761
0.00145975 2.50962
0.00190736 2.50587
0.00231822 2.5041
0.0029598 2.50998
0.00338766 2.51138
0.00395497 2.50979
0.00436939 2.49506
0.00489482 2.50365
0.00528988 2.49223
0.00570193 2.50948
0.00617206 2.50778
0.00656712 2.50443
0.0069768 2.5051
0.00742361 2.50142
0.00789532 2.50411
0.00835754 2.49972
0.0087368 2.4932
0.00908722 2.49892
0.00944593 2.49494
0.00987063 2.50146
0.010304 2.49135
0.0107358 2.48508
0.0113248 2.50595
0.0116832 2.50021
0.0121442 2.49666
0.0125203 2.49343
0.0130529 2.49603
0.0135534 2.4984
0.013845 2.48922
0.0142274 2.48648
0.0145703 2.49329
0.0149235 2.49027
0.0153098 2.48443
0.015716 2.48636
0.0161565 2.48517
0.0165642 2.49592
0.0169466 2.48163
0.0173887 2.47588
0.0177983 2.4829
0.0182795 2.48084
0.0186667 2.47676
0.0190633 2.48899
0.0194896 2.4813
0.0197835 2.48304
0.0201126 2.48434
0.0204879 2.47902
0.02096 2.46933
0.0213614 2.48628
0.0216901 2.48291
0.0220488 2.48249
0.0224727 2.47383
0.0228903 2.48023
0.0233774 2.48506
0.0237602 2.47601
0.0241019 2.48313
0.0244986 2.48358
0.0249166 2.48151
0.0253045 2.48186
0.0256992 2.4664
0.0260129 2.46973
0.0264229 2.46926
0.0267749 2.47819
0.0273075 2.45213
0.0277014 2.47222
0.0280684 2.47529
0.0285136 2.46138
0.028945 2.4702
0.0294677 2.47401
0.0298849 2.47097
0.0302053 2.46016
0.0305845 2.47559
0.0309093 2.46152
0.031266 2.4727
0.0317231 2.46361
0.0320913 2.45179
0.0325519 2.46692
0.033045 2.45765
0.0334349 2.46133
0.0337608 2.46532
0.0341946 2.44777
0.0346604 2.46808
0.0349713 2.46518
0.0353529 2.46584
0.0356773 2.46171
0.0359898 2.45986
0.0363153 2.44099
0.0367147 2.45471
0.0372409 2.45045
0.0377332 2.46482
0.0381369 2.45678
0.0384767 2.46167
0.0391728 2.46257
0.039522 2.45488
0.0398989 2.4443
0.0406428 2.45355
0.0409664 2.44555
0.0413073 2.45667
0.0417573 2.45696
0.0422215 2.44916
0.0426995 2.4561
0.0432257 2.45677
0.0436227 2.44569
0.0440368 2.4423
0.0444303 2.44968
0.0449355 2.44027
0.0454266 2.43682
0.0458552 2.44832
0.046319 2.44786
0.0467074 2.44478
0.0470973 2.44959
0.0476295 2.43491
0.0480822 2.45035
0.0484326 2.44605
0.048853 2.46053
0.0492263 2.4451
0.0495487 2.43315
0.050003 2.43686
0.0504004 2.43885
0.0508741 2.43255
0.0513968 2.44241
0.0517764 2.42722
0.0522746 2.44346
0.0529146 2.44102
0.0532828 2.42279
0.0537845 2.44299
0.0543163 2.42217
0.0547651 2.42414
0.055191 2.43353
0.055524 2.43421
0.0559451 2.42503
0.056275 2.43789
0.0567001 2.4259
0.0574799 2.41528
0.0580812 2.43032
0.0585691 2.41823
0.0590428 2.42334
0.0594248 2.43535
0.0598661 2.42807
0.0603422 2.42676
0.060774 2.41873
0.0612362 2.42585
0.0617964 2.41555
0.062355 2.42708
0.0627829 2.42236
0.0631226 2.42286
0.0635153 2.41626
0.0639131 2.41326
0.0644717 2.41604
0.064934 2.42148
0.065282 2.40799
0.0658422 2.41105
0.0661756 2.40812
0.0667564 2.40521
0.0672838 2.39299
0.0677733 2.41258
0.0681774 2.41432
0.0686033 2.40792
0.0689731 2.40396
0.0694392 2.39412
0.0698793 2.4127
0.0704115 2.38716
0.0709132 2.40574
0.0713916 2.39704
0.071925 2.40796
0.0724105 2.39528
0.0731034 2.39358
0.0734519 2.39749
0.0739919 2.38973
0.0743672 2.4026
0.0747477 2.389
0.0752087 2.35189
0.075669 2.40958
0.0762272 2.38758
0.0766183 2.39593
0.0771682 2.39146
0.0776858 2.39919
0.0780504 2.37593
0.0784561 2.38043
0.078854 2.37847
0.0793355 2.38655
0.0798128 2.37886
0.0802608 2.37198
0.0807763 2.39077
0.0811686 2.39377
0.0815621 2.39191
0.0818841 2.37398
0.0825225 2.38395
0.0829203 2.36292
0.0833818 2.39581
0.0840119 2.36159
0.0845298 2.37693
0.0851109 2.37835
0.0856747 2.38678
0.0862345 2.37751
0.0866556 2.35252
0.0870321 2.36652
0.0874398 2.36483
0.0878377 2.34246
0.0883382 2.35763
0.0888688 2.35968
0.0893922 2.35103
0.0897905 2.36494
0.0902622 2.34658
0.0907943 2.36065
0.0911925 2.37135
0.0915896 2.36089
0.092023 2.36636
0.0924311 2.36385
0.0929636 2.35874
0.0933796 2.34014
0.0937316 2.35049
0.094184 2.34628
0.094724 2.34833
0.0950811 2.34676
0.0955106 2.33423
0.0959819 2.35352
0.0965124 2.33786
0.0969853 2.32336
0.0973919 2.31594
0.0979114 2.3212
0.0983712 2.326
0.0990065 2.32893
0.0995639 2.32552
0.100245 2.3392
0.100776 2.30188
0.101269 2.34266
0.101921 2.35943
0.109939 2.32146
0.110474 2.29472
0.110959 2.29324
0.111424 2.32475
0.111959 2.35807
0.112586 2.34634
0.113069 2.3437
0.113521 2.33014
0.114054 2.31545
0.11439 2.30674
0.11476 2.33157
0.115382 2.33891
0.115864 2.3275
0.116538 2.31172
0.117121 2.32268
0.117499 2.28899
0.118071 2.33864
0.118638 2.317
0.119077 2.32637
0.119635 2.3378
0.120228 2.30457
0.120651 2.30287
0.12114 2.31454
0.121547 2.32109
0.122148 2.3185
0.122637 2.31461
0.123026 2.287
0.123415 2.31094
0.123938 2.26884
0.124581 2.27871
0.125141 2.28857
0.12574 2.28553
0.126228 2.27445
0.126751 2.26963
0.127284 2.28313
0.127875 2.28475
0.128398 2.25541
0.128828 2.26909
0.129612 2.28211
0.130097 2.25596
0.130483 2.26459
0.130931 2.2718
0.131402 2.25795
0.131954 2.27716
0.132433 2.29773
0.132936 2.26551
0.133357 2.30251
0.133848 2.28198
0.134359 2.23394
0.134913 2.25523
0.135454 2.24136
0.135988 2.22437
0.136491 2.27561
0.136957 2.28793
0.137535 2.24373
0.138048 2.2212
0.13844 2.23707
0.138936 2.23765
0.139441 2.21944
0.140037 2.22644
0.140617 2.23704
0.141236 2.22926
0.141699 2.21668
0.142146 2.25088
0.142627 2.25592
0.143283 2.25362
0.143754 2.20996
0.144156 2.24833
0.144666 2.2076
0.145326 2.21936
0.145873 2.20566
0.146365 2.24728
0.146832 2.16637
0.147372 2.24278
0.148047 2.17346
0.148629 2.19085
0.149048 2.1823
0.149549 2.15718
0.150085 2.17539
0.150647 2.22386
0.151248 2.20581
0.151873 2.18149
0.152497 2.23624
0.15302 2.19189
0.153442 2.17378
0.153854 2.1538
0.154354 2.16336
0.154842 2.15582
0.155464 2.19256
0.156049 2.20132
0.156438 2.17356
0.157146 2.13941
0.157624 2.18216
0.158417 2.18874
0.158928 2.1905
0.159377 2.18358
0.159919 2.21906
0.160441 2.16548
0.161097 2.18722
0.16153 2.1606
0.16211 2.11166
0.162691 2.18535
0.163323 2.17909
0.163942 2.16616
0.164616 2.14497
0.165487 2.14772
0.165873 2.09208
0.166562 2.16845
0.167095 2.20176
0.1677 2.13967
0.168246 2.09846
0.16877 2.12739
0.169229 2.12859
0.169854 2.14219
0.170216 2.16702
0.170884 2.15357
0.171422 2.14443
0.171869 2.15644
0.172401 2.15374
0.172901 2.10594
0.173308 2.08416
0.173713 2.11733
0.174282 2.13552
0.174718 2.11696
0.17535 2.11733
0.175905 2.08171
0.176347 2.10165
0.176811 2.10629
0.177435 2.08775
0.177979 2.10826
0.178532 2.15442
0.179074 2.11447
0.179524 2.08451
0.18013 2.11439
0.180786 2.10867
0.181273 2.07263
0.181764 2.08469
0.182291 2.06765
0.182641 2.01717
0.183315 2.06663
0.183761 2.04668
0.184383 2.12678
0.184991 2.03816
0.185467 2.08418
0.185966 2.03427
0.186518 2.00778
0.18704 2.06479
0.187744 2.02591
0.188208 1.98552
0.18861 2.02275
0.189036 2.01173
0.189478 2.01533
0.189928 2.005
0.190477 2.02388
0.191106 2.11998
0.191602 2.09303
0.192121 2.05856
0.19269 1.94648
0.193261 2.08969
0.193702 2.11165
0.194275 2.06042
0.194739 2.05602
0.19541 2.05273
0.19613 1.9935
0.196501 2.02921
0.196874 2.08742
0.197328 2.00428
0.197873 2.0134
0.19839 2.0559
0.198847 1.97529
0.199589 1.92477
0.200309 2.01013
0.200661 1.99646
0.201248 1.99065
0.201837 1.94436
0.202615 1.98654
0.203184 1.9928
0.203908 2.00436
0.204351 1.99112
0.204736 2.05675
0.205328 2.00144
0.205923 1.92465
0.206535 1.902
0.206966 1.95561
0.207379 2.04395
0.207835 2.02514
0.20819 1.94421
0.208655 1.97363
0.209171 1.90812
0.20981 1.9179
0.210316 1.97983
0.210842 2.00958
0.211422 1.93313
0.211869 1.97114
0.212343 2.01198
0.212831 1.96938
0.213424 1.92829
0.214082 1.89695
0.214597 1.88728
0.215068 1.89332
0.215747 1.94018
0.216458 1.9538
0.217 1.87535
0.217477 1.88691
0.217906 1.87878
0.2183 1.95495
0.218853 1.83434
0.219345 1.85049
0.219835 1.87174
0.220406 1.89517
0.221177 1.89571
0.221623 1.96057
0.222012 1.89725
0.222481 1.89166
0.222996 1.89861
0.223566 1.8212
0.224185 1.87234
0.224665 1.9122
0.225143 1.88147
0.225808 1.94113
0.226564 1.84287
0.226921 1.89976
0.227504 1.87313
0.227986 1.89744
0.228465 1.87654
0.228868 1.85166
0.229332 1.81989
0.229851 1.86751
0.230432 1.78502
0.231278 1.8536
0.231686 1.88301
0.2322 1.8871
0.232847 1.73196
0.233364 1.74935
0.233925 1.71559
0.23436 1.86766
0.234909 1.73878
0.235276 1.79003
0.235876 1.85326
0.236471 1.71754
0.236924 1.92563
0.237304 1.75155
0.237826 1.83631
0.238303 1.77849
0.238802 1.81815
0.239517 1.90359
0.240168 1.82039
0.240756 1.83301
0.241135 1.86566
0.241715 1.89583
0.242183 1.80637
0.242736 1.81198
0.243305 1.86307
0.243888 1.84258
0.244366 1.73088
0.245031 1.77148
0.245616 1.78778
0.246223 1.69819
0.246757 1.77662
0.247342 1.80007
0.247745 1.77926
0.248327 1.74736
0.248733 1.76363
0.249415 1.70086
0.249988 1.81865
0.250568 1.82113
0.25102 1.79387
0.251801 1.78064
0.25242 1.78821
0.252838 1.75347
0.253303 1.75125
0.253868 1.71529
0.254229 1.75761
0.254837 1.7352
0.25539 1.7235
0.25594 1.78575
0.25632 1.63339
0.256675 1.74881
0.257168 1.7846
0.257602 1.67246
0.258107 1.72337
0.258574 1.712
0.259153 1.71518
0.259949 1.68505
0.260367 1.70547
0.260886 1.73209
0.261375 1.77098
0.261955 1.69064
0.262474 1.58305
0.26303 1.70431
0.263453 1.67387
0.26394 1.73209
0.264401 1.60091
0.264879 1.72223
0.265259 1.81787
0.265733 1.67052
0.266513 1.75506
0.267128 1.86648
0.267621 1.81398
0.268122 1.7699
0.268648 1.72642
0.269038 1.75998
0.26936 1.68434
0.269836 1.68789
0.270615 1.61089
0.271075 1.76105
0.271643 1.72753
0.272035 1.58726
0.272515 1.69354
0.272996 1.75454
0.273492 1.75878
0.273877 1.55085
0.274669 1.70428
0.275125 1.68339
0.275645 1.68527
0.276129 1.70177
0.276665 1.59824
0.277028 1.69204
0.277379 1.60611
0.277864 1.66188
0.278509 1.63738
0.278869 1.5427
0.279404 1.61083
0.279898 1.62409
0.280333 1.66109
0.280661 1.63354
0.281313 1.64324
0.281864 1.54664
0.282445 1.65767
0.282986 1.58489
0.283752 1.61715
0.284183 1.7061
0.284651 1.71703
0.285184 1.6681
0.285682 1.65559
0.286174 1.59126
0.286601 1.64695
0.287096 1.6642
0.287547 1.66265
0.288101 1.68837
0.288518 1.64468
0.289096 1.65977
0.289467 1.70456
0.29009 1.68062
0.290564 1.60004
0.290967 1.67573
0.291411 1.54161
0.292056 1.62117
0.292514 1.66456
0.293041 1.64299
0.293607 1.68315
0.294202 1.6046
0.295076 1.64868
0.295387 1.68795
0.29611 1.6726
0.296579 1.78322
0.296922 1.75403
0.297612 1.57443
0.298063 1.57232
0.298603 1.65346
0.29918 1.56907
0.299846 1.62766
0.300426 1.53962
0.300918 1.63805
0.301347 1.71448
0.301774 1.61268
0.302385 1.72371
0.302925 1.57137
0.303586 1.54786
0.303942 1.55387
0.304473 1.54937
0.304976 1.61167
0.305467 1.71925
0.30604 1.65134
0.306658 1.5684
0.307109 1.66061
0.307539 1.57159
0.307977 1.57657
0.308843 1.71073
0.309373 1.73069
0.309851 1.64368
0.310538 1.56211
0.311067 1.51981
0.311457 1.5244
0.312029 1.65085
0.312344 1.6033
0.3129 1.61504
0.313517 1.56261
0.313993 1.51832
0.314619 1.59619
0.315195 1.61519
0.315594 1.52082
0.316074 1.51826
0.31643 1.4975
0.316855 1.44895
0.317464 1.45656
0.318109 1.58405
0.318704 1.63756
0.319412 1.57325
0.319937 1.53433
0.320559 1.46514
0.321073 1.53655
0.321515 1.4923
0.322034 1.56658
0.322615 1.58865
0.323133 1.55476
0.323643 1.47617
0.324136 1.48518
0.324718 1.52497
0.325237 1.55804
0.325674 1.55124
0.326234 1.40822
0.326637 1.34112
0.327139 1.63712
0.327698 1.56572
0.328218 1.51723
0.328702 1.61467
0.329254 1.63126
0.329841 1.49234
0.330462 1.4829
0.330988 1.43946
0.331417 1.53682
0.332132 1.46632
0.33267 1.44656
0.333098 1.50615
0.333521 1.56528
0.334021 1.56169
0.334565 1.5267
0.334869 1.52319
0.33542 1.42796
0.33582 1.61335
0.336537 1.46901
0.337026 1.51887
0.337446 1.54452
0.337941 1.61372
0.338338 1.54856
0.338793 1.44254
0.339373 1.46163
0.339819 1.50105
0.340162 1.35457
0.340519 1.42405
0.341101 1.4382
0.341617 1.48073
0.342124 1.49289
0.342686 1.40482
0.343144 1.46519
0.343925 1.51588
0.344427 1.58729
0.344843 1.55458
0.345432 1.56559
0.346067 1.50787
0.346425 1.44539
0.347044 1.46813
0.347423 1.54942
0.347948 1.48727
0.348426 1.5282
0.349 1.43409
0.349531 1.51552
0.350013 1.47283
0.350497 1.36626
0.350981 1.37402
0.351559 1.44313
0.352128 1.49579
0.352484 1.44397
0.352895 1.48253
0.3533 1.45529
0.353787 1.37953
0.354204 1.4916
0.354671 1.62233
0.355175 1.4545
0.355669 1.37731
0.356198 1.36719
0.356658 1.48015
0.357174 1.59047
0.357628 1.5974
0.358182 1.55545
0.358629 1.63261
0.359049 1.42907
0.35973 1.4334
0.360216 1.57353
0.361076 1.5726
0.361502 1.50129
0.361965 1.45935
0.362464 1.50472
0.362903 1.43045
0.363306 1.62561
0.363791 1.51695
0.364359 1.48627
0.364865 1.61829
0.36541 1.46039
0.365821 1.45494
0.366347 1.47247
0.366814 1.56016
0.367407 1.58084
0.367871 1.59827
0.368473 1.42043
0.369077 1.46858
0.369506 1.38557
0.370048 1.37959
0.37046 1.48641
0.370991 1.44809
0.371576 1.45268
0.372127 1.44129
0.372672 1.424
0.37321 1.40844
0.37361 1.28804
0.374157 1.38602
0.374716 1.44656
0.375169 1.33227
0.375629 1.42517
0.37619 1.46342
0.376804 1.41619
0.37729 1.47724
0.377794 1.51684
0.37824 1.40272
0.378913 1.49449
0.379452 1.43718
0.379869 1.37697
0.380424 1.39264
0.380996 1.45682
0.381406 1.33335
0.382322 1.45282
0.382729 1.52834
0.383211 1.38355
0.38364 1.31981
0.384346 1.41004
0.384777 1.38445
0.385313 1.30816
0.385663 1.41686
0.386268 1.38942
0.386974 1.40751
0.387559 1.34197
0.388177 1.47794
0.388746 1.53513
0.389242 1.46555
0.38978 1.40232
0.390706 1.48698
0.391237 1.38382
0.391826 1.41505
0.392325 1.38307
0.392692 1.48949
0.393217 1.33866
0.393817 1.47074
0.394227 1.31423
0.394654 1.32523
0.39523 1.33935
0.395641 1.25578
0.396173 1.33033
0.396811 1.5324
0.397345 1.43664
0.397944 1.37296
0.39831 1.50071
0.398805 1.44315
0.399489 1.36503
0.399928 1.3122
0.400431 1.38847
0.40102 1.30757
0.401536 1.39677
0.401851 1.42313
0.402359 1.36425
0.40285 1.26393
0.403309 1.39897
0.404058 1.39327
0.404473 1.49918
0.404966 1.49819
0.405498 1.50519
0.405906 1.37579
0.406435 1.42852
0.407196 1.37707
0.407544 1.31286
0.408057 1.44997
0.408747 1.48286
0.409318 1.43619
0.409849 1.35464
0.41033 1.38319
0.410652 1.32498
0.41126 1.4375
0.411802 1.53611
0.412452 1.35983
0.412867 1.22606
0.413364 1.27751
0.414077 1.29775
0.414618 1.35461
0.415097 1.4347
0.415684 1.42708
0.416208 1.45507
0.416621 1.42863
0.417122 1.46061
0.417505 1.299
0.417988 1.25548
0.418368 1.33585
0.418855 1.44741
0.419315 1.39379
0.419706 1.41818
0.420168 1.29123
0.420698 1.33198
0.421301 1.4145
0.421939 1.31018
0.422346 1.36156
0.422937 1.44781
0.423422 1.41522
0.423976 1.35383
0.424471 1.42323
0.424909 1.40624
0.425343 1.29497
0.425748 1.33756
0.426328 1.33656
0.426987 1.2486
0.427611 1.32513
0.42811 1.31744
0.42866 1.46629
0.429018 1.32976
0.429446 1.38398
0.429953 1.33511
0.430668 1.23955
0.431333 1.39494
0.431868 1.25863
0.432324 1.20564
0.432812 1.32356
0.433399 1.25404
0.434058 1.31452
0.434644 1.27475
0.435086 1.2693
0.435639 1.54676
0.43618 1.44957
0.436739 1.3849
0.437217 1.1773
0.437764 1.48571
0.43822 1.53671
0.43858 1.36679
0.439142 1.404
0.439707 1.37881
0.440253 1.30629
0.440717 1.35449
0.441087 1.56027
0.441518 1.31765
0.441915 1.35502
0.442337 1.38394
0.442767 1.26655
0.44337 1.18037
0.443838 1.34162
0.444346 1.3699
0.444845 1.28783
0.445293 1.21377
0.445723 1.25803
0.446156 1.31862
0.446824 1.32623
0.447328 1.37042
0.448027 1.49249
0.448676 1.37141
0.449412 1.2367
0.449903 1.15396
0.450445 1.32652
0.450946 1.46571
0.451349 1.48983
0.451787 1.28755
0.452435 1.3707
0.452878 1.23458
0.453292 1.25564
0.453631 1.36868
0.454082 1.34337
0.454493 1.2478
0.454903 1.38024
0.455242 1.41414
0.455684 1.29383
0.456134 1.26556
0.456608 1.23874
0.457056 1.24428
0.457545 1.21737
0.458 1.33504
0.458357 1.413
0.458924 1.20953
0.459391 1.24197
0.459889 1.2512
0.460309 1.33659
0.460926 1.22262
0.461397 1.22764
0.461961 1.25067
0.462477 1.21253
0.462854 1.28374
0.463298 1.35937
0.463637 1.26896
0.464149 1.27935
0.464558 1.32032
0.464911 1.18639
0.465278 1.2383
0.465771 1.34375
0.466279 1.23681
0.466697 1.3901
0.4671 1.25013
0.467676 1.30644
0.46806 1.3313
0.468445 1.29748
0.469035 1.26516
0.469427 1.2423
0.470018 1.15966
0.470412 1.22356
0.470903 1.19905
0.471238 1.25846
0.471668 1.25732
0.472093 1.28818
0.472564 1.05984
0.473167 1.09602
0.473633 1.09243
0.474059 1.32833
0.474442 1.12959
0.474991 1.12503
0.475604 1.33803
0.476057 1.06098
0.476495 1.40101
0.476962 1.22605
0.477359 1.31729
0.477713 1.19777
0.478355 1.30177
0.478811 1.3902
0.47926 1.26001
0.479621 1.31192
0.480048 1.36451
0.480601 1.46087
0.481055 1.2566
0.481579 1.31877
0.482043 1.32976
0.482677 1.30508
0.483044 1.17094
0.48364 1.22894
0.48423 1.25347
0.484724 1.15066
0.485259 1.22356
0.485693 1.2815
0.486175 1.25581
0.486602 1.20887
0.487089 1.25389
0.487421 1.18283
0.488121 1.3176
0.488718 1.2785
0.48916 1.28673
0.48964 1.29463
0.490182 1.28811
0.490718 1.24939
0.491151 1.27577
0.491797 1.1838
0.49218 1.23393
0.492654 1.2641
0.493192 1.2374
0.493668 1.27041
0.494037 1.12474
0.494505 1.24475
0.494945 1.29461
0.495362 1.22813
0.495729 1.24832
0.496249 1.28726
0.496596 1.2742
0.497244 1.16702
0.497584 1.2527
0.498003 1.26094
0.498433 1.29034
0.499024 1.1998
0.499439 1.06097
0.499886 1.22224
0.500445 1.19215
0.500868 1.26253
0.501331 1.0829
0.501838 1.22598
0.502332 1.36995
0.502731 1.27826
0.50322 1.27153
0.503727 1.46063
0.504229 1.3712
0.504761 1.3191
0.505134 1.264
0.505557 1.31046
0.506057 1.3024
0.506408 1.28845
0.506955 1.19016
0.507446 1.37559
0.507826 1.29886
0.508354 1.14991
0.508992 1.30063
0.509541 1.36392
0.510026 1.38135
0.510442 1.09705
0.510806 1.25124
0.511212 1.27044
0.511747 1.29362
0.512232 1.25158
0.512583 1.15
0.512882 1.25504
0.513403 1.15774
0.513767 1.22671
0.514219 1.22549
0.514598 1.14313
0.515042 1.14341
0.515444 1.15574
0.515806 1.24423
0.516281 1.23278
0.516717 1.19842
0.517187 1.13954
0.517675 1.25615
0.518169 1.17469
0.51862 1.17652
0.519003 1.39169
0.519466 1.37816
0.520021 1.2594
0.52056 1.25019
0.52107 1.17672
0.521637 1.25758
0.522087 1.24366
0.522585 1.28511
0.523159 1.34103
0.523714 1.27544
0.524337 1.25536
0.524727 1.35713
0.525258 1.35282
0.525804 1.19895
0.526342 1.26589
0.526812 1.14728
0.527357 1.22616
0.527859 1.30087
0.528234 1.26272
0.528726 1.34215
0.529183 1.2503
0.529758 1.3215
0.530207 1.37092
0.530671 1.32538
0.531112 1.41942
0.531548 1.42921
0.532023 1.21843
0.532467 1.16495
0.532951 1.29034
0.533441 1.1888
0.533975 1.21361
0.534544 1.1867
0.534965 1.28084
0.535646 1.38146
0.53619 1.28597
0.536812 1.39204
0.537362 1.21997
0.537806 1.16474
0.538305 1.18081
0.538708 1.203
0.539139 1.27922
0.539744 1.37191
0.540232 1.34059
0.540643 1.23637
0.541153 1.3203
0.541606 1.22852
0.54203 1.24212
0.542522 1.40145
0.542901 1.40421
0.54332 1.31423
0.543732 1.19337
0.544302 1.15611
0.544779 1.13583
0.545212 1.28495
0.545728 1.23411
0.546164 1.2587
0.546531 1.20536
0.547087 1.17085
0.547495 1.25151
0.548056 1.29632
0.548641 1.19333
0.549106 1.19012
0.549592 1.21214
0.550085 1.08798
0.550646 1.12339
0.55125 1.2438
0.551774 1.33045
0.552287 1.27901
0.552868 1.21759
0.553396 1.11946
0.553786 1.16905
0.554249 1.19201
0.554849 1.24487
0.555334 1.33536
0.55578 1.23107
0.556409 1.13602
0.556868 1.16793
0.55735 1.19877
0.557814 1.2542
0.558266 1.20807
0.558825 1.04856
0.559245 1.06861
0.559784 1.3117
0.560387 1.26021
0.560985 1.17853
0.561539 1.33295
0.562052 1.34074
0.562557 1.19235
0.562961 1.16579
0.563376 1.11429
0.563782 1.2397
0.564236 1.14402
0.56478 1.10787
0.565166 1.18591
0.56566 1.23704
0.566092 1.26008
0.566804 1.23127
0.567334 1.22707
0.567908 1.11319
0.568374 1.31657
0.568829 1.18328
0.569316 1.24468
0.569785 1.26531
0.570454 1.32839
0.570962 1.25977
0.571557 1.15875
0.571987 1.14692
0.572729 1.2358
0.57324 1.05172
0.573725 1.12572
0.574314 1.1451
0.574953 1.20782
0.575451 1.20907
0.575965 1.1157
0.576386 1.1634
0.576931 1.23248
0.577461 1.34058
0.577917 1.30459
0.578438 1.33221
0.578904 1.22968
0.579274 1.1582
0.579935 1.17537
0.580594 1.31304
0.581102 1.20328
0.581631 1.26151
0.582212 1.16012
0.582801 1.23398
0.583523 1.20946
0.58392 1.08394
0.584413 1.08377
0.584869 1.18107
0.58528 1.23906
0.585863 1.1922
0.586429 1.2679
0.586804 1.19354
0.587253 1.1113
0.587589 1.19359
0.588289 1.38079
0.588782 1.20662
0.58926 1.13732
0.58988 1.13472
0.59042 1.21079
0.590924 1.31495
0.591399 1.36722
0.592027 1.30245
0.592734 1.41719
0.593373 1.17284
0.593928 1.18311
0.594668 1.33345
0.595327 1.34127
0.595756 1.25053
0.59631 1.22495
0.596747 1.24412
0.597396 1.21344
0.597882 1.39657
0.598297 1.29509
0.598715 1.21886
0.599139 1.39726
0.599507 1.21493
0.599918 1.20456
0.6005 1.21615
0.600989 1.32781
0.601648 1.35653
0.602165 1.40115
0.602631 1.15543
0.603224 1.21691
0.603669 1.17676
0.604191 1.14377
0.604696 1.25679
0.605178 1.2044
0.605689 1.25088
0.606089 1.21202
0.606627 1.1662
0.607229 1.1491
0.60776 1.02222
0.608298 1.13116
0.608881 1.19478
0.609384 1.06375
0.609796 1.18339
0.610279 1.24996
0.610787 1.19214
0.611323 1.25103
0.61187 1.28633
0.612628 1.13659
0.613256 1.22813
0.613648 1.18216
0.614128 1.13409
0.614708 1.13925
0.615283 1.25279
0.61579 1.107
0.616395 1.20132
0.616834 1.28595
0.61723 1.14548
0.617738 1.07358
0.618328 1.20472
0.618871 1.15766
0.619457 1.04756
0.619972 1.17908
0.620595 1.1351
0.620989 1.19576
0.62144 1.1183
0.621907 1.29858
0.622314 1.36574
0.622734 1.24461
0.623226 1.19142
0.623664 1.25138
0.6242 1.17429
0.624707 1.17901
0.625121 1.17949
0.625484 1.27769
0.625895 1.14183
0.626344 1.27
0.626778 1.1168
0.627477 1.08527
0.628109 1.10758
0.62853 1.02779
0.629123 1.11471
0.629569 1.35293
0.630161 1.23968
0.630597 1.18207
0.630987 1.3064
0.631602 1.25482
0.632159 1.17309
0.632652 1.11041
0.633176 1.18169
0.633748 1.10014
0.634112 1.18729
0.634662 1.20446
0.635161 1.14184
0.635617 1.05153
0.636157 1.21765
0.636522 1.18219
0.637002 1.32051
0.637426 1.3004
0.637923 1.28289
0.638405 1.15371
0.639072 1.22586
0.639664 1.18529
0.640282 1.13801
0.640806 1.26698
0.641264 1.31402
0.641792 1.25538
0.642203 1.16095
0.642673 1.1744
0.643208 1.15171
0.643726 1.2504
0.644209 1.33435
0.64461 1.17137
0.645051 1.00915
0.645402 1.05363
0.645834 1.07942
0.646216 1.15174
0.646727 1.25226
0.6474 1.23134
0.647868 1.27978
0.648401 1.22933
0.649002 1.27782
0.649568 1.11192
0.650118 1.04734
0.650653 1.1458
0.651086 1.27466
0.651478 1.2319
0.651993 1.24801
0.652481 1.09819
0.652929 1.13374
0.65342 1.25713
0.654049 1.14208
0.654472 1.18185
0.654961 1.25174
0.65556 1.24005
0.65589 1.18222
0.656413 1.26284
0.656836 1.22557
0.657231 1.10273
0.6579 1.1502
0.658391 1.14121
0.658826 1.07969
0.659197 1.14379
0.65956 1.14979
0.660153 1.28529
0.660788 1.16565
0.661218 1.20754
0.661677 1.17036
0.662176 1.0593
0.662718 1.2453
0.663318 1.06045
0.663891 1.00276
0.664449 1.17537
0.664939 1.07711
0.665296 1.13773
0.665849 1.08312
0.666402 1.08489
0.666933 1.41443
0.667514 1.2731
0.667929 1.21831
0.668434 1.0104
0.668798 1.32583
0.669277 1.39068
0.669862 1.18929
0.6705 1.25493
0.671083 1.21655
0.671659 1.14622
0.672156 1.2014
0.67266 1.44224
0.673234 1.15186
0.673818 1.20111
0.674221 1.20022
0.674594 1.1018
0.675133 1.00733
0.675713 1.17353
0.676308 1.22344
0.676732 1.1174
0.677188 1.04375
0.677646 1.07799
0.678338 1.15147
0.67881 1.1449
0.679118 1.23511
0.679647 1.35242
0.680261 1.20639
0.680698 1.08707
0.68138 0.974888
0.681817 1.17831
0.682387 1.29059
0.682832 1.37322
0.683297 1.12323
0.683675 1.22208
0.684242 1.07571
0.684748 1.09653
0.685108 1.22172
0.685596 1.15929
0.686179 1.0748
0.686665 1.22986
0.687213 1.24551
0.68777 1.12256
0.688299 1.1027
0.68874 1.0775
0.689213 1.1202
0.689749 1.04785
0.690159 1.18953
0.690781 1.2936
0.691347 1.0492
0.691827 1.07731
0.692312 1.11218
0.692897 1.16438
0.693369 1.09669
0.693927 1.08619
0.694471 1.09189
0.694976 1.0292
0.695449 1.1225
0.695928 1.1943
0.696344 1.11113
0.696929 1.13332
0.697384 1.18782
0.697834 1.02989
0.698491 1.07227
0.699049 1.18994
0.699428 1.06413
0.699825 1.24008
0.70046 1.09856
0.700908 1.15884
0.701506 1.20141
0.701965 1.13837
0.702449 1.10328
0.702952 1.09271
0.703379 0.982583
0.703768 1.0445
0.704295 1.0604
0.704722 1.10096
0.705304 1.08302
0.705721 1.12338
0.706137 0.895424
0.706689 0.933698
0.707241 0.954957
0.707881 1.18683
0.708439 0.991557
0.708881 0.959231
0.709416 1.22674
0.710107 0.904275
0.710624 1.2131
0.711061 1.09353
0.711576 1.18289
0.711935 1.06573
0.712489 1.16865
0.712988 1.2419
0.713461 1.12001
0.71387 1.19139
0.714268 1.23102
0.71486 1.35623
0.715257 1.12414
0.715771 1.19208
0.716504 1.16498
0.717051 1.16078
0.717547 1.02811
0.718154 1.08121
0.718668 1.10658
0.719178 1.01723
0.719738 1.08431
0.720327 1.14676
0.720798 1.11697
0.721372 1.07494
0.72205 1.13651
0.72254 1.05969
0.723224 1.18565
0.723748 1.1262
0.724282 1.14786
0.724845 1.15422
0.725302 1.1554
0.725698 1.12213
0.726186 1.16611
0.726586 1.0326
0.726976 1.10203
0.727362 1.15443
0.727929 1.11664
0.728346 1.13264
0.728687 0.997593
0.729259 1.1155
0.729798 1.16111
0.730185 1.12729
0.730572 1.1241
0.731016 1.17555
0.731456 1.16397
0.731879 1.03289
0.732197 1.12567
0.733053 1.12275
0.733835 1.15984
0.734271 1.06823
0.734777 0.945865
0.735318 1.09634
0.735934 1.07219
0.736414 1.12651
0.736912 0.961959
0.737347 1.09542
0.737916 1.24284
0.73854 1.19521
0.738949 1.13324
0.739517 1.33998
0.740099 1.23446
0.740595 1.18773
0.741092 1.13168
0.741533 1.17096
0.741958 1.20884
0.742412 1.17466
0.742992 1.08144
0.743389 1.27256
0.743778 1.1831
0.744443 1.04749
0.74494 1.20011
0.745382 1.26908
0.745845 1.27624
0.746338 0.983733
0.746793 1.12596
0.747461 1.16736
0.747942 1.18893
0.748719 1.12465
0.749375 1.03758
0.749794 1.12149
0.750233 1.0477
0.750592 1.10772
0.75108 1.11693
0.751598 1.04793
0.75208 1.00766
0.752601 1.01766
0.753159 1.13618
0.753723 1.11851
0.754278 1.06371
0.754741 1.03122
0.755241 1.14063
0.755767 1.06211
0.756216 1.06244
0.756757 1.30171
0.757281 1.28285
0.75782 1.14082
0.758257 1.12931
0.758622 1.06487
0.759135 1.15342
0.759653 1.1212
0.759997 1.18052
0.760484 1.26357
0.760962 1.16795
0.761555 1.13741
0.762193 1.26565
0.762805 1.25785
0.763227 1.08787
0.763699 1.13391
0.764243 1.03877
0.76464 1.1167
0.764995 1.18415
0.765361 1.16168
0.765871 1.25419
0.766279 1.16507
0.766834 1.22
0.767436 1.2816
0.767816 1.22388
0.768425 1.30801
0.768955 1.3444
0.769585 1.11097
0.770185 1.04495
0.770697 1.17758
0.771083 1.07832
0.771634 1.09386
0.772044 1.09677
0.772611 1.17266
0.77316 1.27022
0.773662 1.18213
0.774196 1.27628
0.774642 1.11595
0.775079 1.06004
0.775558 1.07006
0.776226 1.10223
0.776784 1.1819
0.77729 1.25828
0.777813 1.24163
0.778217 1.14427
0.778679 1.21075
0.779161 1.11882
0.779517 1.14765
0.780061 1.30983
0.78056 1.29011
0.781129 1.22441
0.781754 1.07764
0.782574 1.05179
0.783189 1.0168
0.783543 1.15861
0.784112 1.12284
0.784646 1.14588
0.785301 1.09454
0.785711 1.06746
0.786182 1.14452
0.786643 1.20245
0.787376 1.0993
0.787918 1.09252
0.788578 1.14134
0.789108 0.984179
0.789695 1.02498
0.790295 1.13955
0.79067 1.23815
0.791175 1.18786
0.791926 1.12189
0.792519 1.01544
0.792868 1.06249
0.793412 1.11981
0.793759 1.14739
0.794425 1.26698
0.79499 1.13237
0.795412 1.03579
0.795963 1.06756
0.796529 1.09518
0.796979 1.15045
0.79745 1.10234
0.79806 0.93797
0.798702 0.995965
0.799159 1.20154
0.799714 1.16915
0.800209 1.07146
0.800777 1.2396
0.801201 1.24304
0.8018 1.09985
0.802173 1.06532
0.802595 1.01988
0.803078 1.14869
0.803595 1.04443
0.804137 1.01139
0.804647 1.09172
0.805117 1.13519
0.805626 1.16773
0.806142 1.13966
0.806617 1.13681
0.807154 1.01862
0.807846 1.21855
0.808226 1.08764
0.808728 1.16491
0.809343 1.18005
0.809839 1.22945
0.810372 1.16394
0.811028 1.07254
0.811631 1.05913
0.812199 1.1565
0.81267 0.956754
0.813186 1.04789
0.813842 1.05381
0.814263 1.12254
0.814851 1.11952
0.815305 1.03175
0.815696 1.05971
0.816218 1.14597
0.816698 1.25746
0.817137 1.23072
0.817957 1.26207
0.818517 1.14294
0.81916 1.06998
0.819626 1.0763
0.820244 1.2305
0.820626 1.10817
0.821034 1.16995
0.821487 1.07244
0.821963 1.13945
0.822591 1.12862
0.823071 0.990695
0.823499 0.992477
0.823921 1.09399
0.824426 1.15102
0.824848 1.10659
0.825404 1.20244
0.825976 1.11476
0.826605 1.02283
0.827084 1.08844
0.827534 1.29733
0.828026 1.12995
0.828385 1.06379
0.828982 1.05767
0.829557 1.11919
0.830085 1.21426
0.830532 1.29369
0.830907 1.21704
0.831517 1.33576
0.831959 1.0914
0.832463 1.10547
0.833095 1.24564
0.833573 1.26945
0.834002 1.16816
0.834679 1.16072
0.835187 1.14804
0.83562 1.15301
0.836097 1.31653
0.836577 1.22191
0.837107 1.12609
0.837744 1.31664
0.838285 1.1404
0.838743 1.12598
0.839244 1.13389
0.839841 1.24185
0.840312 1.26608
0.840802 1.31969
0.841219 1.06292
0.841674 1.13155
0.842254 1.11625
0.842702 1.07208
0.843248 1.16911
0.843738 1.1193
0.844354 1.18616
0.844866 1.13228
0.84558 1.07977
0.846133 1.06639
0.846555 0.937166
0.847231 1.04544
0.847671 1.1083
0.848223 0.978141
0.848786 1.09776
0.849191 1.18641
0.849578 1.12242
0.849989 1.17507
0.850362 1.21125
0.851073 1.045
0.851475 1.12946
0.851972 1.1048
0.852523 1.04746
0.852892 1.06134
0.853301 1.17366
0.853913 1.03005
0.854357 1.11853
0.854969 1.20516
0.855531 1.06578
0.855973 0.987361
0.856413 1.13762
0.856871 1.08332
0.857409 0.95957
0.857822 1.09296
0.858443 1.04797
0.859026 1.12386
0.859481 1.04878
0.860296 1.24674
0.860819 1.31735
0.861529 1.17264
0.861835 1.11504
0.862363 1.15756
0.862966 1.10379
0.863341 1.09654
0.863824 1.11065
0.864343 1.201
0.864731 1.074
0.865262 1.20157
0.865804 1.05735
0.866349 1.00556
0.866849 1.02924
0.86761 0.961434
0.868012 1.03735
0.868448 1.28565
0.868959 1.17129
0.869466 1.11721
0.869985 1.23551
0.870448 1.18556
0.870835 1.10865
0.871277 1.04956
0.871842 1.10557
0.872321 1.03477
0.872743 1.11461
0.873237 1.12222
0.873721 1.0691
0.874412 0.986654
0.874898 1.15198
0.875369 1.1044
0.875833 1.25504
0.876277 1.22798
0.876716 1.19736
0.877029 1.07528
0.877697 1.15798
0.878436 1.1159
0.879037 1.08193
0.879518 1.19512
0.880126 1.25067
0.880837 1.1864
0.88132 1.09937
0.881915 1.1005
0.882369 1.09291
0.882788 1.19059
0.883174 1.25309
0.883701 1.1073
0.884065 0.940769
0.884723 0.978325
0.885219 1.00368
0.885615 1.07976
0.886207 1.1869
0.886687 1.15923
0.887184 1.20772
0.887638 1.15843
0.888182 1.20646
0.888833 1.05087
0.889398 0.976658
0.889871 1.07794
0.89045 1.21173
0.890786 1.17943
0.891243 1.18322
0.891781 1.02916
0.892214 1.06152
0.892782 1.20577
0.893391 1.09004
0.893844 1.12031
0.894282 1.1789
0.894653 1.18075
0.895216 1.11955
0.895697 1.21135
0.896234 1.16488
0.896791 1.03483
0.897316 1.07658
0.897721 1.0653
0.898304 1.02579
0.898781 1.07827
0.899372 1.09355
0.899985 1.21843
0.900395 1.10722
0.901076 1.14242
0.901484 1.10163
0.902024 0.998036
0.902485 1.1935
0.902889 0.990903
0.903511 0.92997
0.903979 1.12398
0.904348 1.01085
0.904734 1.06622
0.905318 1.01096
0.905879 1.01135
0.906352 1.35923
0.90679 1.20579
0.907298 1.15928
0.907902 0.956813
0.908541 1.26608
0.908885 1.32991
0.909394 1.12208
0.909939 1.19994
0.910578 1.15739
0.910931 1.0885
0.911341 1.15141
0.911817 1.3859
0.912345 1.09414
0.912854 1.14851
0.913273 1.1332
0.91365 1.04068
0.914121 0.948965
0.914475 1.10619
0.914977 1.16656
0.915531 1.05675
0.915951 0.985944
0.916524 1.0114
0.916984 1.08738
0.917465 1.07752
0.917968 1.18633
0.91836 1.29954
0.918885 1.14106
0.919352 1.03665
0.919864 0.914364
0.920338 1.12433
0.920832 1.21925
0.921314 1.32556
0.921739 1.06242
0.922252 1.15844
0.922671 1.01782
0.923179 1.03618
0.923713 1.16726
0.924362 1.08969
0.924781 1.01568
0.925285 1.17307
0.925731 1.1801
0.926071 1.06146
0.926493 1.0461
0.926868 1.01446
0.927369 1.07853
0.927866 0.982777
0.928455 1.13413
0.928897 1.24556
0.929297 0.990004
0.929759 1.018
0.930181 1.05995
0.930778 1.09651
0.931299 1.04511
0.931753 1.03305
0.932232 1.02966
0.93265 0.960323
0.933057 1.05621
0.933511 1.13051
0.93393 1.05087
0.934469 1.08102
0.935007 1.13821
0.935402 0.97095
0.935828 1.01022
0.936178 1.12841
0.936585 0.997921
0.93699 1.18026
0.93748 1.03889
0.937851 1.10324
0.938221 1.1497
0.938735 1.07766
0.939175 1.04207
0.939512 1.03791
0.940082 0.914648
0.940551 0.972667
0.94104 1.00648
0.941669 1.03422
0.942144 1.01732
0.942614 1.05852
0.943007 0.836474
0.943403 0.869719
0.94384 0.904343
0.944465 1.12997
0.944845 0.938978
0.945297 0.903926
0.945702 1.18703
0.946121 0.847381
0.946731 1.03952
0.947083 1.12556
0.947487 1.0115
0.947989 1.11268
0.948348 1.18032
0.948712 1.06737
0.949192 1.14874
0.949681 1.17482
0.950118 1.31522
0.950673 1.07132
0.951083 1.13969
0.95167 1.09141
0.952107 1.10409
0.952488 0.974591
0.953064 1.02255
0.953391 1.0452
0.953887 0.966402
0.954328 1.02942
0.954776 1.09003
0.955147 1.05626
0.955617 1.0225
0.956177 1.091
0.956691 1.01216
0.95704 1.13162
0.957645 1.06635
0.958168 1.08952
0.958515 1.09483
0.959006 1.10162
0.959372 1.0722
0.960059 1.11966
0.960453 0.972236
0.960966 1.05165
0.961418 1.11072
0.96195 1.06846
0.962691 1.07519
0.96335 0.948195
0.964016 1.06639
0.964408 1.1051
0.96482 1.08262
0.965241 1.07143
0.965654 1.12875
0.96603 1.12039
0.966357 0.981498
0.967067 1.06943
0.967408 1.06375
0.967816 1.10343
0.968331 1.01417
0.968722 0.908063
0.969107 1.04229
0.969731 1.02251
0.970127 1.06789
0.970553 0.919781
0.97103 1.04069
0.971683 1.1922
0.972146 1.16569
0.972742 1.07455
0.973147 1.28788
0.973807 1.1782
0.974238 1.12981
0.974664 1.07627
0.975 1.10988
0.975433 1.16935
0.975784 1.11426
0.976277 1.0361
0.976688 1.22589
0.977461 1.13156
0.977899 1.00873
0.978381 1.15398
0.978862 1.23064
0.979437 1.23041
0.979916 0.936971
0.980508 1.07806
0.981054 1.12513
0.981742 1.1394
0.982203 1.07528
0.982633 0.993618
0.983056 1.06615
0.983359 1.00272
0.983888 1.06023
0.984502 1.07465
0.984991 1.01035
0.985369 0.952403
0.985797 0.959322
0.986167 1.09068
0.986546 1.06676
0.986936 1.00522
0.987421 0.987647
0.98786 1.09259
0.988372 1.01546
0.988973 1.01926
0.989404 1.26172
0.990111 1.23835
0.990626 1.09335
0.990989 1.07326
0.991454 1.01871
0.991813 1.10949
0.99226 1.072
0.992655 1.14062
0.993081 1.23397
0.993548 1.12256
0.993972 1.08503
0.994468 1.22808
0.994981 1.21172
0.995401 1.04043
0.995827 1.07604
0.996431 0.992511
0.996857 1.07651
0.997223 1.1307
0.997653 1.12223
0.99808 1.21911
0.998442 1.13031
0.999048 1.16973
0.999506 1.23771
0.999927 1.17933
1.00034 1.26147
1.00086 1.31332
1.00121 1.05953
1.00156 0.995306
1.002 1.13003
1.00262 1.03183
1.00304 1.04556
1.00369 1.05969
1.00415 1.1251
1.00453 1.21888
1.00505 1.13863
1.00549 1.22077
1.00604 1.06816
1.00673 1.01599
1.00721 1.02105
1.00762 1.05784
1.00816 1.14086
1.00863 1.20701
1.00928 1.19108
1.00959 1.1048
1.01001 1.15947
1.01062 1.0637
1.01123 1.10521
1.01184 1.26502
1.0124 1.23381
1.01283 1.1869
1.01329 1.02611
1.01392 1.00645
1.01468 0.967142
1.01502 1.10361
1.01552 1.07751
1.01608 1.09622
1.01658 1.04441
1.01724 1.02194
1.0178 1.09499
1.01834 1.158
1.01884 1.0587
1.01943 1.04906
1.01986 1.10721
1.02036 0.941264
1.02074 0.979275
1.0214 1.09333
1.02188 1.1935
1.02234 1.1434
1.02279 1.07681
1.0234 0.969989
1.02391 1.02025
1.02462 1.08919
1.02507 1.10342
1.02571 1.23753
1.02619 1.08809
1.02663 0.993559
1.02719 1.02139
1.02765 1.04682
1.0284 1.10182
1.02897 1.05749
1.02934 0.887138
1.03009 0.960252
1.03075 1.14693
1.03129 1.13147
1.03178 1.02527
1.03246 1.19824
1.03311 1.19875
1.03359 1.0598
1.03421 1.02006
1.0348 0.978083
1.03531 1.1091
1.03595 1.00274
1.03641 0.974548
1.03685 1.04967
1.03727 1.0895
1.03764 1.12565
1.03815 1.1003
1.03875 1.09791
1.03933 0.979024
1.03983 1.17355
1.04024 1.04056
1.04058 1.13052
1.04117 1.14142
1.04198 1.18417
1.04243 1.1212
1.04286 1.03532
1.04345 1.02632
1.04383 1.11877
1.0443 0.911618
1.0448 1.01783
1.04551 1.01117
1.04619 1.08316
1.04668 1.07754
1.0472 0.994105
1.04785 1.0107
1.04843 1.10847
1.04881 1.21578
1.04928 1.19696
1.04994 1.23022
1.0505 1.10477
1.0511 1.03181
1.05156 1.02934
1.05215 1.19259
1.05263 1.06391
1.05304 1.125
1.0535 1.03326
1.05417 1.09535
1.05475 1.09385
1.05517 0.948679
1.05579 0.952911
1.05624 1.05364
1.05678 1.11
1.05722 1.06254
1.05764 1.17109
1.05807 1.07806
1.05861 0.981488
1.05908 1.04114
1.05959 1.25694
1.06009 1.09768
1.06065 1.03024
1.06136 1.01873
1.06207 1.07841
1.06258 1.16681
1.06304 1.2625
1.06355 1.17828
1.06397 1.29264
1.06455 1.05239
1.06502 1.06831
1.06555 1.20086
1.06607 1.23648
1.06658 1.12964
1.06718 1.13521
1.06763 1.10205
1.06817 1.12545
1.06891 1.27795
1.06947 1.18433
1.06993 1.08244
1.07047 1.27612
1.07084 1.10683
1.07179 1.0908
1.0723 1.09595
1.07269 1.20021
1.07308 1.21919
1.07356 1.27407
1.07406 1.02061
1.07447 1.09018
1.07484 1.08864
1.07532 1.03752
1.07579 1.12075
1.07631 1.07712
1.07677 1.15217
1.07747 1.0946
1.07781 1.04053
1.07854 1.02899
1.07902 0.900232
1.07941 1.00494
1.07996 1.06884
1.08051 0.942181
1.08101 1.05514
1.08159 1.15763
1.08207 1.09316
1.08254 1.14011
1.08301 1.17657
1.0836 1.00238
1.08415 1.08279
1.08462 1.07227
1.08513 1.00726
1.08554 1.03026
1.08612 1.1305
1.08686 0.991905
1.08729 1.08166
1.08792 1.17246
1.08833 1.02811
1.08874 0.946768
1.08922 1.10678
1.08958 1.0494
1.0901 0.922426
1.09071 1.05431
1.09114 1.00957
1.09171 1.09124
1.09221 1.01953
1.09274 1.22258
1.09319 1.29789
1.09364 1.13998
1.09437 1.07868
1.09482 1.11079
1.09517 1.06931
1.0956 1.05913
1.09605 1.07722
1.09657 1.16249
1.09691 1.0423
1.09743 1.16763
1.09801 1.03054
1.09863 0.970416
1.09916 0.993796
1.09959 0.934641
1.10002 0.999224
1.10057 1.25333
1.10111 1.13838
1.10181 1.08309
1.10224 1.19745
1.10274 1.15015
1.10328 1.07749
1.10372 1.02419
1.10407 1.0693
1.10461 1.00653
1.10506 1.08042
1.10564 1.08236
1.10622 1.0382
1.10656 0.959497
1.10694 1.1159
1.10753 1.06429
1.10796 1.22354
1.10835 1.19539
1.10892 1.15687
1.10956 1.0425
1.11022 1.12713
1.11069 1.0777
1.11123 1.05473
1.11168 1.15959
1.11212 1.21717
1.11258 1.1507
1.11299 1.07176
1.11349 1.06536
1.11394 1.06404
1.11446 1.16508
1.11509 1.21271
1.11563 1.07524
1.11613 0.910927
1.11667 0.944518
1.11733 0.968211
1.11774 1.04508
1.11834 1.15244
1.11877 1.12308
1.11925 1.16727
1.11983 1.12384
1.12025 1.1686
1.12065 1.02215
1.12119 0.943628
1.12153 1.04276
1.12211 1.17949
1.12272 1.15185
1.12308 1.149
1.12375 0.99631
1.12441 1.02548
1.1248 1.18256
1.12523 1.06662
1.12592 1.08996
1.12647 1.14326
1.12696 1.15439
1.12736 1.0898
1.12807 1.18783
1.12873 1.13852
1.12925 1.00055
1.12978 1.03567
1.13048 1.02602
1.13105 1.0009
1.13152 1.04374
1.13204 1.06572
1.13272 1.186
1.13309 1.08108
1.13362 1.10993
1.13442 1.06352
1.13488 0.96941
1.13542 1.16669
1.13585 0.958861
1.13645 0.895981
1.13699 1.09859
1.13745 0.974868
1.13793 1.02827
1.13863 0.977257
1.13931 0.97258
1.13974 1.32836
1.14027 1.17318
1.14074 1.1317
1.14116 0.931791
1.14167 1.23738
1.14225 1.29827
1.14263 1.08632
1.14302 1.17085
1.14361 1.12812
1.1441 1.05991
1.14471 1.12806
1.14511 1.35181
1.14594 1.06476
1.14629 1.12334
1.14684 1.10039
1.14718 1.00882
1.14754 0.922201
1.14789 1.07169
1.14824 1.13652
1.14866 1.02525
1.14919 0.958403
1.14971 0.976861
1.1502 1.05335
1.1506 1.04556
1.15094 1.16057
1.15136 1.27364
1.15181 1.10744
1.15238 1.01294
1.153 0.886576
1.15342 1.09671
1.15382 1.1832
1.1543 1.29823
1.15462 1.03276
1.1553 1.12278
1.15587 0.988353
1.15622 1.00494
1.15674 1.13972
1.1572 1.05605
1.15756 0.98804
1.158 1.14453
1.15856 1.14796
1.15895 1.03235
1.1596 1.02003
1.16 0.982229
1.16037 1.05625
1.16067 0.950336
1.16151 1.1057
1.16188 1.21852
1.16236 0.960793
1.16285 0.99079
1.16349 1.03228
1.16406 1.06295
1.16465 1.01415
1.16504 1.00593
1.16574 0.997925
1.16623 0.926922
1.16676 1.0207
1.16722 1.0987
1.1678 1.01949
1.16839 1.05759
1.16894 1.11194
1.16942 0.940789
1.16994 0.97884
1.17049 1.09692
1.17118 0.965025
1.17166 1.14857
1.1721 1.00881
1.17256 1.07578
1.17298 1.12226
1.17335 1.04953
1.1739 1.01197
1.17438 1.0113
1.17482 0.88049
1.1754 0.936925
1.17586 0.977775
1.17642 0.99742
1.177 0.986763
1.17741 1.02709
1.17788 0.807903
1.17843 0.836685
1.1789 0.878462
1.17934 1.10093
1.17974 0.910083
1.18011 0.878963
1.18053 1.16586
1.18091 0.819715
1.18122 1.12815
1.18153 1.00489
1.18194 1.0964
1.18241 0.980599
1.18275 1.08477
1.18332 1.15007
1.18378 1.04011
1.1841 1.1283
1.1845 1.14651
1.18497 1.29461
1.18539 1.04295
1.18573 1.11241
1.18633 1.05157
1.18671 1.07456
1.18716 0.945906
1.18773 0.993241
1.18839 1.01533
1.18885 0.94146
1.18942 0.99964
1.1899 1.05822
1.19033 1.02131
1.19075 0.995858
1.19139 1.06657
1.19179 0.987342
1.19244 1.10255
1.19284 1.03646
1.19325 1.05739
1.19377 1.06197
1.19436 1.07294
1.19492 1.04513
1.19529 1.09222
1.19561 0.943809
1.19627 1.02645
1.1967 1.08713
1.1973 1.04222
1.19783 1.04393
1.1983 0.923122
1.19872 1.04158
1.19916 1.07522
1.19949 1.05455
1.20003 1.04193
1.2006 1.1033
1.20089 1.09644
1.20131 0.95515
1.20173 1.03922
1.20227 1.03303
1.20278 1.07155
1.20342 0.985825
1.20393 0.89029
1.20433 1.01191
1.20468 0.995443
1.20515 1.03689
1.20557 0.899735
1.20599 1.01017
1.20648 1.16682
1.20705 1.14879
1.20744 1.04279
1.20793 1.2596
1.20839 1.14963
1.20882 1.09854
1.20922 1.04771
1.20956 1.0778
1.20996 1.14655
1.21036 1.0756
1.21096 1.01248
1.21137 1.19841
1.21216 1.10065
1.21267 0.98851
1.21334 1.1257
1.21377 1.21018
1.21426 1.20558
1.21476 0.912612
1.21512 1.05466
1.21565 1.10265
1.21604 1.1092
1.21658 1.0514
1.21703 0.971282
1.21763 1.0369
1.21831 0.97758
1.21876 1.03567
1.21929 1.05267
1.21979 0.989572
1.2204 0.924438
1.2208 0.927756
1.22126 1.06464
1.22159 1.03713
1.22225 0.973249
1.22269 0.96513
1.22311 1.06701
1.22371 0.990158
1.22425 0.99758
1.2248 1.23939
1.22534 1.21198
1.22568 1.06939
1.22611 1.04076
1.22651 0.993402
1.22709 1.08509
1.22763 1.04777
1.22818 1.122
1.22878 1.21751
1.22923 1.09814
1.22966 1.05523
1.23012 1.20928
1.23065 1.18462
1.23104 1.01504
1.23155 1.04588
1.23208 0.966757
1.23253 1.05748
1.23311 1.10193
1.23354 1.102
1.23398 1.20118
1.23467 1.11176
1.23508 1.13941
1.23553 1.21084
1.23589 1.15529
1.23627 1.238
1.23667 1.29801
1.2371 1.02866
1.23752 0.969906
1.23805 1.10661
1.2386 1.0082
1.23945 1.02212
1.23996 1.03846
1.2404 1.09948
1.24092 1.19202
1.2414 1.11693
1.24189 1.18919
1.24232 1.04051
1.24287 0.992229
1.24352 0.994599
1.24405 1.03375
1.24468 1.11922
1.24515 1.17809
1.24571 1.1599
1.24615 1.08315
1.24662 1.1305
1.24701 1.0309
1.2476 1.08136
1.24836 1.2376
1.24891 1.20051
1.24932 1.16638
1.24977 0.997866
1.25036 0.980967
1.25104 0.941056
1.25144 1.07537
1.25182 1.05421
1.25218 1.06826
1.25273 1.0159
1.25316 0.99615
1.25358 1.06716
1.25419 1.13032
1.25471 1.03631
1.25525 1.02535
1.25592 1.08532
1.25635 0.919593
1.25691 0.953055
1.25745 1.06876
1.25807 1.16679
1.25847 1.11695
1.25896 1.05056
1.25936 0.945169
1.25972 0.999114
1.26016 1.07035
1.26055 1.07811
1.26109 1.22071
1.26154 1.06316
1.26208 0.971471
1.26249 0.996321
1.26293 1.02067
1.26344 1.07572
1.26387 1.03421
1.26457 0.858118
1.26502 0.938938
1.26547 1.11439
1.2661 1.11257
1.26654 1.00047
1.267 1.17705
1.26748 1.17572
1.26798 1.03873
1.26833 0.994999
1.26874 0.95424
1.2692 1.08661
1.26965 0.980308
1.27001 0.957655
1.27034 1.02639
1.27068 1.06323
1.27098 1.10201
1.27127 1.07937
1.27161 1.07682
1.27217 0.958778
1.27262 1.14819
1.27296 1.01372
1.2735 1.11199
1.27389 1.1202
1.27442 1.16064
1.27498 1.09882
1.27534 1.01497
1.27612 1.01037
1.2769 1.0967
1.27742 0.885928
1.27798 1.00251
1.27839 0.986086
1.27889 1.06098
1.27959 1.05347
1.28003 0.972979
1.28047 0.982574
1.28093 1.08726
1.28138 1.19071
1.28185 1.17696
1.28238 1.21235
1.28288 1.08354
1.28342 1.01141
1.28382 1.00319
1.28429 1.17216
1.28476 1.0393
1.28524 1.09845
1.28563 1.01196
1.28611 1.07044
1.28658 1.07549
1.28703 0.925758
1.28749 0.931322
1.28797 1.03122
1.28833 1.08728
1.28878 1.03581
1.28934 1.15204
1.28973 1.05567
1.29011 0.958213
1.29075 1.01615
1.29123 1.23404
1.2919 1.08093
1.2925 1.01126
1.29287 0.995995
1.29333 1.05634
1.2938 1.14029
1.29427 1.24593
1.29479 1.15692
1.29539 1.26652
1.29583 1.03054
1.29616 1.04691
1.29661 1.17352
1.29704 1.21752
1.29739 1.10719
1.29781 1.122
1.2982 1.07571
1.2987 1.10886
1.29914 1.25521
1.2997 1.1615
1.30017 1.05843
1.3007 1.2531
1.30117 1.08819
1.30174 1.07207
1.30209 1.07462
1.30241 1.17686
1.30289 1.19183
1.30337 1.24656
1.30411 0.997448
1.30455 1.0667
1.30508 1.07247
1.30559 1.01687
1.30595 1.09061
1.30651 1.05242
1.3072 1.1309
1.30768 1.07398
1.30821 1.01857
1.30867 1.00801
1.30914 0.880723
1.30947 0.981553
1.31004 1.04713
1.31043 0.924027
1.31089 1.03003
1.31134 1.14119
1.31208 1.07804
1.31254 1.11999
1.31294 1.15643
1.31344 0.978551
1.31406 1.05778
1.31442 1.05465
1.31495 0.986342
1.31541 1.01516
1.31583 1.10388
1.31621 0.969987
1.31661 1.06205
1.31697 1.15796
1.31731 1.00751
1.31766 0.924151
1.31814 1.08957
1.31863 1.03003
1.31913 0.903038
1.31965 1.03405
1.32029 0.989244
1.32081 1.07373
1.32129 1.00426
1.32178 1.20746
1.32223 1.2867
1.32261 1.12106
1.32346 1.05861
1.32384 1.08368
1.32426 1.04874
1.3246 1.03863
1.32518 1.05717
1.32557 1.13861
1.32595 1.02391
1.32655 1.14694
1.32706 1.01472
1.32762 0.951582
1.32836 0.974333
1.32879 0.921358
1.32938 0.977193
1.32994 1.23576
1.33028 1.11912
1.3307 1.06113
1.33115 1.17309
1.3316 1.12905
1.33212 1.05936
1.33256 1.01067
1.33312 1.04923
1.33363 0.991371
1.33408 1.06102
1.33463 1.05946
1.33509 1.02233
1.33552 0.945742
1.3361 1.09299
1.3366 1.03996
1.337 1.20447
1.33748 1.17871
1.33798 1.13545
1.33854 1.02688
1.33916 1.10997
1.33951 1.05267
1.33986 1.03879
1.34025 1.14103
1.34084 1.19704
1.34114 1.1303
1.34152 1.05679
1.34231 1.04522
1.3428 1.04621
1.34323 1.15211
1.34363 1.19056
1.34408 1.05541
1.3449 0.894612
1.34535 0.926364
1.34586 0.948881
1.34635 1.02524
1.34682 1.13072
1.34718 1.10122
1.34767 1.14125
1.34809 1.10438
1.3485 1.14578
1.34899 1.00557
1.34947 0.925299
1.35006 1.02149
1.35051 1.16018
1.35101 1.1337
1.35163 1.12855
1.35212 0.978254
1.35254 1.00392
1.35303 1.16965
1.35343 1.05324
1.35394 1.07212
1.35457 1.12346
1.35489 1.14094
1.35531 1.0731
1.35574 1.17437
1.35635 1.12501
1.35679 0.980293
1.35724 1.01031
1.35773 1.00239
1.35817 0.9867
1.35852 1.02216
1.35892 1.04889
1.35943 1.16763
1.35993 1.06823
1.36034 1.09083
1.3607 1.04
1.36144 0.953002
1.36191 1.1498
1.36236 0.94122
1.36278 0.876867
1.36314 1.08362
1.36353 0.952525
1.36409 1.00555
1.36448 0.959747
1.36493 0.949883
1.36526 1.30951
1.36573 1.15492
1.36631 1.11654
1.36682 0.917253
1.36738 1.22135
1.36778 1.27994
1.36813 1.06408
1.36865 1.15302
1.36921 1.11158
1.36977 1.04246
1.37014 1.11467
1.37061 1.33041
1.37103 1.04677
1.37147 1.10896
1.37189 1.0816
1.37235 0.98946
1.37285 0.907908
1.37332 1.05178
1.37387 1.11783
1.37424 1.0058
1.37467 0.942577
1.37515 0.955954
1.37569 1.03254
1.37608 1.02813
1.37642 1.14405
1.37677 1.25934
1.37752 1.08766
1.37788 0.999979
1.37839 0.871163
1.37886 1.08026
1.37924 1.16219
1.37978 1.28078
1.3803 1.01591
1.38067 1.10023
1.38109 0.970017
1.38156 0.985904
1.38209 1.12346
1.38255 1.03779
1.38296 0.972496
1.38344 1.12736
1.38384 1.12916
1.38426 1.01597
1.3849 1.00559
1.3854 0.963464
1.38577 1.04183
1.38627 0.931429
1.38685 1.08874
1.38722 1.20118
1.38765 0.943825
1.38811 0.975727
1.38853 1.01536
1.38889 1.04414
1.38961 0.994072
1.39052 0.989944
1.39092 0.979166
1.39135 0.908065
1.39191 0.999048
1.39233 1.08046
1.39285 1.00048
1.39331 1.04581
1.39392 1.09562
1.39431 0.923177
1.39502 0.960306
1.3955 1.07815
1.39601 0.945839
1.39645 1.12815
1.39702 0.990988
1.39761 1.0602
1.39799 1.10536
1.39841 1.03477
1.39901 0.994715
1.39945 0.995982
1.40007 0.86041
1.40056 0.916208
1.40104 0.960089
1.40145 0.974275
1.40213 0.970455
1.40249 1.00931
1.4031 0.791204
1.40363 0.817208
1.4042 0.862624
1.40479 1.08391
1.4052 0.891718
1.40566 0.864597
1.40605 1.15212
1.41067 0.803623
1.4112 1.12791
1.41168 0.983747
1.41202 1.08026
1.41248 0.96063
1.41294 1.06899
1.41353 1.13289
1.41395 1.02353
1.41432 1.11686
1.41477 1.12822
1.41534 1.28306
1.41576 1.02584
1.41615 1.09576
1.41649 1.02842
1.41697 1.05729
1.41749 0.928417
1.4178 0.976578
1.41824 0.998892
1.41871 0.926868
1.41922 0.980235
1.41984 1.03889
1.42028 0.999615
1.42073 0.980375
1.42111 1.0514
1.42156 0.972635
1.42197 1.08527
1.42236 1.01988
1.42282 1.03716
1.42324 1.04146
1.42368 1.05534
1.4243 1.02796
1.42484 1.07405
1.42526 0.928829
1.42571 1.01215
1.42617 1.07245
1.42655 1.02569
1.427 1.02471
1.42746 0.908136
1.42786 1.02721
1.42827 1.05718
1.4287 1.03501
1.42914 1.02363
1.42947 1.08818
1.42984 1.08153
1.43021 0.939505
1.43072 1.02194
1.43117 1.01564
1.43159 1.05172
1.43194 0.969368
1.43245 0.880207
1.43292 0.992651
1.43329 0.978595
1.43368 1.01895
1.43403 0.888539
1.43448 0.990914
1.43488 1.15195
1.43534 1.13707
1.43573 1.02388
1.43613 1.24283
1.43684 1.13322
1.43725 1.07964
1.43777 1.03146
1.43832 1.05999
1.43869 1.13196
1.43916 1.05001
1.43958 0.998833
1.44 1.18165
1.44056 1.08055
1.44095 0.976346
1.44129 1.1069
1.44171 1.19791
1.4423 1.19112
1.44286 0.898507
1.44331 1.04121
1.44371 1.08873
1.44416 1.08959
1.44471 1.03808
1.44514 0.958076
1.44556 1.01934
1.44606 0.962161
1.44644 1.021
1.44678 1.03936
1.44725 0.976383
1.44783 0.908582
1.44832 0.908397
1.4487 1.04807
1.4492 1.01844
1.44963 0.953978
1.44996 0.952026
1.45046 1.0517
1.45094 0.974289
1.45136 0.984726
1.45175 1.22557
1.45229 1.19491
1.45282 1.055
1.45337 1.02031
1.45386 0.977938
1.45447 1.07026
1.45493 1.03534
1.45532 1.11199
1.45585 1.20727
1.45629 1.08333
1.45682 1.03628
1.4573 1.19928
1.45781 1.16826
1.45821 1.00087
1.45869 1.02876
1.45915 0.950758
1.45972 1.04657
1.4601 1.08539
1.46057 1.09037
1.461 1.19103
1.46152 1.10085
1.46217 1.11992
1.46287 1.19362
1.46331 1.14079
1.46375 1.22454
1.46418 1.2888
1.4648 1.00833
1.46519 0.955443
1.46562 1.09446
1.46608 0.995116
1.46674 1.0099
1.46717 1.02446
1.46764 1.08444
1.46796 1.17773
1.46837 1.10484
1.46876 1.16933
1.46934 1.02322
1.46983 0.977675
1.4702 0.978835
1.47065 1.01906
1.47112 1.1062
1.47149 1.16035
1.47184 1.13978
1.47236 1.07023
1.4729 1.11346
1.47342 1.01059
1.47385 1.06693
1.47429 1.2201
1.47486 1.17908
1.47541 1.15327
1.47587 0.980842
1.47633 0.964638
1.4768 0.92551
1.47736 1.05899
1.4778 1.04033
1.4782 1.05057
1.47859 0.997832
1.47921 0.979927
1.47961 1.05049
1.48003 1.11151
1.48046 1.02269
1.48096 1.01118
1.48142 1.07009
1.48181 0.907351
1.48231 0.93666
1.48294 1.05419
1.48327 1.14922
1.48369 1.09976
1.48412 1.03387
1.48478 0.930191
1.48533 0.987151
1.48577 1.05721
1.48614 1.06223
1.48658 1.21032
1.48698 1.04777
1.48749 0.9584
1.48801 0.981262
1.4885 1.00499
1.48899 1.06044
1.48946 1.02071
1.48992 0.840145
1.49036 0.925679
1.49081 1.09341
1.4915 1.1019
1.49205 0.985333
1.4925 1.16549
1.49298 1.16381
1.49351 1.0263
1.49405 0.980081
1.49462 0.939412
1.49507 1.0723
1.49558 0.966651
1.49615 0.949034
1.49667 1.01215
1.49714 1.04658
1.4976 1.08795
1.49805 1.06669
1.49859 1.06366
1.49921 0.947016
1.49977 1.13274
1.5002 0.997576
1.50072 1.10045
1.50111 1.10733
1.50157 1.14732
1.50205 1.08583
1.50255 1.00235
1.50293 1.00131
1.50348 1.08288
1.50413 0.869942
1.50463 0.993382
1.50506 0.969748
1.50548 1.04748
1.50596 1.03838
1.50643 0.959823
1.50689 0.964721
1.50751 1.07342
1.50805 1.17451
1.50849 1.16358
1.50899 1.2012
1.50942 1.07015
1.51004 0.999341
1.51063 0.987574
1.51101 1.15973
1.51142 1.02436
1.51177 1.08147
1.51214 0.999063
1.51252 1.05481
1.51297 1.06453
1.51343 0.911905
1.51385 0.918131
1.51421 1.01757
1.51463 1.07351
1.51497 1.01846
1.51546 1.13933
1.51586 1.04063
1.51641 0.944182
1.51693 1.00164
1.51754 1.22021
1.51802 1.07136
1.51846 0.999471
1.51906 0.982003
1.51957 1.04304
1.52006 1.12422
1.52056 1.236
1.52105 1.14447
1.52151 1.25047
1.522 1.01732
1.52254 1.03333
1.52317 1.15572
1.52366 1.20546
1.52412 1.0927
1.52464 1.11396
1.52527 1.05921
1.52572 1.0978
1.52614 1.24095
1.5267 1.14674
1.52738 1.04416
1.52788 1.23937
1.52839 1.07657
1.52891 1.06115
1.52929 1.06171
1.52974 1.16321
1.53026 1.17519
1.53069 1.23019
1.53127 0.983415
1.53172 1.0524
1.5323 1.06171
1.53272 1.00324
1.5331 1.07172
1.5336 1.03706
1.53409 1.11729
1.53441 1.06194
1.53484 1.00482
1.53532 0.99499
1.53577 0.869073
1.53629 0.966877
1.53685 1.03417
1.53746 0.913711
1.53807 1.01412
1.53849 1.13057
1.53906 1.0692
1.53944 1.10753
1.53991 1.14379
1.54028 0.963905
1.54075 1.04377
1.5413 1.04387
1.54194 0.975289
1.54237 1.00727
1.54279 1.08685
1.54322 0.956518
1.54373 1.05081
1.54418 1.15144
1.54465 0.99567
1.54496 0.910275
1.54554 1.07928
1.54599 1.01771
1.54642 0.891346
1.54686 1.02238
1.54743 0.977485
1.5481 1.06341
1.54846 0.995461
1.5489 1.19716
1.54929 1.27891
1.54978 1.10846
1.55033 1.0467
1.55069 1.06708
1.55109 1.03551
1.55163 1.02623
1.5522 1.04407
1.55264 1.12249
1.55309 1.01194
1.55351 1.13327
1.55418 1.00434
1.55464 0.940179
1.55517 0.962506
1.55576 0.913939
1.55634 0.963543
1.55682 1.22546
1.55751 1.10695
1.55821 1.04594
1.55879 1.15674
1.5594 1.11581
1.55979 1.04766
1.56013 1.00235
1.56073 1.03702
1.56121 0.982085
1.56164 1.0492
1.56207 1.04544
1.56261 1.01334
1.56334 0.937776
1.56381 1.07755
1.56425 1.02448
1.56483 1.19176
1.56532 1.16993
1.56579 1.12405
1.56651 1.01878
1.56721 1.09922
1.56797 1.03564
1.56833 1.02868
1.56881 1.1314
1.56912 1.18465
1.56961 1.1179
1.56996 1.04767
1.57051 1.0326
1.57089 1.03415
1.57135 1.1448
1.57172 1.17766
1.57221 1.0421
1.57277 0.884589
1.57315 0.915715
1.57376 0.937601
1.57413 1.01288
1.57466 1.11635
1.57497 1.08685
1.57546 1.12413
1.57585 1.09308
1.5765 1.13184
1.57693 0.99518
1.57738 0.914121
1.57773 1.00766
1.5782 1.14785
1.57869 1.12079
1.57916 1.11567
1.57963 0.967471
1.57996 0.990008
1.58031 1.1617
1.58093 1.0445
1.58126 1.06083
1.58196 1.11183
1.58247 1.13385
1.58295 1.06282
1.5835 1.16592
1.58422 1.11757
1.58489 0.967564
1.58546 0.993916
1.58592 0.987295
1.58639 0.977701
1.58693 1.0082
1.58752 1.03782
1.58801 1.15634
1.58858 1.06187
1.58908 1.07892
1.58959 1.02474
1.59006 0.942753
1.59059 1.1385
1.59118 0.930528
1.59159 0.864976
1.59211 1.07391
1.59266 0.938118
1.59309 0.991383
1.59357 0.950293
1.59395 0.935963
1.59435 1.29767
1.595 1.14412
1.59547 1.10752
1.59607 0.90781
1.59648 1.21207
1.59696 1.26886
1.59745 1.0497
1.59795 1.14137
1.59839 1.10138
1.59888 1.03057
1.5992 1.1061
1.59963 1.31686
1.60005 1.035
1.60066 1.09973
1.60122 1.06993
1.60164 0.976955
1.60211 0.899689
1.60264 1.03973
1.60304 1.10566
1.60356 0.993017
1.604 0.932575
1.60438 0.942634
1.60492 1.01926
1.60543 1.01782
1.60589 1.13259
1.6064 1.25157
1.60706 1.07532
1.60763 0.992468
1.60806 0.861725
1.60855 1.07007
1.60901 1.14896
1.60936 1.26908
1.60973 1.0056
1.61014 1.08529
1.61065 0.95752
1.61127 0.973338
1.61191 1.11313
1.6124 1.02736
1.61281 0.962877
1.61333 1.11634
1.61373 1.11714
1.61436 1.0058
1.6147 0.996624
1.61509 0.951782
1.61556 1.03172
1.616 0.91951
1.61636 1.07805
1.6168 1.18965
1.61737 0.933085
1.61772 0.966253
1.61822 1.00426
1.61878 1.03273
1.61933 0.981045
1.6199 0.979853
1.6203 0.96723
1.62086 0.896444
1.62133 0.985312
1.62172 1.06908
1.62207 0.988088
1.62267 1.03933
1.62325 1.08462
1.62367 0.912366
1.62428 0.948514
1.62477 1.06612
1.62515 0.933783
1.62564 1.11405
1.62603 0.979627
1.62651 1.05104
1.62697 1.0943
1.62738 1.02626
1.62776 0.983898
1.62831 0.986272
1.62876 0.847754
1.62921 0.903272
1.62962 0.948501
1.63004 0.958916
1.63048 0.96091
1.63103 0.998194
1.63157 0.780458
1.63229 0.80513
1.63272 0.852266
1.6333 1.07335
1.63378 0.8794
1.63433 0.855179
1.63478 1.14287
1.63538 0.793459
1.63583 1.09094
1.63653 0.969854
1.637 1.07079
1.63748 0.947592
1.63805 1.05873
1.63853 1.12218
1.63908 1.0135
1.63955 1.10949
1.64009 1.11582
1.64053 1.27623
1.64099 1.01487
1.64147 1.08537
1.64208 1.01494
1.6424 1.04607
1.64277 0.91665
1.64321 0.966128
1.64362 0.989293
1.64416 0.917524
1.64467 0.966735
1.64531 1.02659
1.64579 0.985961
1.64626 0.970736
1.64671 1.04094
1.64723 0.962757
1.6479 1.07455
1.64834 1.00979
1.64877 1.02427
1.64919 1.02815
1.64969 1.04382
1.65014 1.01627
1.65103 1.06136
1.6516 0.920266
1.65215 1.00344
1.65253 1.06247
1.65328 1.01456
1.65377 1.01213
1.65441 0.898428
1.65491 1.0182
1.6555 1.04593
1.65603 1.02118
1.65671 1.01176
1.65716 1.07848
1.65766 1.07178
1.65808 0.929452
1.65852 1.0116
1.65896 1.00519
1.65948 1.0389
1.65985 0.959237
1.66026 0.873898
1.66061 0.979808
1.6614 0.967628
1.66193 1.00796
1.66246 0.881672
1.66288 0.978093
1.66337 1.14254
1.66375 1.12846
1.66433 1.01199
1.66476 1.23229
1.66517 1.12297
1.66584 1.06774
1.66627 1.02157
1.66697 1.04945
1.66761 1.1221
1.66819 1.03301
1.66863 0.990285
1.66903 1.17111
1.66939 1.067
1.66976 0.968746
1.67017 1.0941
1.67053 1.19014
1.67109 1.18254
1.67181 0.889798
1.67222 1.0327
1.67277 1.07926
1.67329 1.0764
1.6739 1.02975
1.67438 0.949457
1.67491 1.00801
1.67569 0.952407
1.67607 1.01149
1.67667 1.03078
1.67719 0.967728
1.67775 0.898996
1.67828 0.895668
1.6788 1.03713
1.67919 1.00625
1.67972 0.942003
1.68022 0.943999
1.68082 1.04191
1.68127 0.963716
1.68186 0.976256
1.68234 1.21662
1.68276 1.18344
1.68319 1.04545
1.68367 1.00695
1.68427 0.968174
1.68474 1.06097
1.68517 1.02887
1.68577 1.10583
1.6864 1.20068
1.68687 1.07381
1.68745 1.02371
1.68792 1.19355
1.68842 1.15811
1.68879 0.992699
1.68926 1.01837
1.68977 0.940389
1.69014 1.03943
1.69054 1.07535
1.69096 1.08305
1.69143 1.18489
1.69189 1.09412
1.69241 1.10715
1.69312 1.18228
1.69361 1.13136
1.69404 1.21624
1.69445 1.28275
1.69521 0.994551
1.69571 0.946633
1.69618 1.08815
1.69671 0.987439
1.6972 1.00302
1.69771 1.01472
1.69821 1.07497
1.69857 1.16984
1.69916 1.09761
1.69979 1.15615
1.70018 1.01192
1.70061 0.96813
1.70104 0.96894
1.70143 1.00944
1.70183 1.09774
1.70236 1.14877
1.70285 1.12672
1.70327 1.06219
1.70386 1.10305
1.70431 0.997755
1.7048 1.05777
1.70536 1.20865
1.70578 1.16484
1.70635 1.14435
1.70684 0.970049
1.70735 0.953485
1.70779 0.915672
1.70823 1.04876
1.70872 1.03145
1.70924 1.0388
1.7096 0.985781
1.71004 0.96927
1.71045 1.04006
1.71083 1.0983
1.71157 1.014
1.71195 1.00216
1.71242 1.05921
1.71276 0.899974
1.71315 0.926124
1.71358 1.04504
1.71403 1.13733
1.71443 1.08795
1.715 1.0229
1.71539 0.920601
1.71596 0.97995
1.71647 1.04783
1.71702 1.05184
1.7176 1.20349
1.71814 1.03778
1.71868 0.950015
1.71934 0.971606
1.71978 0.995016
1.7202 1.05077
1.72081 1.01232
1.72146 0.828687
1.72201 0.917452
1.7225 1.07934
1.72307 1.0955
1.72362 0.975437
1.72411 1.15897
1.72451 1.15808
1.725 1.01836
1.72552 0.970823
1.72613 0.929802
1.72655 1.06259
1.72724 0.957931
1.72761 0.944328
1.72818 1.0031
1.72864 1.03549
1.72913 1.07928
1.7295 1.05842
1.73013 1.05479
1.73059 0.939461
1.73109 1.12284
1.73168 0.987434
1.73206 1.09255
1.73255 1.09899
1.73302 1.13924
1.73342 1.0777
1.73393 0.99395
1.73436 0.995654
1.735 1.07411
1.73535 0.859503
1.73574 0.987455
1.73624 0.958631
1.7367 1.03897
1.73708 1.02854
1.73758 0.951102
1.738 0.952894
1.73838 1.06373
1.73898 1.1636
1.73945 1.15404
1.73986 1.19382
1.74046 1.06117
1.74098 0.991869
1.74131 0.97801
1.7417 1.1516
1.74214 1.01494
1.74282 1.07024
1.74338 0.990645
1.74395 1.04436
1.7444 1.05739
1.74494 0.903036
1.74549 0.909647
1.74592 1.00877
1.7464 1.06468
1.74691 1.00698
1.74752 1.13044
1.74795 1.03003
1.74855 0.935247
1.74892 0.99262
1.74959 1.21134
1.75 1.06548
1.75049 0.991755
1.75098 0.973254
1.75153 1.03447
1.75187 1.11405
1.75222 1.22955
1.75278 1.13678
1.75331 1.24042
1.75375 1.00901
1.75418 1.0242
1.75459 1.14387
1.7551 1.19719
1.75558 1.08287
1.756 1.10865
1.75651 1.04833
1.75706 1.09015
1.75758 1.2317
1.75812 1.13691
1.75863 1.03522
1.75916 1.23095
1.75983 1.06893
1.76026 1.05449
1.76095 1.05349
1.76152 1.15478
1.76208 1.16489
1.76276 1.22047
1.76318 0.974388
1.76364 1.04339
1.76424 1.05413
1.76459 0.993772
1.76519 1.05995
1.76561 1.02715
1.7661 1.10856
1.76649 1.05473
1.76706 0.995726
1.76756 0.986497
1.76801 0.861562
1.76867 0.957255
1.76931 1.0258
1.76974 0.907345
1.77025 1.00367
1.77068 1.12324
1.77112 1.06343
1.77154 1.09942
1.772 1.13559
1.77241 0.954333
1.77293 1.03563
1.77338 1.03676
1.77391 0.969349
1.77446 1.00303
1.77495 1.07568
1.77534 0.94788
1.77572 1.04409
1.77625 1.14851
1.77668 0.988709
1.77722 0.901296
1.77772 1.07288
1.77829 1.00937
1.77871 0.883641
1.77917 1.0152
1.77966 0.970388
1.78004 1.05688
1.78066 0.990084
1.7813 1.18977
1.78163 1.27294
1.7821 1.09957
1.78265 1.03933
1.78311 1.05646
1.78356 1.02672
1.78422 1.0183
1.7849 1.03501
1.78555 1.11127
1.78597 1.00366
1.78664 1.12372
1.78709 0.997194
1.78772 0.932648
1.78816 0.954881
1.78884 0.909408
1.7892 0.954735
1.78957 1.21894
1.79 1.09892
1.79048 1.03516
1.79093 1.14564
1.79137 1.1073
1.79184 1.03958
1.79232 0.996849
1.79282 1.02911
1.79328 0.975891
1.79383 1.04165
1.79419 1.0365
1.79466 1.0079
1.79515 0.932596
1.79563 1.06692
1.79601 1.01424
1.79644 1.1828
1.79708 1.16506
1.79758 1.11803
1.79797 1.01409
1.79843 1.09197
1.79882 1.02382
1.79926 1.02195
1.79971 1.12655
1.80018 1.17695
1.80069 1.10996
1.80127 1.04163
1.80174 1.02428
1.8021 1.02564
1.80256 1.14031
1.8033 1.16979
1.80381 1.03281
1.80427 0.878028
1.80477 0.909042
1.80536 0.930731
1.80579 1.00478
1.80632 1.10669
1.80692 1.07701
1.80734 1.11256
1.80781 1.08628
1.80838 1.12327
1.80885 0.988489
1.80923 0.90688
1.80969 0.998309
1.81019 1.13979
1.81057 1.11138
1.811 1.10729
1.81153 0.960666
1.8121 0.980658
1.81245 1.15648
1.81293 1.0384
1.81344 1.05333
1.81393 1.10466
1.81458 1.13005
1.81501 1.0561
1.81545 1.1603
1.81585 1.11317
1.81638 0.959397
1.81679 0.983095
1.81721 0.977384
1.81771 0.971676
1.81815 0.999045
1.81861 1.03018
1.81904 1.14906
1.81948 1.05875
1.81996 1.07115
1.82065 1.01454
1.82114 0.936071
1.82175 1.13068
1.82219 0.923725
1.82257 0.857206
1.82304 1.06722
1.82356 0.92866
1.82411 0.982244
1.82456 0.945094
1.82494 0.927225
1.82542 1.29013
1.82583 1.13732
1.82633 1.10183
1.82702 0.90127
1.82748 1.20652
1.82793 1.26176
1.82838 1.04018
1.82894 1.13351
1.82957 1.09475
1.83022 1.02195
1.8307 1.10017
1.83116 1.30812
1.83175 1.02704
1.8323 1.0934
1.83275 1.06234
1.83324 0.968644
1.8337 0.894742
1.83427 1.03212
1.83477 1.09757
1.83509 0.984325
1.83544 0.92592
1.83591 0.933893
1.83642 1.01052
1.83684 1.01129
1.83731 1.12427
1.83767 1.24737
1.83813 1.06733
1.83852 0.987895
1.83908 0.855608
1.83956 1.0636
1.83989 1.14014
1.84034 1.26098
1.8409 0.998914
1.84128 1.07503
1.84166 0.948657
1.84217 0.964717
1.84262 1.10624
1.84305 1.02119
1.84337 0.956642
1.84376 1.10895
1.84431 1.109
1.84478 0.999078
1.84539 0.990631
1.84577 0.944193
1.84645 1.02448
1.84721 0.911665
1.84775 1.07102
1.84809 1.18171
1.84852 0.925945
1.84896 0.959733
1.84935 0.996709
1.84971 1.0254
1.85021 0.972604
1.85062 0.973194
1.85115 0.959293
1.85165 0.888812
1.85211 0.97639
1.85251 1.06163
1.85284 0.979691
1.85329 1.03549
1.85369 1.07688
1.85406 0.905564
1.85459 0.940711
1.85499 1.05806
1.85533 0.925793
1.85589 1.104
1.85635 0.97204
1.85669 1.04542
1.85706 1.08683
1.85752 1.02089
1.85794 0.97676
1.85838 0.979743
1.85873 0.839433
1.85912 0.894638
1.85954 0.940653
1.85997 0.948379
1.86041 0.954901
1.86081 0.990667
1.86138 0.773177
1.86176 0.797343
1.8623 0.845192
1.86275 1.06663
1.86313 0.871006
1.86356 0.848585
1.86392 1.13661
1.86446 0.786629
1.86491 0.964772
1.86529 1.06431
1.86565 0.938502
1.86623 1.05088
1.8667 1.11401
1.86716 1.00812
1.8678 1.10436
1.86837 1.10668
1.86886 1.27203
1.86935 1.00697
1.86974 1.07796
1.87051 1.00678
1.87084 1.03896
1.87141 0.909358
1.87176 0.959343
1.87217 0.982599
1.87257 0.911085
1.8732 0.95685
1.87369 1.01856
1.87409 0.977174
1.87454 0.964211
1.87503 1.03337
1.87552 0.955854
1.87589 1.0676
1.87635 1.00334
1.87687 1.01582
1.8773 1.01948
1.87763 1.03575
1.87801 1.00823
1.87838 1.05242
1.87884 0.914778
1.87932 0.99774
1.87973 1.05543
1.88022 1.00694
1.88069 1.00352
1.8811 0.891845
1.8815 1.01203
1.88194 1.03842
1.88239 1.01163
1.88281 1.00395
1.88327 1.07216
1.88383 1.06518
1.88435 0.922619
1.88474 1.00517
1.88515 0.998833
1.88567 1.03055
1.88618 0.952792
1.88653 0.869599
1.88689 0.970818
1.88722 0.960271
1.88759 1.00094
1.88802 0.87721
1.88836 0.969512
1.8887 1.13627
1.88916 1.122
1.88952 1.00443
1.8899 1.22544
1.89038 1.11609
1.89082 1.0598
1.89129 1.01538
1.89179 1.04309
1.89232 1.11534
1.89288 1.02173
1.89333 0.984761
1.89414 1.16445
1.89455 1.05774
1.89503 0.96402
1.89542 1.08529
1.89608 1.18507
1.89646 1.17745
1.89696 0.884192
1.89738 1.02688
1.89785 1.07262
1.89838 1.06744
1.89889 1.02415
1.89953 0.94352
1.90002 1.00028
1.90049 0.946018
1.90097 1.00488
1.90145 1.0253
1.90201 0.961982
1.9024 0.892864
1.90288 0.886887
1.90326 1.02971
1.90375 0.998178
1.90417 0.934333
1.90464 0.938765
1.90504 1.03541
1.90561 0.956409
1.90608 0.970248
1.90654 1.21051
1.90721 1.17534
1.90775 1.03879
1.90828 0.997916
1.90868 0.961697
1.90921 1.05496
1.9096 1.0256
1.91002 1.10157
1.91074 1.19624
1.91122 1.06751
1.91175 1.01517
1.91221 1.18994
1.91258 1.15166
1.913 0.987944
1.91352 1.01158
1.91399 0.933555
1.91469 1.0343
1.91514 1.06901
1.91555 1.07807
1.9161 1.181
1.91673 1.08971
1.91727 1.09861
1.91769 1.17433
1.91813 1.12507
1.91861 1.21054
1.91914 1.27852
1.91951 0.985124
1.91992 0.941022
1.92041 1.08491
1.92077 0.98281
1.92109 0.998928
1.92179 1.00792
1.92224 1.0687
1.92266 1.16531
1.92323 1.09304
1.92363 1.14683
1.9242 1.00427
1.9247 0.961551
1.92513 0.962492
1.92573 1.00288
1.92616 1.09183
1.92663 1.14089
1.92707 1.1182
1.92747 1.05701
1.92782 1.09668
1.92825 0.989559
1.9286 1.05175
1.9291 1.20109
1.92946 1.1551
1.92985 1.13815
1.93032 0.963062
1.93075 0.94565
1.93114 0.909195
1.93171 1.04184
1.93208 1.02539
1.93275 1.03084
1.93308 0.977401
1.93354 0.962039
1.93405 1.03317
1.9346 1.08877
1.93513 1.00831
1.93551 0.996072
1.93594 1.05133
1.93637 0.895147
1.93682 0.919172
1.93727 1.03872
1.93764 1.12905
1.93805 1.07959
1.93853 1.01547
1.93892 0.91413
1.93928 0.975242
1.93973 1.04104
1.94023 1.04494
1.94081 1.19885
1.94117 1.03108
1.94164 0.944245
1.9422 0.965222
1.94265 0.988272
1.94334 1.04433
1.94381 1.00682
1.94431 0.821221
1.94479 0.912305
1.9454 1.06969
1.94575 1.09138
1.94647 0.968723
1.94694 1.15516
1.94738 1.1556
1.94794 1.01294
1.94845 0.964864
1.94899 0.923404
1.94952 1.05573
1.95002 0.952147
1.95037 0.94154
1.951 0.997098
1.95141 1.02784
1.95191 1.07376
1.9525 1.05278
1.95298 1.04854
1.95356 0.934231
1.95396 1.11634
1.95441 0.980826
1.95481 1.0867
1.95558 1.09323
1.95611 1.13392
1.95653 1.07232
1.95709 0.988083
1.95754 0.991977
1.95794 1.06845
1.95845 0.852362
1.95893 0.98336
1.95927 0.950869
1.95984 1.03356
1.96026 1.02207
1.96088 0.944986
1.96123 0.944738
1.96173 1.05669
1.96218 1.15622
1.9626 1.14694
1.96296 1.18877
1.96345 1.05492
1.96389 0.98698
1.96448 0.971952
1.96495 1.14603
1.96581 1.0088
1.96625 1.0627
1.96697 0.984955
1.96744 1.03719
1.96801 1.05249
1.96847 0.897079
1.96893 0.903995
1.96952 1.00288
1.96994 1.05878
1.9704 0.999231
1.97097 1.12412
1.97135 1.02251
1.97189 0.929343
1.97233 0.986732
1.97275 1.20529
1.97329 1.06162
1.97383 0.98641
1.97421 0.967569
1.97464 1.02875
1.97517 1.10732
1.97572 1.2251
1.97613 1.13181
1.97651 1.23407
1.97718 1.00355
1.97791 1.01774
1.97834 1.13586
1.97873 1.1913
1.97916 1.07609
1.97957 1.10486
1.97993 1.04089
1.98052 1.08479
1.98107 1.2256
1.98168 1.13021
1.98234 1.02937
1.98291 1.22573
1.9834 1.06359
1.98407 1.05023
1.98444 1.04811
1.9849 1.14938
1.98547 1.15829
1.98604 1.21463
1.98645 0.968405
1.98695 1.03759
1.98763 1.04867
1.98795 0.986992
1.9886 1.0526
1.9891 1.02059
1.98961 1.10286
1.99011 1.05031
1.99064 0.989513
1.99111 0.980745
1.99157 0.856399
1.99203 0.950736
1.9924 1.0201
1.99289 0.903154
1.99349 0.996522
1.99388 1.11791
1.99429 1.05935
1.99473 1.09407
1.99528 1.13018
1.99565 0.947795
1.99619 1.03072
1.99697 1.03198
1.9976 0.966001
1.998 1.00085
1.99856 1.06815
1.99894 0.942092
1.99943 1.04
1.99981 1.14711
2.00042 0.984439
2.00093 0.895284
2.00148 1.06874
2.00192 1.00346
2.00233 0.878328
2.00286 1.01046
2.00328 0.966036
2.00377 1.05254
2.00417 0.98667
2.00457 1.18428
2.00511 1.26824
2.00559 1.09314
2.00611 1.03457
2.00661 1.04947
2.00699 1.0207
2.00747 1.01302
2.00801 1.02852
2.00862 1.10346
2.00899 0.997796
2.00947 1.11695
2.0098 0.992158
2.01015 0.927305
2.01077 0.949731
2.0113 0.906372
2.01186 0.948871
2.01225 1.21457
2.01276 1.09338
2.01339 1.02733
2.01384 1.138
2.01448 1.10168
2.01494 1.03377
2.01544 0.992985
2.0158 1.02376
2.01629 0.971529
2.01686 1.03663
2.01752 1.03071
2.01792 1.00442
2.0185 0.928962
2.01904 1.05946
2.01958 1.00725
2.02014 1.17631
2.02071 1.16232
2.02109 1.11491
2.02156 1.01108
2.02206 1.08685
2.02255 1.0155
2.02301 1.01718
2.02372 1.12418
2.02417 1.17215
2.02467 1.10464
2.02504 1.03731
2.02547 1.01857
2.02598 1.01948
2.02653 1.13745
2.02697 1.16469
2.02738 1.02617
2.02796 0.873504
2.02844 0.9046
2.02895 0.926334
2.02931 0.999245
2.02986 1.10014
2.03027 1.07015
2.0307 1.10461
2.03107 1.082
2.03149 1.11795
2.03204 0.984046
2.0325 0.901919
2.03293 0.991779
2.03347 1.13438
2.03398 1.10437
2.03454 1.10155
2.03503 0.956125
2.03557 0.97417
2.03607 1.15284
2.03661 1.03398
2.03727 1.04817
2.03768 1.10007
2.03811 1.12793
2.03862 1.05149
2.03915 1.15639
2.03957 1.11036
2.04015 0.95405
2.04068 0.975723
2.04105 0.970681
2.04149 0.96743
2.04199 0.993003
2.04234 1.02477
2.04291 1.14415
2.04329 1.05726
2.04464 1.06597
2.04516 1.00756
2.04593 0.93161
2.04644 1.12512
2.04684 0.919254
2.04727 0.851941
2.04807 1.06251
2.04851 0.922324
2.04903 0.976157
2.04949 0.942182
2.05004 0.921538
2.05049 1.28518
2.0511 1.13282
2.05158 1.09805
2.05232 0.896523
2.05281 1.20315
2.05332 1.25697
2.05371 1.03371
2.05438 1.12804
2.05526 1.0902
2.0557 1.01554
2.05625 1.09584
2.05671 1.30239
2.05716 1.02155
2.05763 1.08884
2.05808 1.05717
2.05849 0.962952
2.05916 0.891578
2.05962 1.02709
2.06018 1.09208
2.06054 0.978166
2.06098 0.921248
2.06141 0.928004
2.06195 1.00461
2.06231 1.00682
2.06289 1.11807
2.06334 1.24516
2.06398 1.06197
2.06451 0.984939
2.065 0.851371
2.06542 1.05933
2.06577 1.134
2.06628 1.25517
2.06683 0.9944
2.06728 1.06781
2.06771 0.942226
2.06815 0.958654
2.06882 1.10143
2.0695 1.01735
2.07001 0.952374
2.07048 1.10387
2.07104 1.1032
2.07141 0.994312
2.07192 0.986423
2.07237 0.939136
2.07297 1.01914
2.07339 0.906282
2.0739 1.06636
2.07452 1.17613
2.07493 0.920981
2.07565 0.954914
2.07612 0.991341
2.0765 1.02042
2.07737 0.967085
2.07782 0.968664
2.07826 0.953872
2.07872 0.883507
2.07931 0.970464
2.07985 1.05651
2.08053 0.973761
2.08105 1.03305
2.08155 1.07124
2.0819 0.901166
2.08238 0.935305
2.08287 1.05245
2.08345 0.92025
2.08388 1.09684
2.08451 0.966802
2.08488 1.04192
2.08519 1.08165
2.0857 1.01717
2.08612 0.971881
2.08648 0.975203
2.08703 0.83377
2.08754 0.888638
2.08813 0.935228
2.08854 0.941038
2.089 0.950856
2.08936 0.985349
2.08979 0.76806
2.09039 0.792132
2.09083 0.840147
2.09141 1.06222
2.0919 0.86518
2.09234 0.843785
2.09279 1.13229
2.09318 0.781849
2.09361 1.08297
2.09412 0.957224
2.0945 1.06076
2.09487 0.932674
2.09522 1.0467
2.09566 1.10944
2.09612 1.00407
2.09669 1.10062
2.0972 1.10263
2.09779 1.26893
2.09829 1.00181
2.09864 1.07358
2.09919 1.00081
2.09958 1.0335
2.09991 0.903109
2.10046 0.954418
2.10094 0.978974
2.10137 0.906906
2.10187 0.950118
2.10249 1.01302
2.10285 0.970799
2.1032 0.959699
2.10357 1.02769
2.10404 0.950899
2.10456 1.06258
2.10532 0.998616
2.10597 1.00995
2.10653 1.01262
2.10724 1.02997
2.10763 1.00187
2.10822 1.04615
2.10864 0.911444
2.10914 0.99415
2.10952 1.05023
2.10996 1.00154
2.11063 0.997672
2.11097 0.887478
2.11144 1.00785
2.11182 1.03384
2.1122 1.00492
2.11267 0.998745
2.11325 1.06712
2.11371 1.06036
2.11408 0.917685
2.11468 1.00092
2.11524 0.9945
2.11574 1.0249
2.11613 0.94823
2.11669 0.866711
2.11719 0.964689
2.11784 0.955577
2.1183 0.996081
2.11878 0.874023
2.11913 0.963663
2.11946 1.13206
2.11985 1.11697
2.12023 0.998926
2.12065 1.2205
2.12108 1.11102
2.1215 1.05484
2.12195 1.01118
2.12249 1.0385
2.12302 1.11041
2.12361 1.01439
2.124 0.980861
2.12448 1.15931
2.12488 1.05086
2.12528 0.960795
2.12567 1.07911
2.12615 1.18171
2.12663 1.17431
2.12703 0.880499
2.12745 1.02284
2.128 1.06794
2.12846 1.06112
2.12897 1.0202
2.12939 0.939308
2.12982 0.994648
2.13029 0.941525
2.13086 0.999851
2.13126 1.02143
2.13183 0.958158
2.13222 0.889046
2.13262 0.880777
2.13304 1.02433
2.13341 0.99245
2.13386 0.92916
2.13437 0.935231
2.13483 1.03081
2.1354 0.951299
2.13602 0.965737
2.13641 1.2058
2.13683 1.16936
2.13735 1.03393
2.13784 0.991533
2.13836 0.957309
2.13886 1.05072
2.13928 1.02329
2.13979 1.0982
2.14039 1.19323
2.14095 1.06338
2.14151 1.00929
2.14201 1.18725
2.14273 1.14681
2.14317 0.984373
2.14365 1.00674
2.14409 0.92904
2.14468 1.03067
2.14512 1.06486
2.14562 1.0743
2.14605 1.17816
2.14647 1.087
2.14698 1.09298
2.14761 1.16883
2.1481 1.12097
2.14845 1.20703
2.14888 1.27562
2.14937 0.978729
2.14983 0.937305
2.15022 1.08322
2.15075 0.97977
2.15125 0.995941
2.15181 1.00313
2.15242 1.06418
2.15295 1.16202
2.15338 1.08961
2.15399 1.13974
2.15442 0.998794
2.15493 0.957086
2.15558 0.958174
2.15591 0.998339
2.15655 1.08783
2.15692 1.13461
2.15744 1.11241
2.1579 1.05348
2.15843 1.0923
2.15884 0.98398
2.15955 1.04758
2.15989 1.19555
2.16044 1.14848
2.16086 1.13397
2.16135 0.958121
2.16184 0.940154
2.16241 0.904963
2.16282 1.03714
2.16333 1.02126
2.16376 1.02533
2.16412 0.97151
2.16465 0.956994
2.16515 1.02829
2.16553 1.08188
2.166 1.00432
2.16638 0.991861
2.16699 1.04582
2.16752 0.891999
2.16803 0.914714
2.16847 1.03462
2.16896 1.12367
2.16938 1.07335
2.17002 1.01042
2.17045 0.909578
2.17092 0.972088
2.1714 1.03632
2.17177 1.03982
2.1723 1.1952
2.17275 1.0263
2.17311 0.940348
2.17342 0.960764
2.17388 0.983972
2.17438 1.03985
2.17486 1.00315
2.17531 0.816334
2.17577 0.909332
2.1763 1.06312
2.17681 1.08888
2.17729 0.96395
2.17764 1.15252
2.17811 1.15431
2.17855 1.00909
2.1792 0.960648
2.17962 0.918788
2.18005 1.05066
2.18049 0.948339
2.18115 0.939918
2.18161 0.993266
2.18226 1.02213
2.18282 1.06992
2.1833 1.04891
2.18368 1.04398
2.18414 0.930364
2.18474 1.11155
2.18516 0.976175
2.18581 1.08257
2.18633 1.08915
2.1867 1.13019
2.1871 1.06857
2.18745 0.983754
2.18786 0.989502
2.18843 1.06488
2.18918 0.847583
2.1897 0.980459
2.19024 0.945528
2.19074 1.0301
2.19108 1.01775
2.19156 0.940709
2.19215 0.939132
2.19283 1.05151
2.19335 1.15112
2.19378 1.14174
2.19425 1.18526
2.19471 1.05043
2.19525 0.983781
2.19577 0.968222
2.19624 1.14222
2.19678 1.00493
2.19743 1.05747
2.1978 0.980844
2.19815 1.03211
2.19865 1.04906
2.19915 0.893033
2.19953 0.900191
2.19994 0.998763
2.20035 1.05477
2.20071 0.994065
2.20113 1.11943
2.20156 1.01692
2.20204 0.925055
2.20242 0.982559
2.20306 1.20091
2.20357 1.05884
2.20394 0.982562
2.20441 0.963943
2.20492 1.02473
2.2053 1.10255
2.2057 1.22172
2.20626 1.12809
2.20719 1.22916
2.20771 1.00016
2.20826 1.01324
2.20882 1.13047
2.20923 1.18682
2.20965 1.07118
2.21006 1.10212
2.2106 1.03561
2.2111 1.08105
2.21162 1.22102
2.21206 1.12545
2.21255 1.02524
2.21295 1.22242
2.21352 1.06004
2.21399 1.04757
2.2144 1.04442
2.21483 1.14525
2.21529 1.15378
2.21577 1.21071
2.21623 0.964306
2.21673 1.03392
2.21737 1.04498
2.21786 0.982257
2.21827 1.04779
2.21878 1.01606
2.21954 1.09892
2.22008 1.04746
2.22047 0.985196
2.22092 0.976766
2.22149 0.852844
2.22188 0.946048
2.22224 1.01569
2.22262 0.900344
2.22322 0.991548
2.22375 1.11419
2.22409 1.05618
2.22456 1.09009
2.22512 1.12631
2.22556 0.943005
2.22593 1.02748
2.22639 1.02836
2.22691 0.963825
2.22746 0.999497
2.22791 1.06273
2.22838 0.938257
2.22914 1.03736
2.22959 1.14619
2.23016 0.981804
2.23069 0.891145
2.23117 1.06588
2.23163 0.99908
2.23221 0.874488
2.2327 1.00731
2.23346 0.963098
2.23403 1.04936
2.23462 0.984282
2.23509 1.17988
2.23556 1.2643
2.23625 1.08855
2.23666 1.03158
2.23716 1.04439
2.23762 1.01657
2.23805 1.00937
2.23867 1.02354
2.23913 1.09781
2.23958 0.993467
2.23991 1.11182
2.24049 0.988376
2.24097 0.923388
2.2414 0.94608
2.24185 0.904245
2.24233 0.944783
2.24268 1.21137
2.24308 1.08931
2.24363 1.02163
2.24412 1.13275
2.24461 1.09793
2.24503 1.02953
2.24551 0.990245
2.24608 1.01996
2.24653 0.968362
2.24698 1.03286
2.24752 1.0266
2.24801 1.00189
2.24842 0.926336
2.24882 1.05438
2.24928 1.00211
2.24999 1.17119
2.25062 1.1603
2.25109 1.1129
2.25162 1.00879
2.25215 1.08311
2.25266 1.00937
2.25322 1.01373
2.25365 1.12292
2.25402 1.16907
2.25455 1.1011
2.255 1.03436
2.25541 1.01452
2.25593 1.0149
2.25641 1.13546
2.25693 1.16121
2.25747 1.02122
2.25815 0.870244
2.25876 0.901491
2.25912 0.923403
2.25968 0.995344
2.26027 1.09556
2.26088 1.06512
2.26134 1.09855
2.26195 1.07885
2.26229 1.11418
2.2629 0.981052
2.26334 0.898481
2.26374 0.987247
2.26414 1.13074
2.26453 1.09924
2.26491 1.09762
2.26533 0.953038
2.2659 0.969523
2.2666 1.15021
2.26718 1.0309
2.26757 1.04455
2.26807 1.09705
2.2686 1.12649
2.2691 1.0482
2.2697 1.15347
2.27025 1.10821
2.27085 0.950529
2.27135 0.970641
2.27176 0.966072
2.27219 0.964427
2.2726 0.988763
2.27314 1.02088
2.27374 1.1408
2.27418 1.05637
2.27465 1.06222
2.27522 1.00269
2.27588 0.9285
2.27627 1.12097
2.27694 0.916255
2.27736 0.848341
2.27793 1.05918
2.27853 0.917986
2.27889 0.971948
2.2794 0.940538
2.27988 0.917826
2.28054 1.28162
2.28092 1.12936
2.28128 1.09534
2.28179 0.893019
2.28223 1.2007
2.28262 1.25348
2.283 1.02916
2.28343 1.12428
2.2839 1.08719
2.28428 1.01066
2.28471 1.09259
2.28534 1.29846
2.28583 1.01778
2.28634 1.0857
2.28679 1.05368
2.28726 0.959079
2.28766 0.889559
2.28815 1.02357
2.28856 1.08807
2.289 0.973627
2.28942 0.917973
2.28991 0.923825
2.29043 1.00034
2.29078 1.00359
2.29129 1.11335
2.29164 1.24353
2.29213 1.05815
2.29268 0.982884
2.29327 0.848416
2.29383 1.05639
2.2943 1.12945
2.29485 1.25096
2.29534 0.991195
2.29589 1.06237
2.29628 0.937522
2.29674 0.954348
2.29723 1.09801
2.2976 1.01477
2.29798 0.949487
2.29856 1.10007
2.29891 1.09879
2.29942 0.990901
2.29987 0.983383
2.30033 0.935718
2.30078 1.01537
2.30122 0.902436
2.30163 1.06307
2.30223 1.17189
2.30269 0.917446
2.30315 0.951237
2.30357 0.987514
2.30396 1.01693
2.30433 0.963401
2.30481 0.965409
2.30531 0.950003
2.30572 0.879677
2.30604 0.966297
2.30651 1.05288
2.30696 0.969536
2.30739 1.03139
2.30778 1.0671
2.30832 0.898304
2.30892 0.931545
2.30934 1.04833
2.30977 0.916249
2.31021 1.09153
2.3106 0.962989
2.31099 1.0395
2.31136 1.07784
2.31191 1.01439
2.31246 0.968581
2.31291 0.971888
2.3134 0.829718
2.31394 0.88403
2.31433 0.93143
2.31482 0.935788
2.31529 0.947978
2.31582 0.981371
2.31617 0.764363
2.3166 0.788449
2.31708 0.836409
2.31743 1.05935
2.31795 0.861163
2.31839 0.840229
2.31892 1.12907
2.31941 0.778151
2.3198 1.09429
Avg iter time = 0.00044149 seconds
