0.00112251 nan
0.00130222 nan
0.00147404 nan
0.00168486 nan
0.0018689 nan
0.00207386 nan
0.0022543 nan
0.00242324 nan
0.00259114 nan
0.00275757 nan
0.00293372 nan
0.00311123 nan
0.00329859 nan
0.00346364 nan
0.00362698 nan
0.00379879 nan
0.00395689 nan
0.00412255 nan
0.004281 nan
0.00444709 nan
0.00461532 nan
0.00478967 nan
0.004977 nan
0.00514845 nan
0.00533957 nan
0.00549454 nan
0.00567667 nan
0.00587439 nan
0.00603841 nan
0.00619212 nan
0.00634428 nan
0.0065004 nan
0.00667437 nan
0.00683705 nan
0.0070087 nan
0.00717165 nan
0.00732894 nan
0.00750107 nan
0.0076742 nan
0.00784938 nan
0.00803254 nan
0.00818571 nan
0.00833504 nan
0.00848756 nan
0.00866466 nan
0.0088105 nan
0.00895352 nan
0.0091016 nan
0.0092424 nan
0.00939227 nan
0.00953044 nan
0.00968804 nan
0.00983021 nan
0.00996965 nan
0.0101382 nan
0.0102801 nan
0.0104292 nan
0.0105713 nan
0.0107221 nan
0.0108695 nan
0.0110107 nan
0.0111721 nan
0.0113142 nan
0.0114608 nan
0.0115978 nan
0.0117556 nan
0.0118932 nan
0.0120311 nan
0.0121713 nan
0.012308 nan
0.0124446 nan
0.0125884 nan
0.0127257 nan
0.0128634 nan
0.0130083 nan
0.0131459 nan
0.0132832 nan
0.0134281 nan
0.0135655 nan
0.0137027 nan
0.0138473 nan
0.0139852 nan
0.0141193 nan
0.0143027 nan
0.0144369 nan
0.0145716 nan
0.0147064 nan
0.0148371 nan
0.0149919 nan
0.0151283 nan
0.0152648 nan
0.0154001 nan
0.0155354 nan
0.0156718 nan
0.0158032 nan
0.0159343 nan
0.0160647 nan
0.0161961 nan
0.0163329 nan
0.0164715 nan
0.0166142 nan
0.0167614 nan
0.0168991 nan
0.0170384 nan
0.0171796 nan
0.0173221 nan
0.0174649 nan
0.0176081 nan
0.0177496 nan
0.0179004 nan
0.0180336 nan
0.0181675 nan
0.0183011 nan
0.0184353 nan
0.018587 nan
0.0187286 nan
0.018877 nan
0.019011 nan
0.0191453 nan
0.01928 nan
0.0194232 nan
0.0195769 nan
0.0197261 nan
0.0198687 nan
0.0200022 nan
0.0201357 nan
0.0202691 nan
0.0204124 nan
0.0205525 nan
0.0206977 nan
0.0208387 nan
0.0209714 nan
0.0211041 nan
0.0212369 nan
0.0213856 nan
0.021525 nan
0.0216697 nan
0.0217992 nan
0.0219319 nan
0.0220656 nan
0.0221958 nan
0.0223571 nan
0.0224976 nan
0.022658 nan
0.0227915 nan
0.0229252 nan
0.0230587 nan
0.0232016 nan
0.0233418 nan
0.0234851 nan
0.0236177 nan
0.0237519 nan
0.0238856 nan
0.0240188 nan
0.0241717 nan
0.024312 nan
0.0244621 nan
0.024595 nan
0.0247289 nan
0.0248585 nan
0.0249962 nan
0.0251488 nan
0.0252959 nan
0.0254371 nan
0.0255697 nan
0.0257029 nan
0.0258363 nan
0.0260172 nan
0.026153 nan
0.0262875 nan
0.0264221 nan
0.0265726 nan
0.0267191 nan
0.0268705 nan
0.0270042 nan
0.0271379 nan
0.0272725 nan
0.0274083 nan
0.0275513 nan
0.0276928 nan
0.027843 nan
0.0279718 nan
0.0281045 nan
0.0282384 nan
0.0283727 nan
0.0285188 nan
0.0286688 nan
0.0288096 nan
0.0289769 nan
0.0291104 nan
0.0292445 nan
0.0293794 nan
0.0295137 nan
0.0296609 nan
0.0298023 nan
0.0299502 nan
0.0300837 nan
0.0302139 nan
0.0303484 nan
0.0304829 nan
0.0306203 nan
0.0307615 nan
0.0309041 nan
0.0310587 nan
0.0311924 nan
0.0313556 nan
0.0314898 nan
0.0316318 nan
0.0317725 nan
0.0319143 nan
0.0320721 nan
0.0322062 nan
0.0323396 nan
0.032469 nan
0.0326128 nan
0.032753 nan
0.0329014 nan
0.0330357 nan
0.0331675 nan
0.0333005 nan
0.0334353 nan
0.0335825 nan
0.0337226 nan
0.0338698 nan
0.0340028 nan
0.0341369 nan
0.0342708 nan
0.0344038 nan
0.0345527 nan
0.0346928 nan
0.0348413 nan
0.0349689 nan
0.035102 nan
0.0352349 nan
0.0353798 nan
0.0355417 nan
0.035681 nan
0.035829 nan
0.0359622 nan
0.0360968 nan
0.036231 nan
0.0363727 nan
0.0365128 nan
0.036655 nan
0.0367958 nan
0.036928 nan
0.0370603 nan
0.0371928 nan
0.0373381 nan
0.0374739 nan
0.0376493 nan
0.0377845 nan
0.0379228 nan
0.0380733 nan
0.038214 nan
0.0383645 nan
0.0384981 nan
0.0386322 nan
0.0387686 nan
0.0389047 nan
0.0390547 nan
0.0391959 nan
0.0393408 nan
0.0394752 nan
0.0396088 nan
0.0397425 nan
0.0398771 nan
0.040032 nan
0.0401721 nan
0.0403092 nan
0.0404414 nan
0.0405712 nan
0.0407058 nan
0.040857 nan
0.0409967 nan
0.0411448 nan
0.0412769 nan
0.0414096 nan
0.0415419 nan
0.0416818 nan
0.0418224 nan
0.0419637 nan
0.0421052 nan
0.0422397 nan
0.0423746 nan
0.0425054 nan
0.0426504 nan
0.0427866 nan
0.0429379 nan
0.0430676 nan
0.0432018 nan
0.0433366 nan
0.0434704 nan
0.0436105 nan
0.0437506 nan
0.0438905 nan
0.0440231 nan
0.0441567 nan
0.0442899 nan
0.044433 nan
0.0445734 nan
0.0447208 nan
0.0448617 nan
0.0449946 nan
0.0451282 nan
0.0452568 nan
0.0453995 nan
0.0455397 nan
0.0456981 nan
0.0458265 nan
0.0459595 nan
0.0460918 nan
0.0462378 nan
0.0463785 nan
0.0465187 nan
0.046668 nan
0.0468015 nan
0.0469356 nan
0.0470694 nan
0.0472151 nan
0.0473632 nan
0.0475031 nan
0.0476556 nan
0.0477898 nan
0.0479239 nan
0.0480569 nan
0.0481998 nan
0.0483406 nan
0.0484964 nan
0.0486368 nan
0.0487695 nan
0.0489025 nan
0.0490368 nan
0.0491863 nan
0.0493657 nan
0.0494992 nan
0.0496411 nan
0.0497832 nan
0.0499247 nan
0.0500783 nan
0.0502129 nan
0.0503462 nan
0.0504803 nan
0.0506151 nan
0.0507687 nan
0.0509099 nan
0.0510581 nan
0.0511928 nan
0.051326 nan
0.0514596 nan
0.0516068 nan
0.0517485 nan
0.0519057 nan
0.0520527 nan
0.0521821 nan
0.0523166 nan
0.0524502 nan
0.0525952 nan
0.0527354 nan
0.0528826 nan
0.0530252 nan
0.0531589 nan
0.0532895 nan
0.053422 nan
0.0535759 nan
0.0537119 nan
0.0538628 nan
0.0539923 nan
0.0541263 nan
0.0542602 nan
0.0543943 nan
0.054551 nan
0.0546906 nan
0.054843 nan
0.0549758 nan
0.055109 nan
0.0552425 nan
0.0553921 nan
0.0555326 nan
0.0556801 nan
0.0558211 nan
0.0559544 nan
0.0560834 nan
0.0562165 nan
0.0563563 nan
0.0564964 nan
0.0566484 nan
0.0567813 nan
0.0569142 nan
0.0570476 nan
0.0571902 nan
0.0573304 nan
0.05747 nan
0.0576192 nan
0.0577524 nan
0.057886 nan
0.058019 nan
0.058162 nan
0.0583022 nan
0.0584455 nan
0.058587 nan
0.0587217 nan
0.0588554 nan
0.0589851 nan
0.0591313 nan
0.0592714 nan
0.0594212 nan
0.0595557 nan
0.0596892 nan
0.0598228 nan
0.0599662 nan
0.0601066 nan
0.0602471 nan
0.060399 nan
0.0605319 nan
0.0606658 nan
0.0607977 nan
0.0609516 nan
0.0610981 nan
0.0612317 nan
0.0613618 nan
0.0614909 nan
0.0616253 nan
0.0617776 nan
0.0619183 nan
0.0620675 nan
0.0622014 nan
0.0623352 nan
0.062469 nan
0.0625988 nan
0.0627395 nan
0.0628804 nan
0.063045 nan
0.0631782 nan
0.0633132 nan
0.0634469 nan
0.0635896 nan
0.0637432 nan
0.0639006 nan
0.064055 nan
0.0641887 nan
0.0643241 nan
0.0644584 nan
0.0646027 nan
0.0647573 nan
0.0648935 nan
0.0650463 nan
0.0651796 nan
0.0653133 nan
0.0654471 nan
0.0655892 nan
0.0657302 nan
0.0658705 nan
0.0660113 nan
0.0661452 nan
0.0662737 nan
0.0664071 nan
0.0665602 nan
0.0667018 nan
0.0668775 nan
0.0670102 nan
0.0671438 nan
0.0672771 nan
0.067419 nan
0.0675593 nan
0.0677001 nan
0.0678495 nan
0.0679824 nan
0.0681573 nan
0.0682994 nan
0.0684569 nan
0.0685903 nan
0.0687253 nan
0.0688605 nan
0.0690035 nan
0.0691457 nan
0.0692817 nan
0.0694183 nan
0.0695481 nan
0.0696819 nan
0.0698174 nan
0.0699604 nan
0.0701142 nan
0.0702552 nan
0.0704077 nan
0.0705421 nan
0.0706751 nan
0.0708089 nan
0.0709503 nan
0.071092 nan
0.0712327 nan
0.071381 nan
0.0715146 nan
0.0716486 nan
0.0717805 nan
0.0719246 nan
0.0720648 nan
0.0722092 nan
0.0723519 nan
0.0724859 nan
0.0726193 nan
0.0727526 nan
0.072901 nan
0.0730421 nan
0.0731919 nan
0.0733255 nan
0.0734596 nan
0.0735944 nan
0.0737283 nan
0.0738736 nan
0.0740155 nan
0.0741652 nan
0.0742987 nan
0.0744286 nan
0.0745618 nan
0.0747036 nan
0.0748562 nan
0.0749957 nan
0.075154 nan
0.0752868 nan
0.0754201 nan
0.0755536 nan
0.0756879 nan
0.0758435 nan
0.0759939 nan
0.0761437 nan
0.0762767 nan
0.0764098 nan
0.0765387 nan
0.0766727 nan
0.0768277 nan
0.0769692 nan
0.0771177 nan
0.0772502 nan
0.0773829 nan
0.0775153 nan
0.0776581 nan
0.0777989 nan
0.0779388 nan
0.0780809 nan
0.0782137 nan
0.0783466 nan
0.0784808 nan
0.0786245 nan
0.0787641 nan
0.0789053 nan
0.0790629 nan
0.0791986 nan
0.0793317 nan
0.0794651 nan
0.0796083 nan
0.0797483 nan
0.0799334 nan
0.0800688 nan
0.0802236 nan
0.0803652 nan
0.0805166 nan
0.0806501 nan
0.0807835 nan
0.0809174 nan
0.0810522 nan
0.0812154 nan
0.0813568 nan
0.0815166 nan
0.0816507 nan
0.0817843 nan
0.0819182 nan
0.0820519 nan
0.0821989 nan
0.0823408 nan
0.0824923 nan
0.0826271 nan
0.0827611 nan
0.0828951 nan
0.0830286 nan
0.0831798 nan
0.0833213 nan
0.0834688 nan
0.0836098 nan
0.0837445 nan
0.0838777 nan
0.0840106 nan
0.0841579 nan
0.0843087 nan
0.0844597 nan
0.084593