0.0321955937133 22.4267238103
0.0404745171056 22.2506913476
0.0487842553492 21.9956714839
0.0580954762613 21.9673744256
0.0734602352121 21.9665340713
0.0797468599469 22.1908330553
0.0865885470679 21.9182966404
0.0936546295166 21.9161590758
0.100256118822 21.6502283769
0.107005361389 21.684604332
0.114229073654 21.8005111173
0.123399652424 21.634848239
0.13558732119 21.3679692211
0.14356915781 21.5227595904
0.152076427152 21.4312414394
0.159852831431 21.540514867
0.168294125386 21.2332682039
0.175515467278 21.6563319306
0.181803672261 21.5942831858
0.188954693082 21.2140560167
0.199434903034 21.134677666
0.207957579802 21.5201396348
0.214772402693 21.2944514665
0.220376359952 21.3581535783
0.225768563874 21.1981472598
0.232133015861 21.431841425
0.239954062168 20.9666385753
0.246980638397 21.1028305954
0.259520702642 21.252201005
0.266657501224 21.0383409118
0.27401988032 21.0730767644
0.280300184059 20.9503220702
0.285908487003 20.9221293536
0.292069877021 21.0381978609
0.299923318428 20.6698629388
0.308541995309 20.8757236625
0.319250551211 21.0807844119
0.326238806406 20.9384602206
0.333690864621 20.697243474
0.340119316685 20.8895433858
0.34670460844 20.9655073991
0.352943825711 20.7160164506
0.360476476614 20.9110222575
0.36817149808 20.6017783953
0.375326864585 20.7156613275
0.382601539873 20.7448837521
0.389034732683 20.7972762061
0.396570149021 20.867334862
0.405689369706 20.9006291294
0.41383910776 20.5072281092
0.420802474037 20.6025185513
0.427890284907 20.462713548
0.435468763025 20.5396663891
0.445148181904 20.6924598835
0.452801721839 20.5972323068
0.46099412661 20.2864987213
0.470561347826 20.5535043727
0.482877806868 20.4540372966
0.490785371795 20.3806334344
0.498250467062 20.3016163312
0.506292353137 20.357772307
0.512008508059 20.4040274779
0.518397058841 20.455494528
0.524268473207 20.1437188667
0.530122899899 20.1040069542
0.538480440668 20.0634191794
0.545027806453 20.1951254235
0.550967566579 20.1392766551
0.557361648231 20.2126731874
0.56451227399 20.1049844477
0.5708305037 20.0333358102
0.576899844227 20.1615391393
0.58279219689 19.9404639701
0.589731464373 19.9884489083
0.597284263448 19.8797786906
0.604877753929 19.8472230107
0.610781958458 19.9445441796
0.617255052549 19.9646833391
0.622772491187 19.8000866944
0.629036202315 19.7315851079
0.634988604431 19.9814864396
0.642794638374 19.7604234074
0.650004523462 19.8675956328
0.655803641446 19.7393706072
0.661161079895 19.6586586152
0.66772306298 19.8451157069
0.675711615658 19.7711708325
0.685012564953 19.5581058375
0.690766250785 19.5726952641
0.69903845812 19.8824790992
0.706357380374 19.4562852819
0.712295955314 19.6184541958
0.71802356704 19.5964010219
0.723710882423 19.5159117997
0.729476815182 19.4874437623
0.738458949285 19.5026124728
0.743758708652 19.4695372914
0.7487096281 19.5019134877
0.760982235238 19.4804679037
0.76789424343 19.5600632632
0.774020077851 19.4503062981
0.779751640199 19.3395796397
0.784719942384 19.5140648201
0.791536740587 19.2652216687
0.801905938061 19.1628629311
0.80812856272 19.4118779638
0.814358298499 19.3088870518
0.821073960779 19.1822484397
0.827398906547 19.1177090761
0.833139160264 19.1965500671
0.840193785909 19.0723684164
0.846437743926 19.2638685789
0.8522996768 19.1102320942
0.861079143995 19.273989936
0.866001618965 19.0005032134
0.871699601027 19.1049230982
0.876652890848 19.0896154437
0.882445687837 18.9627363395
0.887931521499 19.0583171774
0.893195330207 18.9154305077
0.898355237557 18.9520257407
0.90333223111 18.90978682
0.910912289476 18.9976123208
0.918956150862 18.9388961909
0.92483151585 19.0055452327
0.930578090562 18.9142520348
0.93601098589 19.1893497945
0.942002894226 18.9529906301
0.947756580057 18.9569457313
0.953656438901 18.9914953526
0.958552444704 18.7695928928
0.96317743784 18.7246147897
0.968919666868 18.7894284101
0.976976960368 18.7075724839
0.982656374506 18.7542934757
0.988468529543 18.6595332554
0.993524930597 18.8931675494
0.999216196602 18.7736086588
1.00513264806 18.6035750483
1.01065403732 18.5570211218
1.01673799515 18.5215649036
1.02128081535 18.6110735076
1.02806403326 18.5848695807
1.03412389229 18.5838068949
1.0399384177 18.6023002576
1.04585368397 18.425865908
1.0516930983 18.4906562396
1.05665823999 18.4471742467
1.06168698669 18.3984953154
1.06700610411 18.5432110227
1.07203090018 18.4113848509
1.07959357581 18.4966917831
1.08594578087 18.3297388877
1.09098835475 18.3420513786
1.09681275672 18.3442490577
1.10266441797 18.5788372766
1.10793494274 18.3450199777
1.11263736806 18.3227833378
1.11739944778 18.2542196196
1.12310019528 18.3876875804
1.12878632548 18.2593208906
1.1348880611 18.2898554888
1.14204303254 18.2502027091
1.14776234797 18.5343409288
1.15267968713 18.1469708438
1.15859337315 18.2345643728
1.16429451571 18.1339292324
1.1705440046 18.0722907771
1.17621946811 18.0733677632
1.18189927731 17.9847383644
1.18762135817 18.1002823458
1.19302896952 17.9755544113
1.20052369445 18.0754757703
1.20526523093 18.049732073
1.2110185217 17.8871867035
1.21736243045 18.1186242549
1.22252194274 18.0005038214
1.22774624523 17.9527886671
1.23249963358 18.0780775113
1.23832838123 18.0167291382
1.24403110404 17.8000360991
1.2510280506 17.9473324449
1.26037680242 17.8100233179
1.26616248829 17.7801557904
1.27132990182 17.7895525337
1.27651943884 17.7783769717
1.28225416168 17.7075715232
1.28804103274 17.7949912256
1.29438375631 17.6491953274
1.30014613351 17.7635732259
1.30591364651 17.6888709283
1.31086772646 17.6405417479
1.31655938753 17.64492191
1.32216373985 17.7361377596
1.32820819146 17.8257309335
1.3339930872 17.5898244611
1.33878124102 17.5645080488
1.34461117386 17.5155105308
1.35042688446 17.5777667008
1.35510955667 17.7655337038
1.360790156 17.430029622
1.36745683057 17.494184972
1.37262779966 17.4123191141
1.37875363408 17.4339059074
1.38441290004 17.3251491272
1.3901851538 17.3447211405
1.3960091607 17.4383564351
1.40132788306 17.390710307
1.4070626059 17.3786543546
1.41301777345 17.4783230131
1.41827644635 17.3599757277
1.4263175423 17.2740455965
1.43227073454 17.2093917953
1.43802363025 17.335581273
1.44369593327 17.206022929
1.44939865608 17.269806108
1.45403234058 17.211230046
1.45986740923 17.2790247983
1.46555511967 17.1886328793
1.47108559536 17.134131423
1.47631424353 17.2527287585
1.48084442174 17.1558115586
1.48654437911 17.2804194107
1.49249638617 17.1889942197
1.4981643435 17.1820079383
1.5034261769 17.0863812853
1.50921502327 17.0101864842
1.51460090619 17.1285688551
1.51984772723 17.0981862589
1.52599647526 17.1032821935
1.53505841192 17.2488771186
1.54076864091 17.268514095
1.54819502008 17.0608309401
1.5533553225 17.1105994265
1.5594092556 17.174536299
1.56453084191 17.1980539862
1.56977410739 16.9351524836
1.57495890365 16.9927595499
1.58066676227 16.9179653448
1.5865061766 17.0346599285
1.59259764061 16.9849121158
1.59745374513 16.8439665463
1.60320150503 16.853783432
1.60894807974 16.6934242919
1.61397129557 16.7549052889
1.62036419204 16.7306348756
1.62505397537 16.6940265166
1.63023956177 16.8570779985
1.63606119829 16.6664184299
1.64411177574 16.7323682771
1.6490583495 16.5940780569
1.65484798599 16.5949272103
1.6602737702 16.6987052854
1.66602350541 16.6533166523
1.67167328988 16.5141658394
1.67732109905 16.7905624745
1.68467123122 16.6168322481
1.68935587874 16.5781322038
1.69395756321 16.5620315475
1.70227480763 16.4907858504
1.70698078852 16.5236524164
1.71177486828 16.5514178124
1.71781615939 16.6362814587
1.72355759829 16.6692048792
1.72884708604 16.4919881055
1.73396551186 16.3797070765
1.739314654 16.4270100015
1.74428848706 16.3468122184
1.75001530866 16.3424937719
1.75767753996 16.399461412
1.76248939752 16.6410398197
1.76899567683 16.3221681219
1.77508832603 16.2813162344
1.78089929588 16.3397257041
1.78694809317 16.4475672498
1.79291827309 16.4747807044
1.79859729216 16.4609054598
1.80430791622 16.2710154546
1.80902298353 16.1551767666
1.8189595879 16.1283391931
1.82475870589 16.164655091
1.82966221787 16.1952618535
1.8347146683 16.0739073247
1.84045768746 16.2979111242
1.84636584261 16.2640033379
1.85223212116 16.0806819565
1.85799173293 16.0642344438
1.86306314635 16.0786553569
1.86771381853 16.2213442255
1.87477041948 16.0087588331
1.88050988307 16.0098832134
1.88533438262 16.1203347665
1.89138317991 16.0048030202
1.89605992619 15.984404274
1.90185746393 15.9806945285
1.90690280324 16.0967630587
1.91264542733 16.0194392125
1.91838607611 16.0888829951
1.92353689703 15.8709129283
1.93174944997 15.9179505734
1.93638036904 16.0131042571
1.94219528952 15.9163044196
1.94691035683 16.0833427933
1.95276794402 15.9794093301
1.95880963019 15.8241268297
1.96354129012 15.9050939483
1.96933290193 15.7436518378
1.97402268526 15.7808072201
1.97885943173 15.7393395125
1.98604640322 15.7374574027
1.99180759523 15.7158855175
1.99777421958 15.8803981608
2.00380010327 15.7870116568
2.00974736958 15.6388055764
2.01553740113 15.6302293583
2.02102560517 15.7118903357
2.02685514294 15.5989667001
2.03180448214 15.5880198541
2.03754987166 15.6062874792
2.0444342255 15.7910671611
2.05005477537 15.8013923553
2.05579186859 15.6180750595
2.06093597345 15.7104795417
2.0659402263 15.5374188453
2.07175080109 15.5359444922
2.07797461093 15.4493987896
2.08390488957 15.515636555
2.0896376371 15.4643971785
2.09897137656 15.4125110713
2.10484002549 15.4097282849
2.11094452655 15.4066807822
2.11680013843 15.3599778105
2.12263125645 15.4598160754
2.12838138672 15.3220186749
2.13426228258 15.3569424186
2.13988480776 15.3074613843
2.14560333306 15.307040279
2.15162052538 15.2962623903
2.15745559402 15.6238748197
2.16324878607 15.2833712337
2.16857619979 15.2320094984
2.17452386116 15.371930104
2.17944949663 15.3571439493
2.18516999724 15.3563448661
2.19095291767 15.1493281925
2.19659401078 15.1337750286
2.20243816585 15.1603399168
2.20751985089 15.1161473044
2.21414820442 15.1275582845
2.21997537182 15.2519550944
2.22573893421 15.2004982932
2.23141202735 15.1457585522
2.23718981198 15.144372555
2.2423876453 15.0820181754
2.24725955231 15.0570338695
2.25299664553 15.159229439
2.25831260244 15.0433446875
2.26406589321 15.057410854
2.27141246982 15.1299129086
2.27721079768 14.9998518122
2.28197801321 14.963889766
2.28771313112 15.2852417954
2.29327758216 14.9643369667
2.29907946558 15.475449945
2.30501250964 14.8773142661
2.31098585006 15.0649609105
2.31681736314 14.8910923091
2.32241104878 14.8961734965
2.32745915353 14.9455039569
2.33340602478 14.9272953252
2.33894400665 14.8454802473
2.34460485287 14.8231853781
2.35064851435 14.8837469439
2.35666412642 14.750776255
2.36240556532 14.7451021679
2.36707006468 14.9851665739
2.37273525658 14.6925309516
2.37774859585 14.7212268821
2.38385862778 14.7532193112
2.38978969654 14.7282151186
2.39506456699 14.9447654409
2.40004235067 14.769151211
2.40578062907 14.7238738711
2.41151258648 14.8202544316
2.41800029788 14.6571269978
2.4236694404 15.0999142031
2.4288633231 14.6433925126
2.43360999539 14.6057386508
2.44180437547 14.5641227895
2.44749524641 14.6948290192
2.45309801849 14.6685422606
2.45813466643 14.5148499819
2.46275254845 14.6011528426
2.46781882606 14.7251179035
2.47320312873 14.5105800154
2.4778664429 14.4935860873
2.48268857208 14.4427350712
2.48852206047 14.4413800818
2.49543288348 14.4311088063
2.50190321213 14.432208904
2.50771694742 14.5298218984
2.51298707712 14.3988988468
2.51781513223 14.4636199716
2.52256180452 14.3805963738
2.52828072488 14.4650188005
2.53311865654 14.4093363113
2.53797594624 14.3311989556
2.54421200302 14.3770343785
2.5522203088 14.427368627
2.55757182132 14.3214461698
2.56275108672 14.3370977319
2.56722477103 14.2830630756
2.57307050636 14.1745268698
2.57875782174 14.3019824421
2.58443328525 14.7707086926
2.59042045284 14.2278835155
2.59612001515 14.1991757295
2.6019874789 14.1316909372
2.60794027608 14.1110881775
2.61265534339 14.1709274754
2.61848646142 14.0622332177
2.62422039414 14.0549891387
2.62994207993 14.0220496041
2.6357131485 14.1144572117
2.64150041462 14.054430997
2.64689380373 14.019595357
2.6525969216 13.9905605192
2.66090586972 14.0179383419
2.6659922955 13.9969286773
2.67130864748 14.0298002207
2.67621097427 13.9823505003
2.68261572261 13.9805859246
2.68831567998 14.0662287142
2.69406778556 14.0947275791
2.69986729861 14.3176411106
2.70490355149 13.9167201989
2.71087373141 13.962791887
2.72026119932 13.9362333609
2.7268504417 13.9125272051
2.73251721385 13.8635621285
2.7381484304 13.8926869943
2.74390211623 13.8989161658
2.74899249263 13.8078828769
2.75477857356 13.7910212185
2.76060021009 13.9770528415
2.76629740203 13.8624931088
2.77201316189 13.8099329905
2.78203312438 13.7243245016
2.78768093355 13.7293583364
2.79277526057 13.7433804096
2.79842583517 13.7495323818
2.80459433631 13.7384470691
2.81035078758 13.6795726052
2.81595237446 13.7103389297
2.82083692346 13.7410638525
2.82635554729 13.6769181191
2.83114054061 13.7153887407
2.83873008047 13.8865791591
2.84446282801 13.6016308913
2.85051518086 13.7037486259
2.85625701482 13.5449295636
2.8640689747 13.5989372739
2.86997159898 13.5292620202
2.87568024772 13.6414117437
2.88087057486 13.4800496409
2.88687986593 13.5512137698
2.89466812208 13.4847623515
2.90040363505 13.5037183697
2.90610161711 13.5270279985
2.91179762386 13.3945813689
2.91764335918 13.6327506456
2.92338637833 13.3669770513
2.9283329521 13.4906479969
2.93415063801 13.5210685351
2.93965108897 13.2944263447
2.94512704608 13.3516308662
2.95054097842 13.294395373
2.95563570051 13.3466076653
2.96137990485 13.2826929558
2.96619136734 13.3189140974
2.97154999097 13.3223860862
2.97660836734 13.2272848048
2.9812957803 13.22261433
2.98666744099 13.2103750943
2.99237253417 13.2137214512
2.99811081258 13.19572134
3.00363812777 13.292803763
3.00942618401 13.2048681704
3.01555004312 13.3733454755
3.0213345438 13.1656337616
3.02718936556 13.2509055127
3.03218255666 13.2607701514
3.03797416846 13.3593705713
3.0436535826 13.1670064009
3.04916232987 13.162075388
3.0546777932 13.1539566487
3.06196353023 13.1817038687
3.06759237641 13.3104679649
3.07238487591 13.3560210164
3.07768898096 13.1043867361
3.08346795078 13.1023827923
3.08925679714 13.105466071
3.09499942123 13.3389621922
3.10064683533 13.1696545328
3.1055870881 12.9604523513
3.11024882202 12.9501863624
3.12094276062 13.0630456139
3.12563175384 12.9459260514
3.13140558784 12.9563312495
3.13750100247 12.9804889107
3.14224016858 12.8920453307
3.14695326059 12.9369878401
3.15264176116 12.8973687507
3.15838675562 12.8497977069
3.16414281182 12.9216194416
3.16998025084 12.8353681883
3.1777610008 12.8175368274
3.18292446371 12.8486351115
3.18872832244 12.8465626863
3.19454324292 12.8581068338
3.20035421277 12.7866895598
3.20634098529 12.8675113452
3.21116232434 12.8009978345
3.2163858367 12.8125192662
3.22299483219 12.8474473487
3.23080679207 12.7231287598
3.23621519354 12.7800125657
3.24194636083 12.8746730292
3.24763920708 12.7073322719
3.25341383121 12.7466072527
3.25918964052 12.7450704187
3.26445028873 12.8163886048
3.26980101112 12.6491311828
3.27447815247 12.7270859486
3.27910275054 12.7345937105
3.2843001888 12.7112668367
3.28914207108 12.5899773898
3.2938780767 12.6752873107
3.29966415763 12.5451061419
3.30551028801 12.5255296467
3.31125409729 12.50684192
3.31702516586 12.5159218537
3.32267613552 12.6188082811
3.32830458663 12.640034801
3.33426291468 12.7119359443
3.33931576018 12.4978981081
3.34518480417 12.641347277
3.35067261314 12.4836625019
3.35564249558 12.5705433987
3.36132388503 12.5468555914
3.36743470708 12.5551873323
3.37311254097 12.4396342794
3.37909852338 12.39446778
3.38484470303 12.5069010403
3.39061814197 12.5058932459
3.39917953483 12.3108965849
3.404325615 12.3511519995
3.41001727607 12.534872894
3.41484572624 12.3151182209
3.42053146137 12.3793385925
3.42569492428 12.3263084376
3.43160505474 12.2928054213
3.43748120985 12.2451988145
3.44346087126 12.2255777935
3.44894314936 12.2406431403
3.4566907141 12.3331953686
3.46241714064 12.2973671158
3.46764025794 12.1795506216
3.47273972078 12.2520657801
3.47783523299 12.509222423
3.48364027691 12.2827130441
3.49010744507 12.1719827433
3.49576355053 12.5060308976
3.50070814899 12.2095392787
3.50563773508 12.1335422678
3.51472456066 12.2804510102
3.52011913496 12.246484394
3.52504990623 12.2921999954
3.53118166659 12.1650953641
3.53696932777 12.1085692303
3.54355145902 12.0634341618
3.54836292152 12.1054535018
3.55619819006 12.3251323466
3.56198545618 12.1450609585
3.56776679637 11.9959532823
3.57620374464 12.0043171078
3.58097965153 12.1021898864
3.58646271976 11.9913601175
3.5917502322 11.9991969945
3.59653957121 12.040266776
3.60229602247 12.0199231686
3.60769810295 12.0522038295
3.61335420842 11.9335528419
3.61791480642 11.9719566875
3.62322207197 11.9986087935
3.63192805759 12.0265670255
3.63673477934 11.9276452175
3.64141468612 11.8970395969
3.64727227331 11.9338620529
3.65249736592 11.9253871781
3.65768255725 11.8182226909
3.66272908175 11.8222595233
3.66868385424 11.8654283701
3.67456119454 12.1495903305
3.68024653461 11.841277415
3.68689582644 11.9335727305
3.69268941356 11.8861912484
3.6983478894 11.8565034642
3.70507263811 11.8050722989
3.71016617501 11.7353879285
3.71555521844 11.7458580478
3.72185250985 11.7213957503
3.72709696051 11.7480966222
3.7318112377 11.8740738011
3.73810378837 11.709010596
3.74561036517 11.742602153
3.7515730389 11.7125622106
3.75747566318 11.7106688867
3.7633213985 11.7418040893
3.76963014672 11.6155468401
3.77545454869 11.7807751006
3.78118887647 11.7334062527
3.78682285846 11.5847989371
3.79255165537 11.6760514348
3.79853092172 11.554266811
3.80624372098 11.5538709928
3.81192274006 11.5196730223
3.81759227764 11.6088929946
3.82254477734 11.8482231725
3.82842843863 11.6264746431
3.83310083923 11.4652384667
3.83878420399 11.5661360502
3.84441976623 11.4889274011
3.84932564858 11.4897353955
3.85707163307 11.4811792629
3.8634503073 11.4926421952
3.86913564737 11.5103670186
3.87450098706 11.4224297132
3.8803277594 11.3979499784
3.8850033205 11.3835545451
3.89084984595 11.7100357208
3.89568580229 11.4100087806
3.90061538838 11.3396004472
3.90514872709 11.3307088193
3.91115248729 11.3644228331
3.9169314571 11.3042355576
3.92271951335 11.4235124854
3.92845858188 11.4006199426
3.93433592218 11.3838218397
3.93990629915 11.3471036495
3.94536882414 11.5151626614
3.95015855821 11.4543065082
3.95606355287 11.3541799407
3.96194286848 11.3335256299
3.96985201365 11.2333495179
3.975742391 11.3113210987
3.981116027 11.2410048712
3.98579869922 11.2523626939
3.99161045919 11.2674769065
3.99736967589 11.1618379447
4.00315299139 11.2614714832
4.00896475137 11.1401748056
4.01389710289 11.4036397226
4.0187690099 11.1639818469
4.02580822812 11.1883551829
4.03153030897 11.0822844821
4.03647925311 11.1954216509
4.04226256861 11.1208305281
4.04797516797 11.2205832551
4.05263137102 11.4359314791
4.05737527788 11.3916414447
4.06279316084 11.2149100307
4.06864126654 11.0280385451
4.07443722402 11.0253966005
4.07955327947 11.0212643075
4.08522953311 11.0367819987
4.09095358928 10.9763869
4.09691665807 11.0170528629
4.10292673927 11.0919306336
4.10843864704 10.9748449788
4.11448625914 10.9349968653
4.12045209338 10.9725163726
4.12628242127 11.1412690427
4.1320278108 10.9349282557
4.13881774477 10.9441734056
4.14361024428 11.0408432642
4.14880531216 10.99009827
4.15448512137 11.049388682
4.15918557138 11.0335749679
4.16492543004 11.0499840099
4.17058390588 11.0743335945
4.17596504806 10.8887416295
4.18104357259 11.1832464244
4.18573533124 10.8393393555
4.19550916999 10.8751040501
4.20052922532 10.8232058832
4.20604587383 10.7903756165
4.2110509168 10.9626254053
4.21641151575 10.7965100067
4.22216085589 10.8353754242
4.22698496038 11.125311876
4.23267030045 10.9026327547
4.23846823325 10.8688967972
4.24388809152 10.7555914267
4.25292908989 10.6998676346
4.25858203486 10.7127188449
4.26378223856 10.6959092068
4.26954066513 10.6280229805
4.27554284509 10.6807069276
4.28080309824 10.6558204928
4.28630789488 10.6096097224
4.29094987569 10.6064024004
4.29669091953 10.5965425086
4.30331571751 10.610718884
4.30987533022 10.6435882501
4.31586091756 10.64156909
4.32193420871 10.6116402718
4.32905243937 10.7375210869
4.33476345849 10.6569682526
4.33974558785 10.8368813667
4.34543803904 10.6914734276
4.35108347783 10.5481596633
4.35724091722 10.5480733422
4.36228704666 10.6097806476
4.37243145375 10.6045606467
4.37908509126 10.5428735805
4.38540253085 10.5389183735
4.39012865991 10.4851735767
4.3962359264 10.4958165786
4.40170121683 10.5400780127
4.40653480281 10.4478758273
4.41287594612 10.4853743733
4.41819111292 10.4254971358
4.42397640373 10.4646353949
4.4330580935 10.4693815123
4.43794303756 10.5978736289
4.44352329109 10.6234445926
4.44856784028 10.3847672652
4.45371984638 10.4243541383
4.45834049384 10.3619095991
4.46528924281 10.3540721636
4.47098999031 10.3939705282
4.47682071327 10.3203981323
4.48270121407 10.2978281466
4.49130724896 10.4047568795
4.49744809574 10.2982043434
4.50205886664 10.336568213
4.50784218213 10.3967973546
4.51351329997 10.2643741317
4.51929661546 10.2757199123
4.52516684464 10.2208162907
4.53075381423 10.2680361481
4.53611362305 10.2918749493
4.54194395095 10.3070855272
4.54912736687 10.2188555977
4.55419720004 10.1986337443
4.55977547825 10.1749062115
4.56539128738 10.3147719159
4.57107070152 10.4228625835
4.57676986876 10.159184754
4.58137352854 10.1794116563
4.58639595425 10.1455884868
4.59103358937 10.1840025745
4.59639537351 10.1549492751
4.60231656571 10.1561914283
4.60826304189 10.177642165
4.61403727096 10.2759570123
4.61971629003 10.1114814341
4.62548498823 10.3024283304
4.6301419814 10.4281457808
4.63486574009 10.0481944125
4.64055503078 10.1774790006
4.64618664239 10.0579777524
4.65193321711 10.0622300683
4.65742655695 9.97435165866
4.66347811968 10.0598127812
4.66923259563 10.0171882478
4.67497561479 10.1155110685
4.68080989331 9.95192195461
4.68601523281 9.94413438574
4.69103647333 10.3167471653
4.6968158382 10.0247599775
4.70183589353 10.0600896098
4.70757535713 9.96588334212
4.71760124555 10.0431290008
4.72323522754 9.98414241558
4.72934012366 10.1122433402
4.73512659966 9.97016649587
4.74103198937 9.92868290254
4.74564631583 9.90483006459
4.75138301398 9.85325063111
4.75703082315 9.90006820301
4.76238036035 9.83082992603
4.76836831807 9.80208070118
4.77435667084 9.81871756829
4.78013998634 9.83912233884
4.78507075761 9.78633776056
4.78976291132 9.77899601443
4.79558731329 9.77037447734
4.80139354239 9.8194240879
4.80702791944 9.74591279299
4.81192590055 9.84228055082
4.81771948767 10.1336957788
4.82256334526 9.8301816789
4.83024453955 9.76953650711
4.83665047307 9.80520990623
4.84227892418 9.75109218287
4.84715991762 9.67666200964
4.85291399852 9.68834246011
4.85870758563 9.94409835005
4.86402986354 9.7262586981
4.8697163888 9.69804468988
4.87526464229 9.71004262592
4.88106376027 9.70456064898
4.88809547231 9.694081485
4.89356194793 9.64925581245
4.89928521397 9.622403254
4.9050890727 9.76668728818
4.91106794398 9.61571516488
4.91684256811 9.78429923823
4.92204869774 9.64400585439
4.92684356762 10.083292704
4.9322424876 9.59806452968
4.93763034583 9.70773610948
4.94666265283 9.57217222747
4.9518296713 9.62079903488
4.95759323369 9.58942191827
4.96230593063 9.7493471865
4.96751324545 9.60604728957
4.97299552355 9.56960594227
4.97870733279 9.53599264397
4.98463840155 9.49673610309
4.99040117381 9.45994101059
4.99629392153 9.57386940464
5.00146054494 9.47079867333
5.00726321848 9.43696022492
5.01190124867 9.41735675805
5.0177584408 9.44380069618
5.02274057016 9.43795364762
5.02867954016 9.57580848311
5.03357870646 9.42109617861
5.03835303311 9.55584405916
5.04412686711 9.40364770056
5.04966840455 9.38442643579
5.05573260926 9.39477531402
5.06068668921 9.4962699764
5.06575059645 9.34634730191
5.07034754016 9.44204948073
5.07604670741 9.35278258794
5.0818071093 9.47147126714
5.08701521424 9.38207440034
5.09274440622 9.45483527249
5.10001829138 9.57686141497
5.10561869308 9.48565765669
5.11136526779 9.39596200362
5.11630591562 9.25452931019
5.12205723108 9.2493885939
5.12774059584 9.26909005861
5.13275709561 9.22056312437
5.13817181808 9.24029200767
5.14410051646 9.2759929755
5.14882150971 9.31621928902
5.15350339181 9.23573926287
5.15947791741 9.46696052592
5.16678972854 9.2138574338
5.17144356122 9.16020779673
5.17614006061 9.21009058598
5.18087330079 9.16907917058
5.18650293709 9.23080859455
5.19223765994 9.16811449037
5.19794512349 9.15237470389
5.20370236488 9.09996095471
5.20852449405 9.14916265519
5.21380805587 9.10018065842
5.2210906324 9.17174394031
5.2262845151 9.12923099456
5.23120343451 9.18594565019
5.23587820549 9.15187669361
5.24156749618 9.07099687848
5.24725204613 9.30009719279
5.25212079264 9.15709042318
5.25788237971 9.01739408339
5.26394105356 9.49283794248
5.26906263988 9.12804492551
5.274837264 9.3367873763
5.28127638275 8.98988812707
5.28695105614 9.10221784155
5.29314247088 8.97870805324
5.29879462573 9.00379104557
5.3044392744 8.94334255294
5.31012066385 8.99553225216
5.31583523852 8.94459859537
5.32179159126 8.94897231912
5.32730349903 8.90894347674
5.33301096258 8.91628922833
5.3403804528 8.93733360713
5.34519270541 8.94596274787
5.35026253858 9.13830014686
5.35608298993 8.96259045342
5.36133652702 8.88748704421
5.36681090387 9.04920465959
5.37269654048 8.98871679571
5.37778178107 8.89260090018
5.38407077618 9.00561057494
5.38987147442 9.08676258836
5.39991711595 8.81102230852
5.40474635624 8.80922024354
5.40978893012 8.79584074767
5.41553431965 9.01244477083
5.42032918953 8.79394035001
5.42603625802 8.80050953412
5.43061068319 8.78095610092
5.43643627034 8.80005982686
5.44216230182 8.74480397282
5.44829366711 8.79878931926
5.4546288845 9.10215233929
5.46053111372 8.79541858919
5.46631205884 8.73767067544
5.47200806559 8.71996625937
5.47836343115 8.71052955651
5.48313538742 8.78479458312
5.48838497389 8.8714308544
5.4930206337 8.71742543416
5.4987861714 8.7596239435
5.50412543699 8.95145457651
5.51189828571 8.81219635761
5.51675439023 8.63876312562
5.52193523587 8.65689106783
5.52653099441 8.6933727206
5.5321701122 8.70838946621
5.53750305679 8.73893141538
5.5436948666 8.72440198584
5.54943749069 8.72762462076
5.555461004 8.66497081602
5.56025942944 8.64019846924
5.56803346335 8.5858998225
5.57310250639 8.72512546552
5.57895614296 8.98899688969
5.58393787726 8.58942780843
5.58963230376 8.53886044362
5.59531448334 8.60440078443
5.60130520649 8.50638357182
5.60694076872 8.52819986368
5.61202837969 8.5041698321
5.61768527528 8.51514871215
5.62483076523 8.49368730943
5.63057022882 8.52553605462
5.63664035948 8.53332343586
5.64238061319 8.4685409617
5.64836106472 8.64935210636
5.65398121953 8.58133690529
5.65862082997 8.46605151566
5.6643484417 8.52789016564
5.66970390483 8.46279451981
5.67584751705 8.44276387508
5.68162451155 8.41730331223
5.68742165423 8.53527714441
5.69312121654 8.43898541431
5.69941297708 8.53599711859
5.70555935474 8.41118450936
5.7105884965 8.50482532321
5.71613754011 8.49540891142
5.72181695425 8.56303917067
5.72759355369 8.39012766936
5.73333736297 8.37308144886
5.73912304884 8.34408809885
5.74479653704 8.42400496738
5.75045145733 8.37108919459
5.75632208157 8.90386830984
5.76212238474 8.31601672294
5.76756752699 8.32071622837
5.77233000177 8.7114031024
5.7783701077 8.51593444057
5.78328626167 8.28021008326
5.78920587363 8.7243816053
5.79509585592 8.25442330715
5.80011709644 8.29615943172
5.80604223926 8.31111161955
5.81206101183 8.2648493457
5.81784274707 8.22663407395
5.82274388868 8.23137712765
5.82851179675 8.239750632
5.83439940867 8.20828840394
5.83975763724 8.2121392432
5.84509769296 8.36308265659
5.85193819489 8.19836103723
5.85760694235 8.20347159413
5.8633029491 8.43278550134
5.86816814005 8.16247994697
5.87279392331 8.20866256988
5.87793802817 8.1871484606
5.88366761521 8.15970892967
5.8886118186 8.15612279331
5.8933667872 8.21726292977
5.8984812624 8.1370446817
5.90445499787 8.07846526679
5.91007120206 8.14931630303
5.91473254092 8.20054003532
5.91993432486 8.08783688747
5.92555882535 8.08490802276
5.93129552351 8.10482386236
5.93681059178 8.25267635872
5.94255045043 8.11149414861
5.94732912276 8.12796173623
5.95346285843 8.1355592994
5.95939906299 8.11141352133
5.96518040318 8.04769725647
5.97004124844 8.15527247491
5.97527542749 8.07017154782
5.9827128684 8.10804738898
5.98799010922 8.13578545136
5.99436957357 7.98657888677
6.0004033585 8.02242385956
6.00610766156 7.98798495222
6.01184910046 7.9801262999
6.02025602401 8.21976816626
6.02601721602 8.0203552227
6.03215332206 7.92756752052
6.03788369922 8.00252227581
6.04327669327 8.1572372786
6.04851126737 7.9627040967
6.05450594114 7.92661378979
6.05925972455 7.88936124986
6.06433113797 7.90998039104
6.07022467582 7.94214180729
6.07673490576 7.92784097744
6.08245856686 7.92671707499
6.08721551077 7.86004885574
6.09298144353 7.89496695029
6.09868653671 7.87596927473
6.10382116008 7.82339399633
6.10958985828 7.86845943908
6.11537435896 7.92414147812
6.12127066225 7.8455953278
6.12703224932 7.80745853693
6.13179353892 7.83975961783
6.13655680382 7.88575207414
6.14226940318 7.87849089327
6.14796343462 7.80841109541
6.1536863056 7.82176363392
6.15951149769 7.96053923811
6.16474409649 7.75435030924
6.16935131182 7.82591490244
6.17508880011 7.87992628753
6.18078204142 7.89820262451
6.18673049292 7.69048141818
6.19286343846 7.76295866702
6.19865307495 7.71342357289
6.20598187376 7.77848479296
6.21173358428 7.7093880014
6.21658139249 7.72716113816
6.22238288085 7.73558807013
6.22880777735 7.67008994612
6.23455198169 7.65029912989
6.2441077461 7.70562751777
6.24866873916 7.65492334324
6.254333536 7.70165181622
6.26004178968 7.85164634241
6.26500100543 7.69682318733
6.26981009755 7.70751587827
6.27548161045 7.78884533284
6.28030136925 7.63892879507
6.28603569703 7.59532864827
6.29069703589 7.66042492028
6.29966376256 7.60135333174
6.3053609545 7.61711441735
6.31062397309 7.6584906816
6.31585973238 7.60633991515
6.32169045534 7.5848454913
6.32770053653 7.54254797876
6.33363753122 7.66996756074
6.33904158701 7.5815968641
6.34496277922 7.53064428685
6.35072871197 7.61996705206
6.3597732659 7.52908044933
6.36524132177 7.49421711958
6.37146157605 7.59584703153
6.37768973158 7.55819472059
6.38339877539 7.6183925779
6.38982841264 7.51107196557
6.39457666518 7.5193557287
6.40047020303 7.56148699745
6.40520225802 7.54655394968
6.41296681043 7.52274959489
6.41802716211 7.759912831
6.42308277304 7.41775116628
6.42833314963 7.43371025002
6.43398886004 7.43202776708
6.4398602744 7.38919297577
6.44545475017 7.436463095
6.45136290532 7.44261090747
6.45705575157 7.47418202139
6.46291452395 7.39182409923
6.47252717732 7.68937487233
6.47801459123 7.34507988212
6.48380738822 7.34109584578
6.4912681378 7.43325615534
6.49715456453 7.37307204712
6.50184632318 7.41761302138
6.50732741609 7.33312505388
6.51196070553 7.36664583212
6.5168539459 7.36786277635
6.52286600241 7.29198673163
6.5306882339 7.33537212629
6.53648735189 7.29747982133
6.54427521297 7.27996064649
6.5498313677 7.31953908898
6.5557525599 7.33001152315
6.56210634521 7.28237644303
6.56716037589 7.23622695969
6.57320087688 7.38149153884
6.57873846369 7.24489869672
6.588992303 7.25532992998
6.59454134662 7.20982260361
6.59983518005 7.22239720772
6.60571489072 7.19116754979
6.61165860147 7.21304490035
6.6169765337 7.27404558139
6.62193890995 7.25101176305
6.627732102 7.28967582519
6.63350830638 7.54353209184
6.63989764729 7.19227856557
6.64594762977 7.16835516388
6.65100047526 7.21637664613
6.65700937127 7.21160368009
6.66288710663 7.15669807923
6.66877669386 7.15278729232
6.67516366439 7.11949896792
6.68027734946 7.21208664302
6.68593622037 7.15504387253
6.6916930667 7.11630719468
6.70293495656 7.20580649356
6.7088589142 7.18372302142
6.7150779833 7.07435257512
6.72019719925 7.07127843364
6.72503039016 7.23053799068
6.73006032205 7.16493275809
6.73593252654 7.1325296217
6.74184147181 7.07243590319
6.74762755274 7.08495386648
6.75277205267 7.29337246103
6.76327478117 7.07157412774
6.76818619439 7.29701283946
6.7741575595 7.13084462167
6.77998551702 7.16836698299
6.7862235491 7.19113371813
6.79221071669 7.07276462852
6.79812795828 7.05559187074
6.80450110163 7.05015082948
6.81062219531 7.08626762972
6.81727899332 7.10732493406
6.82387376657 7.02157251189
6.82971160065 7.07854753532
6.83597768215 6.97938897089
6.84167250371 7.17302021712
6.84745186858 7.03100692663
6.85402530847 7.04638854908
6.86047588402 6.99008035256
6.86672142229 6.97433143313
6.87544597584 6.98969304319
6.88134662481 7.02287010577
6.88755621241 7.01168698979
6.89429123274 7.08481734539
6.90019227677 7.01146971998
6.90645519777 6.94257972318
6.9130574772 6.95918370626
6.91959812693 6.97842992716
6.9257934923 6.98042139902
6.93344624211 6.99255568584
6.93926590333 6.95400546732
6.94525978697 7.12641249728
6.95132715219 7.03149883287
6.95742256682 7.07678966605
6.96419906868 6.84526892423
6.97097833597 6.89911693454
6.97727088664 7.17070227303
6.98343346185 6.87835778258
6.9942763389 6.83801194875
7.00116977916 6.8244331018
7.00649719289 6.87603461202
7.01163774219 7.00676171795
7.01747320589 6.96012227391
7.02233760672 6.79190150815
7.02902126896 6.87470834679
7.03573772137 6.79599257556
7.04146691334 6.79973189433
7.0510744309 6.77569572077
7.05686327727 7.0237311994
7.06208797482 6.82508482852
7.06861874799 6.86346545091
7.07436729802 6.75605719327
7.07938458791 6.76654015527
7.08488424875 6.78708194761
7.09124791061 6.7241092206
7.09679734929 6.88294940932
7.10256091168 6.73390170521
7.10925603072 6.764188721
7.11501524743 6.8461596746
7.11982710498 7.00706748208
7.1259497789 6.78797650673
7.13117882214 6.72250795564
7.13605902545 6.84631302796
7.14140066141 6.81780673769
7.14743049572 6.74094934253
7.15360136723 6.79158814303
7.16307416858 6.80888735764
7.1690119534 6.76376991251
7.17491418261 6.6916018781
7.18026095438 6.63946781221
7.18571597319 6.63455957948
7.19114294259 6.68209002874
7.19721623374 6.71974332647
7.20234927686 6.67672208833
7.20731244323 6.65143188206
7.21629655265 6.62133904474
7.22145606494 6.71340744349
7.22749617086 6.69034188803
7.23244392981 6.70472900855
7.23862704825 6.58470654585
7.24436532666 6.65425241383
7.25047140797 6.66008388449
7.25623852591 6.65093659797
7.26239754556 6.69288377847
7.26732476127 6.62189318582
7.27515805451 6.68206079171
7.28055065349 6.75375352938
7.28773130398 6.61705608389
7.29370266908 6.86364361531
7.29952391055 6.72603669709
7.30532421372 6.83134438505
7.31090367712 6.66344949083
7.31680156065 6.84000290202
7.32381312452 6.72362676525
7.33235041859 6.62110306804
7.338247512 6.5585989551
7.34348643179 6.56432820398
7.34874747506 6.61207328773
7.35485592674 6.50129155281
7.36136260112 6.4996227278
7.36664300244 6.66894971116
7.37180409498 6.54126991892
7.37768104021 6.4544009055
7.38349872612 6.43277791449
7.39366051594 6.41710083847
7.3985308427 6.57217555499
7.40432798538 6.70564573271
7.40992364633 6.42350399768
7.41465451613 6.43964046752
7.42005067068 6.49639420689
7.42510312111 6.55395990571
7.43078016488 6.40593336175
7.43551221987 6.69363173928
7.44028654651 6.40117762992
7.44836991412 6.36997073999
7.45394779727 6.36682369937
7.45900538351 6.3748098672
7.46466504454 6.35720781171
7.47036855747 6.39625920164
7.47514011868 6.37125644692
7.48096215028 6.58149815051
7.48672729291 6.45527617108
7.49246043551 6.35085677288
7.49812878791 6.43370190543
7.50406064679 6.37128127152
7.50869314611 6.55179261705
7.51616061175 6.42758671628
7.52126284002 6.36387583111
7.52888675029 6.28506980398
7.53650908031 6.30933770603
7.54214424748 6.38389392833
7.54766998242 6.30124959421
7.55243956832 6.24190563462
7.55979641655 6.29038062306
7.56548886774 6.25636607442
7.5700644781 6.41237765986
7.57501776792 6.3766678166
7.58076987351 6.31871380305
7.58595466977 6.31235339044
7.59121966367 6.26023094826
7.59629621289 6.5050903673
7.60158254015 6.21048183971
7.60737928776 6.25649853343
7.61492774115 6.20339644472
7.61963964797 6.19729187751
7.62528587688 6.48628828034
7.6311264764 6.3154511002
7.63686910049 6.29406554223
7.64199108187 6.23708090709
7.64781350852 6.23026471602
7.65253647708 6.2243953381
7.65857223732 6.25530580334
7.66439347879 6.1698366406
7.6734068228 6.31167698724
7.67923201489 6.50387726565
7.6849169599 6.14135095769
7.68989750901 6.13556067742
7.69542837977 6.3197826062
7.70136734977 6.10151900496
7.70770059184 6.06997208167
7.71350721601 6.19281805951
7.71922376599 6.06623220282
7.72425883369 6.2883783031
7.73266141155 6.13679742295
7.73892235724 6.10539682723
7.74409214115 6.09809158696
7.74893836911 6.18864120769
7.75465412897 6.11111316868
7.75953512241 6.28877682671
7.76519478344 6.06987253353
7.77029424627 6.04541461515
7.776028179 6.07074872928
7.78180082781 6.0237514407
7.78836913189 6.05962216806
7.79433891675 6.37163810249
7.79945062651 6.03020509925
7.80481754645 6.05984336094
7.81045626918 6.05049773063
7.8160606215 6.04326683272
7.82100521996 6.2324616066
7.82640730043 6.00049810685
7.83104533062 6.08111540124
7.83857995684 5.94017016614
7.84453907501 5.9887464542
7.84970609348 5.96005852468
7.85535508783 6.12632479721
7.8610289711 5.94903636128
7.86681268165 5.94205618841
7.87254503413 5.91886162021
7.87848518932 6.08556485501
7.88372094861 5.92083036482
7.88942643685 5.97020068785
7.89536540685 6.02691847466
7.90109143833 6.02421182044
7.9069952478 5.88219638518
7.91262014335 6.06762460331
7.91829521181 5.94618279372
7.92420534227 5.90259238616
7.92942332376 5.92792629294
7.93417315655 5.8478848207
7.93989365716 5.8918535422
7.94562205901 6.09540075092
7.95165860937 5.87202278415
7.95753476449 5.93392568531
7.96347847523 6.00777860813
7.96917132149 5.82066568573
7.97454811798 5.83084448041
7.97980679088 5.92152102035
7.98557785945 5.79030053764
7.99127979213 5.95076555327
7.9972661696 5.77831196304
8.00300405294 5.78139590695
8.009851666 5.81762475911
8.01484762254 5.78852104681
8.01958007259 5.83996256334
8.02527015341 5.84220761695
8.03171993883 5.74349866936
8.03728992074 5.73932812478
8.04315106349 5.79034500751
8.04847097103 5.81074692559
8.05425823715 5.75903953776
8.05931108264 5.83588390708
8.06820669812 5.72909009996
8.07369687747 5.76169197696
8.07857747584 5.71841889971
8.0834928397 5.92536829542
8.08972297054 5.75776916665
8.09560702689 5.7735895097
8.10076416881 5.78507482206
8.10650995339 5.75343100016
8.11224665155 5.92772987467
8.11693050895 5.68041116913
8.12703066907 5.85791528546
8.13192232919 5.84231550754
8.13799522528 5.91977806833
8.14292718174 5.67732142863
8.14868007745 5.89421068223
8.15443178797 5.70366004212
8.15952334956 5.80466944551
8.16528730701 5.64148775325
8.17096711621 5.65646352503
8.176688802 5.75427898738
8.1853564666 5.64479956677
8.19013395374 5.64635530711
8.19592161492 5.66475559389
8.20111352231 5.61541843489
8.20620705921 5.71179494215
8.21191847338 5.60577650615
8.21764371474 5.588437268
8.22358466005 5.58744228716
8.22974170439 5.55602514306
8.23718191073 5.59804515962
8.24361786898 5.56093490814
8.24977214788 5.59632954165
8.25553768558 5.67025458737
8.26138144559 5.55794415709
8.26695814356 5.57146989171
8.2726071379 5.68623101088
8.27845998435 5.55835284747
8.28370443501 5.53049748903
8.28953713328 5.50620162696
8.29705003107 5.55274097351
8.30279067985 5.52510791531
8.30772974743 5.69691247295
8.31223345647 5.75282787942
8.31729657359 5.51552735304
8.32313085211 5.48314705146
8.32779693171 5.48868045788
8.33357076571 5.46910651495
8.33962193338 5.4988061233
8.34540169332 5.51649946224
8.35282609718 5.51433155066
8.35754195462 5.51906265472
8.36509870431 5.58553949547
8.37079313082 5.57597114145
8.37679136015 5.59015076214
8.38259995962 5.75779470679
8.38906199197 5.55866036193
8.39487691245 5.4530430372
8.40094625297 5.42785814753
8.40671890179 5.47631180438
8.41265036561 5.48809905583
8.41737609961 5.45586501433
8.42306183474 5.49545839739
8.42909917523 5.53314518476
8.43500219457 5.47069173134
8.44083133728 5.50431978893
8.44641554143 5.38183800803
8.45248685727 5.3837879749
8.45707589974 5.37574050591
8.46439087138 5.41562063756
8.46941408721 5.42920399937
8.47420658671 5.47928079277
8.47943207439 5.46108611873
8.4851901059 5.60654399037
8.49060996418 5.39113936612
8.49563910594 5.4556955692
8.50179812559 5.44816689914
8.50746924342 5.38835055317
8.5132632256 5.33151891635
8.52245869328 5.32570303586
8.52828230512 5.4225547365
8.53402413909 5.33422659573
8.53979639285 5.36673626177
8.54482197905 5.32190845352
8.55103867777 5.33993375931
8.55583394272 5.28711328135
8.56152283835 5.30530527502
8.56722319078 5.31052609856
8.57396453211 5.32380164189
8.58077026857 5.28565218207
8.58660612734 5.39853071656
8.59235704773 5.31437065495
8.59803172112 5.34929543066
8.60389641943 5.45524116712
8.60967933987 5.33206142412
8.61536428488 5.23593411251
8.62119500784 5.34718464806
8.62738128677 5.28077399707
8.63354109654 5.29156132426
8.63929675769 5.25634851331
8.64492678905 5.22938812278
8.65097479622 5.29142230468
8.65689282792 5.41934503378
8.66153915442 5.39315846241
8.66730074149 5.20986091982
8.67202410511 5.19790552221
8.67762766731 5.39330862016
8.68366263743 5.27476259942
8.69106768324 5.22736222058
8.69686877654 5.22293870599
8.70282157371 5.30818791821
8.70835086422 5.34987747786
8.71409664881 5.22465598035
8.718976062 5.35043104357
8.72429754978 5.21419023387
8.72950367941 5.17401834914
8.73519455035 5.23256338454
8.7401747044 5.33479339305
8.74764256511 5.21143888043
8.7533705719 5.21306518442
8.75858144227 5.32656929684
8.76453819007 5.2072234721
8.76942471438 5.18303522109
8.7743278313 5.14274402269
8.77907173816 5.19682894093
8.78462315215 5.12046248968
8.7905490851 5.11758102388
8.79713042623 5.40638152839
8.80451966955 5.11222014412
8.80980283631 5.30083078736
8.81558496662 5.13955692356
8.82055050337 5.20379928083
8.8263188065 5.1368146845
8.832019554 5.16523140094
8.83773886942 5.3160720254
8.84347872807 5.07187810689
8.84900090746 5.16834590653
8.85617010114 5.13949832289
8.86430798733 5.03640025471
8.86987954949 5.05251019343
8.87558780317 5.06231006761
8.88126840249 5.08030092394
8.88706949579 5.03128265139
8.89289824343 5.01550688118
8.89766229846 5.09421240577
8.90339741637 5.05541968581
8.90822586654 5.09265405258
8.91362755195 5.02696129123
8.92130282031 5.02767773133
8.9261612952 4.99996386899
8.93108811586 4.99569287031
8.93681098684 5.02253570072
8.94376131606 5.03376405559
8.95013643473 5.06284880977
8.9556096264 5.06166540822
8.96136726286 5.04516869952
8.96800628307 5.07537024611
8.97332816592 5.15380097838
8.98078219945 5.00395687382
8.98606023039 5.06255167348
8.99120986613 5.12087602329
8.99630024253 4.97728961099
9.00235141019 5.08334779961
9.00768356466 5.13085630173
9.01352455924 5.06350188617
9.01840318231 4.96895287475
9.02422718921 5.3231299108
9.02913820737 5.05708937896
9.03491559694 5.03159451376
9.04081150516 5.10145233437
9.04656479593 4.92238013941
9.05155166604 5.05953404971
9.05727335183 5.18245372966
9.06200501176 4.97225271558
9.06686901752 4.97190981678
9.07165519604 4.96220718692
9.07635051024 4.87673178503
9.08217491221 4.86340460043
9.08792306717 4.87612081122
9.09379724697 5.16707498596
9.09960940201 4.95897353383
9.10557365599 5.01594338535
9.11133445294 5.16433334699
9.11593218678 5.08559793125
9.12043392051 5.06143345065
9.12507471614 4.85193898333
9.13030691987 4.86082566829
9.13647226051 4.85273827217
9.14124500691 4.88183479892
9.14696827295 4.93226822774
9.1525702549 4.8343518574
9.15878537338 4.83758487536
9.16462715808 4.78454936397
9.17103111628 4.79475122087
9.17672356747 4.97897378445
9.1829110316 4.80567908621
9.18911706364 4.85416604776
9.1951129226 4.91547078137
9.19987579245 4.95568285998
9.20561446591 4.76131150939
9.21131955909 5.10389761147
9.21629141684 4.73242927184
9.22103097801 4.757400191
9.22707503456 4.76420324039
9.23276432525 5.11274195119
9.23857252967 4.74680237305
9.24462685783 4.77258941555
9.2505065685 4.82327311588
9.2561926987 4.9758042342
9.26119142067 4.78754892389
9.26693918057 4.79027071201
9.27266284167 4.87174266249
9.277771786 4.68998971328
9.28349900267 4.73297737365
9.2892463675 4.91824498751
9.29392745947 4.71106622615
9.30164539454 5.07326591826
9.30750732742 4.67761972641
9.31348540858 4.79963223458
9.31824393273 4.80257005608
9.32290013578 4.7659777248
9.32782340088 4.90861925941
9.33373985233 5.0938844633
9.33969304457 4.64205794625
9.34600416317 4.78409406573
9.3513805646 4.73870802226
9.35733454696 4.63034107413
9.36246245428 4.70247689691
9.36720715126 4.74392090714
9.37330059058 4.6395956708
9.37900449857 4.71192121293
9.38451127053 4.63996423868
9.3890888562 4.67659622403
9.39488007294 4.65712558903
9.40061716616 4.71176316619
9.40559692515 4.6862499834
9.41335752694 4.71751357581
9.41897373113 4.60694143821
9.4251272199 4.60095143153
9.43089631316 4.77768704092
9.43670767807 4.60489894829
9.4416514864 4.58278609149
9.44842364258 4.58666353341
9.45428122977 4.86182392046
9.45962958178 4.55934988933
9.4652987243 4.73858107081
9.47376806768 4.70887352393
9.4794810621 4.60860843568
9.48513400707 4.58801215809
9.49078774217 4.58290960867
9.49653155144 4.56786756132
9.50226666935 4.51611732969
9.50774262646 4.56566556927
9.51316129955 4.53544418315
9.5188687631 4.58406654023
9.5241045224 4.51626782672
9.53031292482 4.64877127504
9.53554315324 4.58919934316
9.54190286448 4.48973026877
9.5481906744 4.51190774338
9.55627167163 4.77286176566
9.56202338215 4.71381515736
9.5678019569 4.72574749619
9.57314675336 4.72666194953
9.57816522844 4.55330640361
9.58548257045 4.93429741291
9.59098381154 4.52898134247
9.59667902816 4.52179330572
9.60246234366 4.53335981473
9.60812872075 4.47338332104
9.6129615166 4.69115962167
9.61870019006 4.54933330035
9.6244297771 4.467783431
9.63037585822 4.50691175327
9.63616588978 4.55034844735
9.6446273319 4.65892917985
9.65033558558 4.43712642829
9.65610902452 4.56149877884
9.66119466018 4.48311378929
9.66693965464 4.53405693259
9.673065094 4.57906408157
9.67876702669 4.73459535403
9.68421256401 4.65083901551
9.69000615112 4.44613324466
9.69554136756 4.45114896835
9.70042631162 4.43682717357
9.70624202221 4.43331228541
9.71210553533 4.63763945259
9.71783788781 4.56879672585
9.72359986995 4.40078880053
9.72888066633 4.4460843737
9.73500334025 4.38539639649
9.74060611232 4.53578103869
9.74638626732 4.53853611796
9.75514440116 4.37868330471
9.76077956833 4.34521466304
9.7660907845 4.40995979003
9.77178639619 4.49205590462
9.77739864976 4.44672017518
9.78351579281 4.37508881149
9.78968310876 4.38467744683
9.79551462184 4.35998055997
9.80055522041 4.50309560022
9.80599206636 4.34344591074
9.81502239805 4.34432722545
9.81978961358 4.45720527667
9.8255591019 4.42789918717
9.83133728158 4.3242917301
9.83714114032 4.33984553686
9.84278381367 4.44980950669
9.8484904871 4.36172306803
9.85415133332 4.33732441942
9.85968141394 4.35724989138
9.86478443234 4.28824673489
9.8705357478 4.27773173707
9.87543530916 4.28438602498
9.88117832831 4.31250214107
9.88723621203 4.3705194585
9.89316372523 4.30679412825
9.89892452218 4.43651574302
9.90449924484 4.47828362241
9.91010478235 4.37002197472
9.91519436863 4.41242456223
9.92082400493 4.52970387642
9.92608149264 4.36651404922
9.93205562318 4.26822440363
9.93774649412 4.26704875922
9.94338600698 4.37967926031
9.94913495206 4.42447780647
9.95397683434 4.35968543576
9.9600019279 4.40542773382
9.96542415655 4.29131764403
9.97034742165 4.27380565965
9.97629113239 4.34735394806
9.98481143879 4.27478948343
9.98977618541 4.39716295801
9.99562389605 4.2314230134
10.0014008905 4.24523909399
10.0068128476 4.2119259069
10.0124484098 4.28931700141
10.0178252063 4.42961110991
10.0231502497 4.40281435137
10.0289256639 4.31843925639
10.0342262134 4.32670858503
10.0416288888 4.21687643677
10.0473565006 4.22770713638
10.0530446061 4.51727032372
10.0587311313 4.2065416731
10.0634371122 4.28131642247
10.0690718843 4.31974148822
10.0750357433 4.24503371086
10.0807436019 4.20150218348
10.0860010896 4.24456866462
10.0916895902 4.14475606721
10.1006168106 4.14663985235
10.1068042747 4.11975603804
10.1125678371 4.17217389247
10.1183377205 4.10984083921
10.124095357 4.11930232971
10.1299233145 4.21287330512
10.1348003573 4.25574035656
10.1405394258 4.12756693445
10.1451845671 4.13811143761
10.1511310433 4.10555414688
10.1575594954 4.12000792183
10.1621884391 4.14187268796
10.1668387163 4.21138651168
10.1714135365 4.11912011113
10.1762909744 4.07037846471
10.1825700929 4.08033029125
10.1871453082 4.09501816936
10.1921985488 4.06512896039
10.1982248275 4.07859230923
10.202902759 4.09011678242
10.209788298 4.0449363287
10.217575764 4.10175266033
10.2233254992 4.25078065697
10.2279884184 4.05436058237
10.2336717831 4.06903479957
10.2391042834 4.08438547682
10.244030709 4.04258632957
10.2488366406 4.29893422503
10.2540360542 4.02965231585
10.2597257399 4.0367688932
10.2656805124 4.17513856009
10.2736580033 4.5677377892
10.2782940582 4.07206929154
10.2841220157 4.0318940632
10.2898176274 4.02546378944
10.2958822272 4.23502018444
10.3016833205 4.04105864405
10.3068246599 4.04691308573
10.312567284 4.15548398952
10.3183296612 4.01687072575
10.3260851272 4.19787527826
10.3320209367 4.03123250964
10.3376861286 4.07743609617
10.3437847037 4.10958542616
10.3494502907 3.97296038276
10.3552395321 4.04478124958
10.3612899097 4.09379979444
10.3669310028 4.25894733472
10.3727135282 4.20610637158
10.3773673608 3.95022557993
10.3824127001 4.17394671159
10.3880273241 4.10722056387
10.3935660961 4.2304166426
10.3993174115 3.96097690741
10.4043667015 3.89834991873
10.4103333258 3.93144775604
10.4149733313 4.18320759314
10.4206693381 3.89895237442
10.4263372954 3.94733570347
10.4311933999 3.95960783808
10.4369885673 3.91764699261
10.4432589945 3.89883185053
10.449144236 4.06412937892
10.4539683405 3.97602314553
10.4596860757 3.90892114899
10.4654002553 3.95033641335
10.4702085573 3.94968184474
10.4759906876 3.96855102462
10.4811498048 3.8925385981
10.4869532685 4.01126313276
10.4926362382 4.04089513347
10.4983413314 4.03786237795
10.5041214864 4.06931977445
10.5088452451 3.92799916766
10.516048019 3.97654887373
10.5221106435 3.92364187897
10.5278599836 3.86206336677
10.5335998423 4.04353182547
10.5389513548 3.89928880352
10.5446596085 3.8672652699
10.5508134923 3.9214744182
10.5570246602 4.00852321981
10.5626977533 3.86818781543
10.5675467467 3.89512716081
10.5732542103 3.95855870232
10.5782363396 3.96169977217
10.5829043946 3.86870410352
10.588579463 3.91430382112
10.5944564082 3.95661008551
10.5994515747 3.84143161803
10.6049350379 3.96271123571
10.6108147486 3.82021616169
10.6164933726 3.84948478124
10.6219195519 3.80405656167
10.6267835577 3.82434965056
10.6315183781 3.85347539474
10.6365190754 3.84491782978
10.6423608601 3.99491641727
10.6481662991 3.76451859928
10.6539626516 3.85484916395
10.6596898683 3.89003417701
10.6660389128 3.84460820363
10.6716337837 3.77275859935
10.6777457909 3.77785960691
10.6835923164 3.76585067427
10.6890370636 3.88076657139
10.6942787488 3.96314412478
10.7001805829 4.13304439916
10.7058528859 3.75971574234
10.7108437067 3.74230687711
10.7157843545 3.70696046266
10.7208925087 3.72685831107
10.7265577006 3.80880677927
10.7316283239 3.72988187136
10.7373571208 3.71603824329
10.7423775712 3.71720334485
10.7470938237 3.70514875636
10.7528447441 3.68324883474
10.7586572942 3.67465787018
10.7645042147 3.66979713138
10.7703827402 3.66472762448
10.7763351423 3.67522616219
10.7811912468 3.66982583064
10.7860157464 3.68811198105
10.7920878524 3.79502562165
10.7976578343 3.7050084168
10.8033629274 3.78916614387
10.8087519709 3.6991529176
10.8137680756 3.84097785096
10.819334897 3.77491142153
10.8251861632 3.77895216397
10.8308410835 3.7367761329
10.8365394606 3.67936290712
10.8413785774 3.62113124971
10.8470955225 3.63762567768
10.8519938987 3.67707177933
10.857935239 3.7298758473
10.8637509496 3.86765676606
10.8695496726 3.67574576078
10.8745318019 3.69642159598
10.8802910186 3.81598944427
10.8865286556 3.771162674
10.8917189828 3.62370637695
10.8976844219 3.64956933801
10.9031742062 3.61687914906
10.9080895701 3.67427096126
10.9138764411 3.68657044797
10.9195641516 3.73718703128
10.9252810966 3.77567585398
