0.0657035580868 22.759325862
0.0763903813455 22.4801655181
0.0886013539566 22.5774790567
0.0996366219351 21.8412093169
0.111661125263 22.0108932779
0.123510616107 22.3497729564
0.137087318192 21.7534537023
0.146671523296 21.8615067968
0.158697606872 22.1315638513
0.17122344393 21.5101726692
0.18298128038 21.8029291295
0.191976843043 21.9038814116
0.203568358375 21.6918421386
0.21325923023 21.7684899971
0.224363239003 21.8185681236
0.23855584281 21.7387094059
0.248891455914 21.4817533807
0.258879019361 21.2942464485
0.269155768222 21.4979028011
0.285094151186 21.369829935
0.2986996928 21.2214761932
0.309325676504 21.4249816131
0.318629387559 21.3388227455
0.328584160857 21.753399987
0.33812372395 21.3317835401
0.34874694222 21.1654157396
0.357646109745 21.1232267286
0.367058067799 21.2743718441
0.376971754644 21.2251183484
0.386046724778 21.1401338023
0.395212954242 21.0229301736
0.405237653521 20.85443199
0.415302649128 21.0982755651
0.424717372616 21.2732341069
0.434032935532 20.9404684715
0.444707511868 20.926011454
0.458625942618 21.2267242436
0.473607880382 20.7604844227
0.484529370492 21.0967055032
0.496339355132 21.0584835437
0.50637156059 20.8826191037
0.515324061491 20.739035842
0.527636169984 20.8834406149
0.539535438645 20.9544275837
0.54868626069 20.5519476875
0.563476988426 20.7103101091
0.573740305178 20.6713550807
0.585523425599 20.878413999
0.597408472026 20.608990341
0.608741221721 20.400601244
0.621796836975 20.5347617743
0.633231117615 20.4070125584
0.645886930084 20.4256742016
0.658274890489 20.6302739506
0.67294077862 20.4440650539
0.68369752786 20.366861714
0.695011314577 20.3602369009
0.709200757887 20.5606697917
0.721194051314 20.5641899507
0.732484924433 20.283179326
0.743694019709 20.251336089
0.754474472671 20.2644179501
0.769886632997 20.213534384
0.781775630045 20.0693898005
0.796198555021 20.2501510268
0.808416243687 19.985974807
0.81999827753 20.196978011
0.829848359386 19.8966074117
0.841298047445 20.053007394
0.851301413374 19.952505361
0.862264384999 19.8523959299
0.872544294356 20.0814604327
0.885060649924 19.8982487517
0.895606831097 20.0745173656
0.906483284135 20.2046550382
0.918759046921 19.8766336491
0.928445178031 19.8871006275
0.940534076471 20.0629085967
0.949827515913 19.7513492308
0.960924808632 19.7784300173
0.972843830395 19.7526955484
0.984996333824 19.7887278992
0.997287108968 19.8688927361
1.00922232827 19.8251631234
1.02157828865 19.7068801079
1.03473108917 20.0038923967
1.05003579262 19.7692268717
1.06283343236 19.765942198
1.07522376314 19.6766422807
1.09052609622 19.786121722
1.10323247663 19.5659336629
1.11570735068 19.5336553899
1.12859308926 19.5655957713
1.14240050758 19.5043202631
1.15569078968 19.653977743
1.16659963781 19.432795926
1.17899549945 19.485819385
1.19092123727 19.3611023594
1.20568628597 19.4669210166
1.21845192569 19.4823605442
1.23345717211 19.3467951126
1.24808315898 19.3740693861
1.25970153853 19.3188304831
1.27333591967 19.2992385503
1.28633030031 19.2770508155
1.29980231095 19.2395971295
1.31103827045 19.237011005
1.3239149226 19.2047768595
1.33564589483 19.1874465623
1.3460099524 19.2154444601
1.35869895008 19.0931109414
1.37064365088 19.1768651722
1.38378025385 19.2754725593
1.39833473449 19.3202261119
1.40941385435 19.2862161294
1.4193931215 19.3016768692
1.4310265134 19.1178532156
1.44246988047 19.1280191044
1.45261349342 19.0715080612
1.46484935494 19.0112204114
1.47750161185 19.0105388008
1.49057342465 19.0893771558
1.50273936019 18.9409877044
1.51496969084 18.8705138609
1.52437967358 19.2330320141
1.53525849699 18.8924664162
1.54779816122 19.3761737304
1.56105762849 19.0314306146
1.57612055397 18.9975130509
1.58966288566 18.8952172655
1.60176284584 18.8267169773
1.61413342351 18.8085092883
1.62538795092 18.736725073
1.63839457848 18.7187813169
1.6501101433 18.7365294527
1.66691292201 18.7644366481
1.6789575735 19.0338869011
1.68996005133 18.8901318587
1.70074722034 18.6699289778
1.71248806913 18.6963693238
1.72443632548 18.6237035051
1.73561381579 18.7230558321
1.75129422324 18.7043263863
1.76326736851 18.7010718577
1.77453611815 18.5731108062
1.78440832348 18.485530951
1.79676467893 18.583018944
1.81179402413 18.4855626145
1.82231729171 18.4545002903
1.83587779625 18.4673869103
1.84570535957 18.4501712028
1.85660393608 18.7911924247
1.86881095807 18.4229987744
1.8784698299 18.4886806014
1.88938183852 18.3373614441
1.90079241544 18.7486036908
1.91099370745 18.342128923
1.92100299931 18.4999678777
1.93358651543 18.4255991677
1.94327541197 18.616130242
1.95374574123 18.3062261558
1.96313834125 18.2317722476
1.97518101743 18.3114707957
1.98551228485 18.4663308476
1.9956673546 18.1511099687
2.00777403083 18.2599124477
2.01711843328 18.3077357063
2.0291231835 18.1487586382
2.03986808088 18.1534619885
2.05216004121 18.1617626332
2.06326444505 18.1454957129
2.07304934167 18.035467806
2.08702071073 18.2474356082
2.09853755934 18.2101444362
2.11031277852 18.0141355711
2.12006725536 18.1541468322
2.13058617725 18.0907603837
2.14228633465 17.9844843147
2.15144308262 18.1399831673
2.16202995518 18.1945155087
2.17314107507 17.9573121398
2.18474325708 17.9033688491
2.1971809953 18.0613812364
2.20790930008 17.8461955474
2.21820185142 18.013593274
2.22816294571 17.8849281833
2.23814774372 17.8972466018
2.24900049304 17.8912524457
2.26154924369 17.7394467596
2.27431883403 17.8714063216
2.28656615235 17.7309077
2.29956961941 17.8033412078
2.31116390018 17.8859144413
2.32432776243 17.9530491964
2.33788629166 17.6916462181
2.34950388109 17.7476788367
2.3640034481 17.7500487686
2.37570004994 17.6066962566
2.38762618282 17.5944203807
2.39836396908 17.983030352
2.40937237284 17.5289165335
2.42052299893 17.5715837836
2.43254789732 17.5312650983
2.44445032648 17.4675651167
2.45794050998 17.4454522731
2.46854437021 17.4652061206
2.48084107128 17.5553791418
2.4931278958 17.4625200412
2.50556760934 17.4593329234
2.51829571816 17.443525665
2.52975528277 17.3615453436
2.54107025467 17.5137922773
2.55303944932 17.3096030519
2.56278997554 17.5362919875
2.5742333426 17.2903399944
2.58483601765 17.2612118345
2.59678901475 17.3088164679
2.60616818265 17.3162130098
2.61776720416 17.2761116126
2.6297395593 17.191491363
2.6400242094 17.4438317743
2.6507189339 17.22930273
2.66085029993 17.2993513339
2.67272784018 17.2289682299
2.68359876235 17.299115122
2.6938079556 17.2323913876
2.70406613655 17.1021562234
2.71501686125 17.1456041759
2.72795356283 17.241354796
2.73943011511 17.0770983852
2.75206775472 17.1726052086
2.76706430978 17.0665246545
2.77825207171 17.2822291971
2.79004506868 17.0030639298
2.80128063311 17.1620893255
2.8131463215 17.1960803844
2.82526721996 16.9520032718
2.83825172405 17.0369591769
2.85395781053 17.0667075129
2.86575673344 17.1788796254
2.87844652124 17.0641500835
2.88937867803 16.854891307
2.90060871159 16.9294930208
2.91205800459 16.8555143299
2.92396793993 16.8614643541
2.93879856893 16.7869226847
2.95026050391 16.92660176
2.96173508088 16.9179112673
2.97368531254 16.7657380495
2.98998833777 16.8098127859
3.00349866943 16.7776559122
3.0181756193 16.7324853788
3.03042175243 16.8760486359
3.04071351365 16.7568298328
3.05235994261 16.5903267408
3.06334108708 16.9011733017
3.07542287441 16.8253139014
3.08588609255 16.6419709198
3.09690121237 16.5766062895
3.10980235836 16.5566378365
3.12099446597 16.6258841864
3.13285817905 16.5799138873
3.14481473171 16.6179386253
3.15445029487 16.7510188349
3.16460813006 16.7475506575
3.17764438727 16.4838830874
3.18958000164 16.5032710495
3.19982000973 16.4643742199
3.21052895647 16.438851858
3.22151918737 16.5335354193
3.23094892322 16.7573840126
3.24218488271 16.3731841615
3.25805057426 16.3851103635
3.26998539851 16.4590604855
3.2845663483 16.4697463229
3.29597376472 16.6442456257
3.31217170344 16.7241647938
3.32293279837 16.4317217937
3.33489409177 16.2810931274
3.34795602801 16.3401267188
3.3602400871 16.2712876335
3.37228394847 16.2985105245
3.38269185793 16.1875289741
3.39717048665 16.3583144247
3.40816348299 16.3987489096
3.42110413519 16.1412454051
3.43217377357 16.1299931817
3.44519027768 16.2033865942
3.4575426825 16.239744074
3.46981093911 16.0812776161
3.48148581253 16.0889453779
3.4935067603 16.1731741949
3.50517373248 16.1397038997
3.5168517664 16.0373659567
3.52844288667 16.0963755491
3.53861889471 15.9625329566
3.54910581658 15.9526946585
3.55997555356 16.0149365936
3.57230741516 15.8957853406
3.58397952314 15.9620770433
3.59512343318 15.9615940016
3.60615751598 15.8969799001
3.61891643964 15.8884908853
3.63110568384 15.9112364112
3.64188100099 15.8950873341
3.65276456515 15.9010648313
3.6626178075 15.8414052297
3.67481929862 15.7525118188
3.68640962877 15.7308985683
3.69877704595 15.7511529929
3.71021251177 15.7472769989
3.72173252088 15.8264971393
3.73187415852 15.8432671267
3.74746449182 15.7388983281
3.76200040454 15.674908622
3.77413789562 15.6422295747
3.79072418033 15.6882393765
3.80396784511 15.6220324366
3.81580548409 15.7690093266
3.82683403602 15.9136549508
3.84225330746 15.8911614449
3.85477874945 15.6717358214
3.86730221614 15.7045449027
3.88306124094 15.5155171696
3.89738184484 15.5906161976
3.9080323224 15.5130373805
3.91987628237 15.5717624207
3.93204577347 15.5480651361
3.94643037743 15.4411923375
3.95762959615 15.4602682469
3.97139948357 15.5102829443
3.98331455472 15.3917278342
3.99912256721 15.455399667
4.01041541564 15.3887051414
4.02247823998 15.3599302124
4.03425227398 15.4049408741
4.04584892512 15.3386469353
4.05752142817 15.4054424851
4.06903037553 15.8365502569
4.07883067957 15.3201674698
4.08804036586 15.3177344739
4.10004551115 15.418795574
4.11200127368 15.3979030473
4.12400839428 15.4790027706
4.1336589698 15.2382129488
4.14428771894 15.2131787105
4.15681750662 15.2209847267
4.16711440365 15.2330557135
4.17662275684 15.3730713249
4.18778483973 15.2202916472
4.19776213157 15.2891019671
4.21006475857 15.1671325199
4.2223108917 15.3189282422
4.23300206064 15.1545943992
4.24419298307 15.1425305476
4.25687526469 15.1348938107
4.2692059411 15.0568314025
4.28128575311 15.151613814
4.29047529124 15.1395380421
4.30162117659 14.9963601244
4.31497348344 14.9882456212
4.32412865116 15.2511368658
4.33415177019 14.9743391186
4.34520323572 15.3949790069
4.35577075024 14.9380428905
4.36600364721 15.1011945202
4.37827743469 15.0326894258
4.3882112697 14.9086058869
4.40219567581 15.0651089962
4.4121484738 14.8908309979
4.42379608794 14.8673754354
4.43338424366 14.8457219493
4.44319126376 14.8646592039
4.45531018691 14.830256885
4.46605113367 14.7732967704
4.48067396004 14.9575001819
4.49275416711 14.7421398293
4.5043919047 14.7623658837
4.51771497696 14.7664018357
4.53041938206 14.9081414102
4.54273188562 14.816421367
4.55556626613 15.0034259372
4.5693855363 14.7494099799
4.58430623945 14.7927963642
4.5955864459 14.7439010046
4.60827702382 14.7752445488
4.62035644078 14.85804618
4.63240267252 14.705315814
4.64389818777 14.6186428084
4.65905671827 14.825803644
4.67113495003 14.6320314586
4.68607303591 14.6234830301
4.69809753924 14.5964546683
4.71084579622 14.9138960997
4.72197943465 14.5993259774
4.73412008622 14.6088624984
4.74762212158 14.5863222159
4.75836741402 14.5840223362
4.7692205584 14.5672181485
4.77871468935 14.5183814191
4.78824832652 14.5205269135
4.7985207297 14.4862767375
4.81077950481 14.8296620764
4.82158721706 14.4767521133
4.83309971998 14.6519286959
4.84314891311 14.6333680453
4.85547050309 14.3402106108
4.86722399386 14.4507238925
4.87824345935 14.4424359469
4.88770954091 14.3353227373
4.89987468632 14.3511616007
4.91117583105 14.5830082383
4.92396556955 14.2721504376
4.93511856602 14.312207603
4.94445664747 14.3134188169
4.95367700044 14.2878335584
4.96567147905 14.3679362312
4.9783201804 14.2252200923
4.99143386977 14.1877921678
5.00466686788 14.3235251253
5.02147715277 14.1595941703
5.03326382875 14.1406077861
5.04703845692 14.1318469629
5.05955599767 14.1277236029
5.07061417925 14.1740680549
5.08341813998 14.1843637233
5.09802437375 14.1454529392
5.11317895362 14.1403048409
5.1254152102 14.1607894957
5.13858855395 14.1534011598
5.14907587087 14.0637389833
5.16058758367 14.1050589995
5.17712646094 14.1358074173
5.18884202575 14.0922739664
5.20123196147 14.2787887084
5.21320313142 14.0120033726
5.22545005468 14.0154306601
5.23674408829 13.9907730471
5.25176711251 14.0377988719
5.26764110036 13.9420701354
5.27988051744 13.9043217144
5.2909367237 13.9340615066
5.30045890407 13.980708327
5.31155106098 14.0016645114
5.32143709348 13.9620034878
5.33269043571 14.0104906275
5.34212214686 13.8731815801
5.35467247777 13.803469136
5.36552009128 13.8307935546
5.37799022458 13.9406756753
5.39461759575 13.8263381429
5.40432268984 13.8043118221
5.41570956303 13.744855903
5.42789999241 13.8937845201
5.44035432324 13.8900776719
5.45239502411 13.8313904209
5.46456846583 13.910732341
5.47491237524 14.0166753919
5.48604166798 13.7122637584
5.4986334804 13.7783192497
5.51240099745 13.6482865854
5.52471192076 13.7902348971
5.54036862449 13.6363206298
5.55427362313 13.7500543568
5.56691244793 13.5897766729
5.57898554389 13.6012248004
5.59163740574 13.5515151374
5.60323998281 13.7598084638
5.6180342661 13.6757718597
5.63240306758 13.510289164
5.64350312573 13.7279097735
5.65531113506 13.524595142
5.66663124277 13.5201768508
5.6810150566 13.5339154434
5.69182750959 13.4466145333
5.70423443298 13.4298148322
5.71557429379 13.5609731655
5.72723375979 13.4752475957
5.73893470731 13.3883025379
5.74925372781 13.3898686825
5.76125492247 13.5091872617
5.77216219035 13.3517152624
5.78455884212 13.3215311235
5.79551667794 13.3347386493
5.80558364886 13.3322887593
5.81701595419 13.3627134889
5.82839334589 13.5195127267
5.84004886127 13.4554785915
5.84974091831 13.449309079
5.86003228447 13.2978555356
5.8716976764 13.3537691815
5.88358983395 13.4025783407
5.89294569319 13.3415070003
5.90288110845 13.2631629587
5.91248427653 13.2041774357
5.92399993995 13.3163358917
5.93490878808 13.2471025785
5.94568805585 13.3056519135
5.95631443462 13.4900730787
5.96830772805 13.2486331345
5.97897242783 13.1260200278
5.99128098077 13.2921913454
6.00296652086 13.2491926821
6.01567606177 13.266118668
6.03096061706 13.0789155141
6.04460685006 13.0670933892
6.05681426711 13.1325321209
6.06963561058 13.0520415881
6.08320322623 13.0339092759
6.09602733513 13.1422330831
6.10986635841 12.9782257131
6.12494232094 13.099818888
6.13594677408 13.1046617518
6.14731665961 12.9677687852
6.1615499548 13.041207144
6.1724414202 12.9343278655
6.18337515723 12.9394635029
6.19493585773 12.9631147997
6.20861764632 13.0691975858
6.21967148221 13.0923067228
6.23209381301 12.886137074
6.24557649033 12.9576275668
6.25748207999 12.9242606065
6.26820248352 12.9039482753
6.27825088652 12.8671152162
6.29054758759 12.8284229709
6.30275381946 12.9689303493
6.31338730934 13.0803250634
6.32345349014 12.8936540991
6.33541636379 12.7795403483
6.34629834769 12.8127323065
6.35864561671 13.0171877332
6.369198909 12.7645084992
6.38105472083 12.9256043911
6.39089611133 12.856610739
6.40048229174 12.8577758749
6.41203943667 12.6878746568
6.42201514826 12.7888261327
6.43226898352 12.655403679
6.44378662225 12.6313848475
6.45552589079 12.6213305167
6.46968017357 12.6677349557
6.48014931765 12.6417941633
6.4912296227 12.6738261112
6.50257027364 12.7285674983
6.51500682667 12.5534528179
6.52641898384 12.7570124217
6.53913326549 12.6283762844
6.55021949647 12.6463396881
6.56295866703 12.6526228616
6.57506929388 12.6443664546
6.58682713033 12.6062491576
6.59691266917 12.4939183913
6.6094720865 12.6083447342
6.61907011877 12.5024509916
6.63124435061 12.4680422909
6.64367458266 12.4922864127
6.6544052578 12.7661266252
6.66533583434 12.5018435784
6.674872632 12.4479829974
6.68624054221 12.4948070942
6.69563709285 12.3988062721
6.70828460901 12.3661000597
6.7199338034 12.3984918899
6.73296927049 12.3497282721
6.74441816843 12.3292197112
6.75868543896 12.3793297623
6.77512831615 12.287606335
6.78749257283 12.4036884756
6.7989359399 12.3992114195
6.81286187683 12.3416529707
6.82481842949 12.2751459138
6.83794792134 12.4512303525
6.8518371175 12.4350387774
6.86337253402 12.2308151576
6.87420394999 12.331102846
6.8854126502 12.4265407818
6.89912051289 12.2992289939
6.91131805339 12.2522992543
6.92339193947 12.3040556842
6.93514305987 12.1344849865
6.94767837841 12.1648140783
6.95975502993 12.263943959
6.97184274318 12.3605830782
6.9875776692 12.1057227301
6.99703229395 12.2766792095
7.00901847626 12.1715676158
7.01835300216 12.0748226711
7.03060032047 12.1909599028
7.04112082261 12.0775738322
7.05117278117 12.0873501328
7.06198009835 12.0815017543
7.07425783645 12.041336246
7.0864289078 12.0258455124
7.09738358312 12.0448924254
7.10987860534 12.042346809
7.12150765156 12.0717337353
7.13115269622 12.0184510012
7.14250519902 12.0230111928
7.15483548036 12.03446556
7.16564042717 11.9376498316
7.17605149713 11.913983222
7.18726296278 12.0065271733
7.19750534124 12.1477970609
7.20996046219 11.9752896482
7.22344906544 11.9155526238
7.23479445712 11.9083120522
7.24993165427 11.8563204911
7.26133828056 11.8843559476
7.27527488417 11.867698558
7.28748625184 11.8106813501
7.29980665664 11.8562686949
7.31042394898 11.7794781253
7.32232124233 12.0940390857
7.33473330152 11.748986108
7.34707108904 11.8261049974
7.35835485105 11.7553374562
7.37005579856 11.861104361
7.38121037528 11.934798704
7.39335339722 11.7016535801
7.40610679001 11.9744446204
7.41843193555 11.8764563388
7.43098898251 11.6646990421
7.44398691871 11.8498843067
7.45598495288 11.6323122957
7.46783760422 11.6805436464
7.4793734158 11.6093632937
7.49213391971 11.6381021107
7.50426785522 11.7473590753
7.51482035739 11.6334618859
7.52669710751 11.5628800005
7.53651755972 11.6250702996
7.54805100093 11.6084498462
7.56025249205 11.5953848826
7.57241329178 11.5702965824
7.58445122722 11.5251230423
7.59450832159 11.5262946477
7.60668610899 11.5061282522
7.61639001789 11.4736502624
7.62729926108 11.4688059094
7.63896504807 11.7024883708
7.64959853795 11.7227447542
7.66222906645 11.440011877
7.67305969229 11.4385138785
7.68354740428 11.5250146991
7.69354958503 11.4307898126
7.70514228554 11.4505841463
7.71778308566 11.3979403585
7.73110813322 11.4615324659
7.74404522986 11.4728495146
7.75957156312 11.6402523418
7.77317473436 11.3885366579
7.78584950981 11.3675353168
7.7977942106 11.5649653229
7.81183669083 11.3227800436
7.82416657712 11.3536704614
7.83787048918 11.3867198847
7.84917202898 11.2853834021
7.86015119814 11.3050080857
7.87481037022 11.2654360843
7.88587763822 11.290357751
7.89757265981 11.2342230158
7.9095236816 11.2597658958
7.92337337155 11.3402577027
7.93734276531 11.240486068
7.95210386339 11.1949511637
7.96234861223 11.2405956322
7.97614496881 11.2461118434
7.98735722458 11.180579042
7.99756088696 11.6233323098
8.01030321802 11.6720209659
8.02109394259 11.1935876756
8.03155123481 11.1054324926
8.04271213251 11.1673385106
8.05262581936 11.1104764485
8.06396489005 11.1088954469
8.07513605937 11.0827039098
8.08589794441 11.09184033
8.0982392875 11.1587295471
8.11102863094 11.0530050398
8.1234118506 11.1378107324
8.13446489637 11.0775947272
8.14591260912 11.2292758852
8.15727854402 11.041207316
8.16986324532 10.9984213873
8.18414434303 11.100617857
8.19682859996 11.0916255407
8.20974436325 11.0356971621
8.22330881842 11.0623364376
8.23744611354 11.1298183453
8.25344296568 11.4058189394
8.26897680512 10.944765621
8.28185740789 11.1025543321
8.29612704879 10.9304508091
8.3091613307 10.9775539967
8.32465763924 10.910050946
8.33808224244 10.8997471556
8.35600581215 10.8912837852
8.3722815781 10.8795682456
8.38703042926 10.9305632834
8.3993160686 11.3761647785
8.41284615336 10.8735288981
8.42764636258 10.8846024725
8.4402298787 10.8258317329
8.45470653211 10.8267413265
8.46909469163 10.7935506528
8.4845084322 10.7971238149
8.49708839276 10.7643871655
8.51214183675 10.8019808461
8.52609503296 10.8057922206
8.53921622852 10.7580394834
8.55140310234 10.7389102423
8.56213614786 10.7840686775
8.57439729335 10.7514556242
8.58621675948 10.6993183252
8.59661834795 10.7262046793
8.60949460503 10.7121828134
8.62346913459 10.8336717291
8.6358487987 10.7390400388
8.64757937587 10.7558647271
8.66382156154 10.6349862383
8.67610364532 10.6402952576
8.6889174826 10.6217713829
8.70701645986 10.6491471472
8.71728688773 10.6157590173
8.72867218068 10.6085457272
8.74221767286 10.5570559228
8.75327229888 10.5417939046
8.76752653237 10.5488160949
8.7800515793 10.5588801106
8.79496082565 10.5213603469
8.80879708349 10.5668373816
8.820886377 10.4865630715
8.83280579382 10.5198477533
8.84543790257 10.526311149
8.85951712357 10.5271882595
8.87375713482 10.5932063246
8.8871351207 10.4412302478
8.90048229174 10.5391306406
8.91547134062 10.5024859054
8.927018609 10.4378709765
8.93983600185 10.4393669919
8.95521300165 10.3911226348
8.9714200268 10.4014568111
8.98883910229 10.4152696178
9.0022802981 10.3670815119
9.01756169289 10.4538290494
9.03037908573 10.5908001808
9.04347420719 10.3383799
9.05931224439 10.3147771054
9.07226158796 10.3068862156
9.08788787191 10.3282217055
9.10137647516 10.3557611316
9.11472325114 10.3720077329
9.12854133613 10.2954249486
9.14340080466 10.3064265
9.16060773184 10.297200667
9.17409198941 10.2438968254
9.18653920912 10.475278861
9.20051887448 10.3474171267
9.21369103304 10.2618319939
9.23023939179 10.2095588632
9.24297461173 10.2804912245
9.25577659716 10.1776221874
9.2691715707 10.2586027772
9.28464101503 10.238203736
9.30084606487 10.2712385378
9.31312735852 10.1903209039
9.32617941822 10.228686467
9.34112619546 10.4718863483
9.35334111869 10.1519248369
9.36517875767 10.3073956055
9.37615476634 10.1227483005
9.38858183789 10.0738909736
9.40107962554 10.0593791149
9.41389859864 10.1371817993
9.42649989254 10.0778105987
9.43833002535 10.0438816338
9.45330564212 10.0307446188
9.46586584957 10.0253360883
9.47853074847 10.2501682058
9.49315436496 10.0266746946
9.5074236108 10.1744939469
9.52355596923 10.1118842493
9.53990403153 10.0580808186
9.55304458512 10.1064187405
9.56898020265 10.3325227782
9.58659680916 10.0213622665
9.60074753639 9.9960673199
9.61374823802 9.95350822166
9.62938163309 9.91674682279
9.64292356972 9.91391914188
9.65850560672 9.90659141039
9.67559994121 9.92178554186
9.68915412476 9.89144920938
9.70300144435 10.0687216659
9.71822753045 9.88369024252
9.73322290032 9.88260460078
9.74786982548 9.8526496096
9.76316583756 9.93950114391
9.77719567581 9.84781493718
9.79049583447 10.0707126354
9.80398127722 10.145388245
9.81667896626 9.91192906245
9.82939719854 9.79956204366
9.84434397578 9.89116920495
9.85653875085 9.79406900829
9.86974883536 9.81109051778
9.88107960974 9.84669775305
9.89695991859 9.73942490029
9.90888723665 9.87551498019
9.92570265735 9.72456671964
9.93695520945 9.74587175949
9.94986623199 9.78451087524
9.96174535249 9.6959894509
9.97540778304 9.779625682
9.98783959533 9.70399503263
9.99910953016 9.82929238463
10.0143897398 9.78828697412
10.0256268844 10.1607169663
10.0416600823 9.64480669813
10.0574270083 9.83128710577
10.0715271676 9.59993118156
10.0855040676 9.69853132955
10.1126124347 9.64381746625
10.125248099 9.59695121714
10.1398021845 9.64973545718
10.1528171084 9.65922379585
10.1658012174 9.69577562854
10.1816341188 9.70723108463
10.1971517607 9.55301029468
10.2114154757 9.52827319213
10.2241613623 9.51829496333
10.2374390024 9.8356353658
10.2499755062 9.50811837593
10.2645588263 9.48758740179
10.2864266954 9.48568160213
10.2995297181 9.51752434148
10.3127639014 9.5093438303
10.3263409986 9.53481298013
10.3409345904 9.47648123178
10.3557154416 9.79714076156
10.3749190123 9.45530666646
10.3911501362 9.46741961096
10.4027333552 9.48509537727
10.4143015619 9.63065886823
10.4283353508 9.50045215663
10.4448011416 9.46965556152
10.4571819909 9.44097060399
10.4683740985 9.49944040303
10.4809872442 9.41953186803
10.492893624 9.66494467341
10.505412745 9.47110238144
10.5215992269 9.48672479328
10.537150054 9.39764890188
10.5523232018 9.34561184363
10.568536548 9.30063071532
10.5814286075 9.43057274714
10.5951293591 9.30712947415
10.6153154491 9.29380987142
10.6310590665 9.39358594093
10.6475896475 9.36527394778
10.6634881292 9.26940631532
10.6799531298 9.5967532628
10.6957722041 9.33646169112
10.7116003647 9.22935230934
10.7395972263 9.30425028498
10.7545443987 9.24256005768
10.7687812494 9.30235534317
10.7843178543 9.21213192741
10.7994890268 9.18983759437
10.8139115567 9.20859078494
10.8294947789 9.23586184511
10.8439832841 9.17321667733
10.8708696264 9.16787692128
10.8841350196 9.15361950008
10.8982383393 9.21907369655
10.9155685259 9.23119856783
10.9290097217 9.12476834532
10.9439422767 9.14437930014
10.9586208068 9.33641791599
10.9743138562 9.10032017218
10.9861617668 9.4561728773
11.0014423715 9.17613773543
11.0173795693 9.28475059668
11.0291670354 9.06359323237
11.0414554402 9.10026328082
11.05259777 9.06875203234
11.065900694 9.07943821556
11.0777916664 9.05613723526
11.0913541463 9.07040901234
11.1036828474 9.11050911986
11.1167289811 9.02360853591
11.1273281006 9.03564490521
11.1395829251 8.99412183948
11.1520048608 9.04816217167
11.166511934 9.01379377204
11.1795549073 9.09565885908
11.1917563984 8.97010285517
11.2040143834 8.94154630413
11.2168266405 9.19160576497
11.228209563 8.975531612
11.2407041902 8.93858528343
11.2534836571 8.98411872791
11.2652047528 9.07291540857
11.2769060953 8.93342421318
11.288767438 8.88855672376
11.3026218687 8.88976264605
11.3145653843 8.89153266982
11.3252107261 8.86675208534
11.339715824 8.87759847556
11.3539747982 8.88055387724
11.3671888333 9.30869574181
11.3800528435 8.81450656211
11.395128806 8.82928102672
11.4133376105 9.24910516068
11.4261771269 8.8730500861
11.4382300747 8.82685570295
11.4492254414 8.83356814335
11.4622616986 8.79248360796
11.4748238813 8.85806775972
11.490365622 8.99412071726
11.50235615 8.8207099721
11.5157120124 8.8934486754
11.5284685657 8.8768318309
11.5413760327 8.85468795141
11.5519779176 8.7549000205
11.5651852367 8.73044014941
11.5766689001 8.74826770356
11.5869310316 8.75966639856
11.6013148455 8.99118250577
11.6159917954 8.71964568745
11.6291252378 8.75354709231
11.6412283585 8.66931455249
11.653120516 8.75397724982
11.6652670935 8.65336313182
11.6767057199 8.68741867053
11.6891241 8.91721667798
11.6992661328 8.68408386367
11.7090249553 8.60705477974
11.7199906923 8.66237864486
11.7324252701 8.58731173981
11.7437038963 8.57828963554
11.7540339785 8.58303985965
11.7653280121 8.66858819985
11.7755692054 8.55633396152
11.787856425 8.56081894443
11.7972885312 8.61387228423
11.8070252302 8.56786891848
11.8178771894 8.92942719005
11.8297254951 8.53844321066
11.8421754802 8.56540223403
11.8562061086 8.68619356671
11.866231598 8.60458335884
11.8824172898 8.52435599052
11.8945883612 8.50211394579
11.9088583971 8.6107248041
11.9211211229 8.53823893992
11.9330326384 8.56574057587
11.9455580804 8.4612400086
11.9578729544 8.51750647256
11.9703663963 8.49246949587
11.9830763323 8.65711258916
11.9949076503 8.43607935583
12.0110795149 8.42059969994
12.0234911791 8.43822996343
12.0372922764 8.41590656833
12.0513102628 8.40044691557
12.0647814833 8.82182966799
12.0790870748 8.36592731437
12.091212714 8.45433935508
12.1060243801 8.83600087106
12.118931452 8.53233077575
12.1310515603 8.38454093074
12.1433573478 8.8474008214
12.1541788873 8.43447710055
12.1653010689 8.36173901413
12.1754375707 8.45409498925
12.1876228643 8.28628358571
12.1972955633 8.31927266906
12.2077259913 8.2784054776
12.2200851122 8.38777628176
12.2323893194 8.27088682907
12.2445066623 8.27762751922
12.2553985228 8.39757687823
12.2678864339 8.24202127898
12.2804237277 8.27919439609
12.2936598863 8.48563819904
12.3059846368 8.20818403806
12.3184010417 8.23151582828
12.3292083589 8.1771904368
12.3398043179 8.20874714562
12.350662203 8.21159047784
12.3611933718 8.21213814991
12.37328069 8.184054762
12.3857820332 8.13639547137
12.3972052521 8.1881414515
12.4092518789 8.37907354355
12.4206245299 8.151243748
12.4351280475 8.14749909953
12.4492811451 8.12467728348
12.4624604148 8.20972537191
12.4772855129 8.16587406609
12.4899081402 8.21814515184
12.5024363476 8.2047422469
12.513480702 8.16855908747
12.5282090099 8.10264312628
12.5416225514 8.149427223
12.5577256752 8.11823222774
12.56918603 8.10063872682
12.5813318173 8.05289901545
12.5935325183 8.04998953181
12.6042509466 8.01079072822
12.6149026093 8.03591938742
12.6265075567 8.08396139251
12.6387979368 8.13517702296
12.6506964154 8.02143945491
12.6618182019 7.98015587479
12.6734563346 7.99813285638
12.6846318496 8.25253543365
12.6942587214 8.00907411772
12.7049151249 7.96787572406
12.7145471325 7.94785085264
12.7246769183 7.91363582263
12.7350062104 7.95295788426
12.7458423671 7.91696620946
12.7557999058 7.95383019288
12.7676790263 7.89769849973
12.7780130592 7.9102297972
12.7877521286 7.90507137748
12.7980454701 7.88644240201
12.8086935772 7.88973605778
12.8187001037 8.00743981446
12.8284020373 7.88786062322
12.8401385404 7.85542217432
12.8496970664 7.87530909447
12.8616208289 7.8833149228
12.8757948648 7.98382852299
12.8903813455 7.81963754984
12.9018093051 7.82829568139
12.9139013641 7.85722123404
12.9249856197 7.81871854031
12.9373621233 7.88669751371
12.952859222 7.80873753186
12.9643902929 8.08259637735
12.981329368 7.74986454095
12.9949645392 7.75508361987
13.0101586253 7.75375127612
13.0241272289 7.78724153963
13.0383628945 7.72327340094
13.0503403855 7.84229651849
13.0660642497 7.74781747365
13.0779382344 7.75952220816
13.0888202183 7.68984710521
13.0995773626 7.7337801724
13.111952681 7.6712320521
13.1240739746 7.68521403103
13.1390760605 7.98694444577
13.1534614546 7.66439253956
13.1651829453 7.70211820973
13.1744925823 7.74439253428
13.184958961 7.66691313253
13.1972457855 7.6247976149
13.2082838189 7.77692465951
13.2187383457 7.65554235246
13.2295132678 7.61532900099
13.2390591518 7.64156247863
13.2498735801 7.64350762097
13.2605090453 7.58989494851
13.2721610052 7.60425327433
13.2816780497 7.59338473751
13.2911204276 7.59391738791
13.3015279419 7.63831473205
13.313015951 7.8663315264
13.3254426275 7.55540657886
13.3379254028 7.53389382484
13.3501545483 7.58841763164
13.360468433 7.55640864756
13.3711366883 7.60160595382
13.3830908706 7.52643372593
13.3931720637 7.53083325016
13.404451085 7.50644624955
13.4142731175 7.57690251705
13.4247375208 7.49142369452
13.4360477519 7.78083294578
13.4474476622 7.46762858562
13.4570986328 7.48368952151
13.4676546905 7.44838544443
13.4785959337 7.46017849231
13.4915583143 7.46401813906
13.5029578295 7.4339761438
13.513200603 7.43543151686
13.5227085612 7.43247018069
13.5342123727 7.79505945388
13.5451069986 7.40185671468
13.5551024633 7.40434708856
13.5665521513 7.40816962176
13.5805918661 7.41309811802
13.5928502462 7.38446852261
13.6051678856 7.3780984784
13.6159040916 7.36161128448
13.6302053374 7.37684963777
13.6416064329 7.35314901529
13.6578253099 7.33628012153
13.6743930267 7.35508367478
13.6883067167 7.30955426809
13.7009854428 7.34608564622
13.7158828372 7.37006284143
13.7276841305 7.31435351561
13.7411525856 7.31243232599
13.7553412388 7.32696045372
13.7697807564 7.30263089681
13.7820786426 7.27567381927
13.7956873447 7.27190003534
13.8086560463 7.25409665799
13.8202191172 7.24485362867
13.8324541886 7.25710553065
13.8468597309 7.29900003932
13.8588692218 7.2592997378
13.8701952555 7.35105595204
13.8809717578 7.54739972866
13.8911086547 7.23393834119
13.9028498985 7.2569616076
13.9137251664 7.2171780685
13.9231031491 7.18336868892
13.9326826135 7.17359222766
13.9445028697 7.17425821161
13.9543624331 7.15063769811
13.9664296031 7.14771931215
13.976260722 7.15523988561
13.9885629539 7.17477128726
13.9982158998 7.21149345084
14.0116582808 7.15108564956
14.0228891045 7.11430430945
14.0348713362 7.10219160279
14.0456186039 7.11947829184
14.0565468101 7.11227473086
14.0666078551 7.12688244989
14.0758945785 7.0949894655
14.0872522171 7.08472578747
14.1005326226 7.43872962979
14.1126013729 7.08760183436
14.1242956044 7.22732797061
14.1352538353 7.07707872697
14.1476935488 7.21728079788
14.1610620532 7.23372576186
14.1727294204 7.03673667005
14.1892362977 7.04493082443
14.2038887537 7.05795518127
14.2192566671 7.06863541344
14.2335808265 7.04873120066
14.2461110093 6.992955548
14.2572525489 7.1190000516
14.2720503878 7.02514330308
14.2844099037 7.02204280977
14.2951555912 6.99933254903
14.3071239958 7.04175896827
14.3190082521 7.00591041281
14.3341675727 7.00069810311
14.3450554825 7.08475741365
14.359850951 7.01529069181
14.3740708141 7.06150047055
14.3860566013 7.1185342536
14.3971392768 6.99145629557
14.4083282239 6.94027445486
14.4176528732 6.93900107768
14.4287786104 6.97809057613
14.4399869155 6.93475947249
14.4501167013 7.00389345662
14.4608292036 6.92362571757
14.4721433854 7.04680016581
14.4845597903 6.91309295882
14.4963365897 6.93555505868
14.5083113152 6.85720591664
14.5184742862 6.91180793688
14.5282631334 7.22137924772
14.538792722 6.92855395955
14.5487463101 6.97248744146
14.5579650828 6.82534394169
14.5703506729 6.93579213004
14.5828129049 6.97422018462
14.5949855565 7.06146854119
14.6076208258 6.83738911092
14.6217920962 6.83576890365
14.6344364519 6.79055932739
14.6456198681 6.79618501896
14.6582349892 6.84932732553
14.6700244306 7.03947943703
14.6826178233 6.82658541162
14.6941141287 6.85125352011
14.7106443146 6.7720794116
14.7242277327 6.75873232073
14.7364043349 6.74805424917
14.747822023 6.72037896737
14.7598244028 6.81778733185
14.7741209079 6.73622305739
14.7861043248 6.72463830647
14.7985768285 6.74122410256
14.8116099252 7.00701117521
14.8251281581 6.72875800159
14.8369725132 6.68375096172
14.8493474365 6.68918343237
14.8613016188 6.73977821776
14.8732372332 6.67658337586
14.8845213902 6.72107580459
14.8957095472 6.73464004109
14.9082634337 6.64586103566
14.9179748488 6.64024503892
14.9272611771 6.62539714845
14.9383102722 6.62522427913
14.9485807001 6.62628479805
14.9591731035 6.66608691503
14.9692392843 6.68075793177
14.9800217126 6.60539350404
14.9907148569 6.61289170232
15.0005811363 6.67064618276
15.011474972 6.60402891312
15.0226334994 6.57406742788
15.0341764221 6.57242067931
15.0468843827 6.82548056791
15.0560336245 6.63901738681
15.0674722508 6.64227009234
15.0797934458 6.86869761573
15.0917622453 6.66729016601
15.1039771686 6.61542800007
15.116224882 6.60610664214
15.1316496843 6.54569587592
15.1421291 6.55216744281
15.155234098 6.73739370594
15.171160234 6.70270086049
15.183762318 6.51262996384
15.1981496874 6.67913985316
15.2112337471 6.57169237961
15.2237398311 6.64142528784
15.2367018167 6.49949170538
15.2473033065 6.4857908554
15.2586384266 6.5280298942
15.2697045094 6.48669815136
15.2840978047 6.44390449249
15.2959800857 6.45446957883
15.3109829618 6.49598678073
15.3234850951 6.4373173127
15.3348423386 6.41626664823
15.3470280273 6.41208466476
15.3575781591 6.41544183228
15.3689974274 6.57626616049
15.3803408437 6.40624311367
15.3950541393 6.37974110249
15.4070976056 6.40583241016
15.4166905021 6.38952490358
15.4290875489 6.43698615378
15.4407896816 6.54700856666
15.4517119618 6.41784378956
15.4641188852 6.4032598112
15.474662696 6.37862272273
15.4851239389 6.3841808317
15.4951431073 6.34197003711
15.5045744234 6.34229667892
15.51588742 6.33623400567
15.5252298471 6.47759208857
15.5344794347 6.38622536064
15.5450323319 6.34588163273
15.5548290804 6.32644432882
15.565696447 6.28750372196
15.5757685537 6.47030082388
15.588270687 6.31406087224
15.6002315854 6.3209987362
15.6101713463 6.26869785844
15.6201687863 6.30254851337
15.632297191 6.3735523424
15.6444674722 6.28731130436
15.6566871361 6.23702022602
15.6689869977 6.25612410294
15.6801506609 6.2360199943
15.6900212859 6.24835215252
15.7024910242 6.35034050469
15.7122265381 6.27753609648
15.7234225963 6.25300547215
15.7360250754 6.24044974544
15.7472345657 6.25622479823
15.7575362035 6.19066288095
15.7688756692 6.24672055819
15.7802743943 6.19441551064
15.7922068482 6.17380097122
15.806972687 6.54640585543
15.8204138828 6.26549641752
15.8313310272 6.28209151593
15.8438110371 6.329198212
15.855941022 6.16330374864
15.8676234016 6.14587824481
15.8838079082 6.19986053642
15.8963653502 6.18741654434
15.911213757 6.16582245031
15.9226480376 6.36854761264
15.9347969855 6.13169098249
15.9499167999 6.10787482963
15.9621965133 6.18856773943
15.9740274363 6.11065591836
15.9859195938 6.08541950455
16.0004906671 6.1434272157
16.0122295405 6.06716406359
16.0243275254 6.20595311927
16.0362639299 6.09171193088
16.0510112008 6.09210953759
16.066021188 6.12293750134
16.0782930001 6.13158047258
16.0899658982 6.06220297585
16.1002785978 6.37668645332
16.1121897183 6.0394847039
16.1244477033 6.02455233465
16.1363892436 6.03154922771
16.1472317213 6.0147352081
16.1568732104 6.03441209511
16.168351738 6.3715628627
16.1775705107 6.05232206114
16.1882648401 6.03692732251
16.1989706263 6.0279863376
16.2099142399 5.99288074276
16.2222212126 6.07240756047
16.2319748993 5.95780818657
16.2443379708 6.03198784624
16.2575689936 5.93721726572
16.2672551247 5.96399780811
16.2797619988 6.01533871512
16.292294947 6.0326916881
16.3026412268 5.94795098644
16.3183662762 5.93605539656
16.3313373482 5.92149339374
16.3485644236 5.98806737753
16.3596214199 5.89776791553
16.3707048855 5.923551204
16.3826318085 5.96903431631
16.3954669791 5.98919724664
16.4069332598 5.87322957448
16.4190592941 5.960070718
16.4346377755 5.87589179014
16.4465378343 5.90849924992
16.4578670284 5.96754681399
16.4695525685 5.8439416814
16.4815229484 5.91154032289
16.4943841931 5.97169217196
16.506278721 5.86513915165
16.5208055473 5.84693396376
16.5325037294 5.92930945512
16.5428978117 5.83529933781
16.5565037483 5.84548972546
16.5685823752 6.00772652905
16.5807878169 5.8061295442
16.5913956278 5.8960054749
16.60369944 5.7978837366
16.6153047825 5.78591021259
16.6257126919 5.82375880361
16.6357749221 5.79523696196
16.6455290039 5.89313750882
16.655062246 5.84198889691
16.6657261556 5.74831940922
16.6780445851 5.76196851621
16.6903444467 5.76201673537
16.7022646536 5.77344099416
16.7130427362 5.75774274452
16.725305857 5.77202202211
16.7352499637 5.74510241748
16.7459790586 5.75177016724
16.7563474618 5.71530116607
16.7688405087 5.83010955391
16.7811976543 5.73477165667
16.794523887 5.84050774723
16.8087753551 5.96892580588
16.822433835 5.71094315648
16.8345867335 5.70664493739
16.8461691624 5.67214131587
16.8598549016 5.90179816295
16.8718892815 5.72785463832
16.884972156 5.71096341695
16.9009176501 5.68963753105
16.9132222524 5.75266180236
16.9274369797 5.64790460132
16.9385943219 5.65147598864
16.9505607511 5.64504704868
16.9625678717 5.6557120649
16.973573905 5.66010825424
16.9863482361 5.67273469539
16.9975810351 5.61326005165
17.0120932441 5.63825086161
17.0291172576 5.65193242898
17.0396187967 5.6094483452
17.0505568795 5.58856561201
17.0629547164 5.59619042858
17.0740109227 5.58380795392
17.084755425 5.56285274459
17.0963042736 5.57909445015
17.1088735675 5.55833069719
17.1232099739 5.55103161403
17.1356832677 5.62957132831
17.1486108829 5.57071959673
17.1596493113 5.55222841533
17.1726598895 5.58865807148
17.1859853321 5.52447524758
17.2011837639 5.51007897166
17.2125816988 5.53525612566
17.2256219067 5.50614781518
17.2391425099 5.56825217119
17.2513637542 5.62099215934
17.264053937 5.54136675252
17.2748332048 5.52997593734
17.2898712414 5.48129312584
17.3023540167 5.47790213593
17.3166959539 5.46826941876
17.3294323591 5.47399405238
17.3412711832 5.57069151824
17.3530009703 5.48298354567
17.3650369304 5.48661629282
17.380393782 5.75835847964
17.3925158657 5.55898212772
17.4042492083 5.68861851098
17.4159438348 5.66673705793
17.4272252264 5.61532316884
17.4377243952 5.43521513227
17.4496967504 5.40508236562
17.4640592309 5.427003691
17.4753532645 5.40892208502
17.4874496691 5.41508456849
17.5023537796 5.45003239181
17.5146248017 5.41276371001
17.5257797735 5.40501369615
17.5394473398 5.44628927545
17.5510447811 5.39031778792
17.5626923952 5.36730539694
17.5747951208 5.37518839218
17.5841355727 5.44598919024
17.596039187 5.46361407263
17.6082837399 5.40114442295
17.6204338729 5.47340834804
17.6326270678 5.66538557122
17.644905596 5.34805133435
17.6560419998 5.63946830353
17.6660477361 5.52983502655
17.6773540167 5.38062743267
17.6884287909 5.302555275
17.6992523056 5.31207844995
17.7130846128 5.35215428634
17.7250609186 5.29865451051
17.7371770763 5.34426954668
17.7477706649 5.31951968886
17.76025186 5.31021030615
17.7700193738 5.26648927764
17.7798113816 5.29347590506
17.7907723779 5.27656746733
17.8043060182 5.30888324536
17.8152911133 5.26339566121
17.8260549737 5.3232674568
17.8362874756 5.28994818802
17.8476925216 5.24768313348
17.8601551488 5.38581157352
17.8698124403 5.28011427663
17.8825259319 5.21963114986
17.894625497 5.28565310227
17.9051112337 5.33303911123
17.9151023527 5.21370824343
17.925643398 5.19412508448
17.9371847405 5.19758674708
17.9474105263 5.19796104473
17.9571006081 5.40349683792
17.9725819043 5.55726995271
17.9825347022 5.17416233373
17.9937880445 5.17113644663
18.0061238567 5.31167640584
18.0184612492 5.20950970882
18.0309590368 5.18864684346
18.0462787526 5.15900989697
18.061710271 5.47531078991
18.0765223321 5.22605896704
18.0903139479 5.1683292727
18.1065189977 5.23529907112
18.1178687351 5.18719486106
18.130228251 5.12833079106
18.1443726573 5.20827753028
18.156743235 5.17327182984
18.1678717376 5.26431231689
18.1828517 5.16166066392
18.1974622795 5.14208819458
18.2087898934 5.14675347378
18.2215492121 5.16233722387
18.2366508537 5.11210719324
18.248516147 5.10295642249
18.2593997111 5.21679793902
18.2705258434 5.09881294615
18.2806809131 5.30919116973
18.291155193 5.09458909092
18.3037628079 5.08642967709
18.3157130396 5.07369874283
18.32638169 5.12328391098
18.3381466375 5.10098008329
18.3485632384 5.10985745139
18.3600887783 5.38179673687
18.3710398981 5.08600109715
18.3805348192 5.04758760548
18.3912500869 5.06688102198
18.4020534535 5.03522804758
18.4122575109 5.05005869693
18.4219057161 5.04616552635
18.4315807854 5.0319061399
18.4435408937 5.01597557294
18.4530958642 5.01471197613
18.4642302927 5.00624577671
18.4756776104 5.06100977393
18.4870897676 5.03189010273
18.5002133335 5.00013354103
18.5128241089 4.98040918733
18.5229080675 4.98342060434
18.5342163233 5.00873728799
18.5455198384 4.99249831241
18.5568411313 4.96691507634
18.5688130914 4.98129613234
18.5831226336 4.98239914494
18.5950373097 5.09166584342
18.6093496173 4.96734057144
18.6249581234 5.18507385401
18.6400554193 5.03694677193
18.6545676283 4.98016221814
18.6695483809 5.05072668073
18.6838918984 4.92706716894
18.6970849952 4.95596967578
18.7086196216 5.27048907545
18.7229382502 5.1775920269
18.7349196918 4.96994404103
18.748516542 5.32949588924
18.7606386257 5.12654545887
18.7729669317 5.06988288032
18.7872345973 5.0443270885
18.7987162854 4.9104797437
18.8089250836 5.13016663051
18.8209389202 5.06964660738
18.8312903358 4.94801687542
18.8427337029 4.91023314648
18.8540948971 5.03157128354
18.8661968326 4.8896167472
18.8780577802 4.87295210653
18.8908273705 4.84974970891
18.9036115782 5.2659490092
18.915855736 4.87835668354
18.9275057205 4.98456400054
18.9417417811 5.05200691274
18.9532301853 5.0325500662
18.9645637251 5.097380713
18.9754488695 4.84432100337
18.9862751496 4.86731636231
19.001152791 4.83416050291
19.0148148265 4.83091116379
19.0255407609 4.88747078474
19.0404752912 4.84180850527
19.0519921398 4.90169913449
19.0672123 4.79330204518
19.083551671 4.787744755
19.0978663489 5.05918333343
19.1126029532 4.7825462036
19.1255526918 4.78740445175
19.1388078134 4.96366834319
19.1537218005 4.84782196129
19.1686504049 4.79270165419
19.1846077508 4.81597108586
19.1992752192 4.7504498556
19.2135330082 4.76778870427
19.227069414 4.76101944406
19.2396576708 4.89059191611
19.2513724455 4.73665287938
19.2661833214 4.72421267934
19.2788505907 4.7851812032
19.2933110466 4.87430152939
19.3055559945 4.73212357757
19.3163569907 4.75117808822
19.3292514206 4.73839302322
19.342186542 4.70386413931
19.3541727243 4.69565149702
19.3657693754 4.93381503712
19.3780996568 4.70277808552
19.3899329501 5.0611916548
19.4021067868 4.68037654107
19.4143331669 4.72082867126
19.4248275949 4.8441067872
19.4358217765 4.67155893784
19.4487110706 4.73382324661
19.4593745852 4.74865386572
19.471593064 4.65164570197
19.4833564313 4.80735904073
19.4957364905 4.65922578861
19.5085404512 4.63844315553
19.5218011036 4.66405304747
19.537588968 4.65494429616
19.5521940165 4.63149301474
19.5646771869 4.67948308005
19.5771362585 4.65051340521
19.5887953294 4.6389385319
19.6009908946 4.61443877789
19.6152522392 4.64754563531
19.6277200021 4.68903053883
19.6419722603 4.74358475633
19.6541184428 4.5973544065
19.6651576614 4.58927834754
19.6768732262 4.8617847832
19.6882924945 4.74974205512
19.7033463335 4.57166915806
19.7147663919 4.70024466337
19.7268884756 4.94577116201
19.7413951537 4.56496870305
19.7539316574 4.66077920209
19.7663235685 4.56168805986
19.7765382926 4.57112504688
19.7894900065 4.54501900195
19.7991642858 4.6912687533
19.8102572328 4.52991277366
19.8224373906 4.52130285679
19.8351572031 4.51688465907
19.8473503979 4.54891141681
19.8596044323 4.52475091124
19.8733679987 4.51435180896
19.8853751193 4.77613658495
19.8971333508 4.52375918496
19.90989583 4.54722448606
19.9202294678 4.5390395401
19.9328161444 4.56396777187
19.9444542771 4.53277098084
19.9573771515 4.5623775167
19.9688177531 4.60056683743
19.9812855161 4.54504360752
19.9924361422 4.62140373179
20.0035235583 4.56417833278
20.0159755188 4.5041418395
20.0265367123 4.54970947649
20.0393857101 4.46597940726
20.0513414727 4.51858012421
20.0643251866 4.45399531219
20.0753509731 4.44117386697
20.0872711801 4.44243953547
20.0984131148 4.53530626391
20.1122817677 4.50811218681
20.1236058261 4.41437456348
20.136105194 4.61113551718
20.1486456483 4.42085328461
20.1582950387 4.44918754452
20.1700860603 4.47485366834
20.1843430592 4.70773309545
20.1961317105 4.47420220069
20.2107019936 4.40154269267
20.2229607688 4.48567420387
20.2358097666 4.40113938268
20.2499205925 4.55295183897
20.2622362566 4.67571554712
20.2780304419 4.83870403758
20.2914028969 4.40845377277
20.3062935753 4.46322665262
20.3193744746 4.40039902665
20.3350062894 4.52905873671
20.3508763266 4.57689931492
20.361920681 4.38651269956
20.3768725941 4.34815134552
20.3893585299 4.38934443607
20.4025579477 4.39909322926
20.4183288244 4.39291774378
20.4323124403 4.33878836063
20.4455758582 4.34813983725
20.4591975974 4.36210160885
20.4774775131 4.36119121169
20.4921181172 4.35790764053
20.5075504257 4.33188729692
20.5195658426 4.34633855507
20.5301598263 4.39420719703
20.5412018103 4.31804362879
20.5537817709 4.30574048795
20.5701088949 4.39673992368
20.5833742881 4.29323310272
20.5957610633 4.29546684655
20.6064384051 4.28354489753
20.6185083405 4.32728989661
20.6315315607 4.28317324642
20.6411074695 4.27908277067
20.6544854554 4.30169623289
20.6654539579 4.2872728658
20.6781192518 4.25713386471
20.6898134833 4.26671119741
20.7004066769 4.29970980145
20.7130684153 4.28562406587
20.7253963262 4.3948600852
20.739614214 4.31219756846
20.7541999046 4.25625284633
20.7669908282 4.22455925987
20.7817207164 4.21386117233
20.7962084316 4.22766727667
20.8111793076 4.32765105934
20.8298278162 4.25352153621
20.8436585431 4.23393202852
20.8584950981 4.22226157695
20.8699112059 4.20018388914
20.8845672174 4.24498675458
20.8966450541 4.20171119791
20.9128761781 4.52656867403
20.92753456 4.19607287183
20.9395270633 4.32459059187
20.9544050998 4.19665365807
20.9667634305 4.2096606778
20.9812681333 4.24405959052
20.99955437 4.30896258332
21.0155239629 4.21575188861
21.029571974 4.21205935403
21.0423423544 4.15837626987
21.0578228605 4.18457330287
21.0689399063 4.28311465983
21.0883678723 4.16675622953
21.1010264502 4.18469687869
21.1130339659 4.25970455243
21.1269772855 4.19696405365
21.1382910722 4.28678641051
21.1497332541 4.17747663312
21.1623645727 4.16308941428
21.1752526817 4.13563469814
21.1894354089 4.15129270412
21.2034794694 4.28159430461
21.2175310361 4.12213684095
21.2297048729 4.15013653845
21.242333426 4.31279254475
21.2577744259 4.17646154361
21.2698340897 4.11783092518
21.2862749916 4.15976888427
21.3023804858 4.12350868558
21.3171340777 4.11663839756
21.3301296436 4.08439510473
21.3474689165 4.09858994671
21.3619894218 4.19329131732
21.3770298288 4.07957935405
21.3904390245 4.09177430472
21.404839431 4.08179975756
21.4178634413 4.08113041698
21.4320856747 4.08554086284
21.4440560546 4.06540683865
21.4559813973 4.05444115863
21.4695035808 4.08417954606
21.4843658148 4.40599118158
21.4984549124 4.04781300714
21.5121991207 4.04642141823
21.5274062439 4.03228670356
21.5422799346 4.02792108989
21.558335651 4.06846869487
21.5740583301 4.0367429127
21.5883026871 4.02368682179
21.6062586519 4.07881141991
21.6228816773 4.21743763142
21.637977788 4.04201213083
21.6497826369 4.01115109578
21.6628398324 4.01312780581
21.673802804 4.06349849382
21.691206077 4.25554003685
21.7024495427 4.02515535975
21.7142852063 4.02577748388
21.7265890185 4.07797401964
21.7384049291 4.1077448834
21.7529218789 4.00638813736
21.7660667781 4.10253325727
21.7827380012 4.07352319592
21.7982599887 4.07421376633
21.8137566924 4.01784763635
21.8270959621 4.10802974496
21.8427965178 4.04914660446
21.8609290753 3.98010793858
21.8742833575 3.96083961126
21.8878474176 3.99240633956
21.9001279211 3.98105735851
21.9137773146 4.02132087459
21.9279521406 3.94933034496
21.9406715581 3.93402711657
21.9528220862 3.96323842727
21.9671679741 4.03005301015
21.9822636897 3.94456141817
21.9952564901 3.961827377
22.0112320089 3.97801153283
22.027196861 3.95529628392
22.039110747 3.91465447474
22.0507433487 3.98367810392
22.0652926936 3.93880299828
22.0781634198 3.94538114944
22.0906497506 3.95824913957
22.1034944028 3.92983539612
22.1193762919 3.95952688194
22.1305956587 3.90034770054
22.1411904325 3.93843461928
22.1528068368 3.96257338869
22.1648708463 4.1560014966
22.1795391048 4.00047606543
22.1920072628 3.9270888783
22.2076078677 4.08778302717
22.2207124707 3.91560958037
22.2330099619 3.86371133468
22.2459905154 3.96917936313
22.2573935861 3.86875403481
22.2680519649 3.90544077515
22.2812430864 3.86865056166
22.2930487254 3.88510553233
22.3081483916 3.88614585719
22.3180660291 3.90079618282
22.3296302851 3.87225293894
22.3414473809 3.88262475651
22.3523100068 3.8633104809
22.3658645854 3.85321561505
22.3820992649 3.84990930125
22.3966715233 3.81860584112
22.4124823012 3.96382270074
22.4256094227 3.82983986452
22.4375343704 3.83531423176
22.4503193682 3.81512015698
22.4673749866 3.81036406799
22.4823924799 3.81964059291
22.4973530843 3.81548900026
22.5125843062 3.94417208282
22.5280008122 3.77887339541
22.5445456154 3.8224421312
22.5581171817 3.89422607952
22.5710882537 3.80284077319
22.5840119182 3.77233238069
22.5975502993 3.79091937164
22.6097628522 3.76426925336
22.6258707167 3.78721850517
22.6407297902 3.81061037263
22.6525065896 3.89459984083
22.6663554895 3.7459842645
22.6800736238 3.77206780059
22.6955802039 3.73207521042
22.7140339469 3.76379886253
22.727922748 3.82306061431
22.7404473999 3.73398599377
22.7559429183 3.7329680578
22.7678943351 3.72711886035
22.7831512361 3.71768118721
22.7970471483 3.70966958396
22.8086837007 3.70037139326
22.8253407015 3.70535610424
22.8427380486 3.69592432683
22.8552619103 3.68928694785
22.8694335758 3.7014062564
22.8855335392 3.70190766663
22.8989036238 3.69925547394
22.9157775137 3.74611779827
22.9314160446 3.75809308962
22.9483096876 3.69969579654
22.966963727 3.88324641797
22.986716829 3.79550921042
23.0017493347 3.72079968374
23.0166356675 3.69052421669
23.0298959249 3.67178017494
23.0465556911 3.64860625523
23.0623795061 3.64908866127
23.0774361106 3.66737530382
23.0895048608 3.65856131712
23.1037357857 3.78659513884
23.1190973781 3.70907958795
23.1378521583 3.66620310829
23.1517915273 4.02738693232
23.1677366264 3.69815718092
23.1819138227 3.71223533762
23.1957765497 3.63409222312
23.2085781401 3.62826483048
23.2252955854 3.67025398701
23.2404094739 3.66691339124
23.2527721503 3.66169810585
23.2679512241 3.64299845818
