0.0139729 2.30258
0.0153845 2.30258
0.0167498 2.30257
0.0184028 2.30259
0.0195591 2.30259
0.0206933 2.30258
0.0218769 2.30258
0.0228891 2.30256
0.0239652 2.30259
0.0251176 2.30259
0.0262534 2.30261
0.0277108 2.3026
0.0287364 2.30258
0.0301405 2.30255
0.0314189 2.30266
0.0333333 2.30265
0.0344609 2.30268
0.0361379 2.30257
0.0374388 2.30265
0.0391676 2.30255
0.0415874 2.30253
0.0429148 2.30262
0.0440624 2.30246
0.0450983 2.30264
0.0464861 2.30265
0.0478704 2.30251
0.0142451 2.30258
0.0154694 2.30258
0.016493 2.30257
0.0175068 2.30259
0.0190617 2.30259
0.020514 2.30258
0.0220705 2.30258
0.0234698 2.30256
0.0246661 2.30259
0.0258576 2.30259
0.0270926 2.30261
0.0282845 2.3026
0.0296213 2.30258
0.014176 2.30258
0.0156152 2.30258
0.0169726 2.30257
0.0180836 2.30259
0.0192292 2.30259
0.0205819 2.30258
0.0218007 2.30258
0.022993 2.30256
0.0241134 2.30259
0.0253053 2.30259
0.0265209 2.30261
0.027684 2.3026
0.0290118 2.30258
0.0302455 2.30255
0.0316571 2.30266
0.0328281 2.30265
0.0340429 2.30268
0.0351005 2.30257
0.0363504 2.30265
0.0375443 2.30255
0.038974 2.30253
0.0400794 2.30262
0.0413053 2.30246
0.0424774 2.30264
0.0436662 2.30265
0.0447874 2.30251
0.0457845 2.30257
0.0469563 2.30261
0.0480917 2.30245
0.0491583 2.30261
0.0501709 2.30258
0.0515947 2.30254
0.0530829 2.3025
0.0544087 2.30261
0.0555595 2.30264
0.0569849 2.30281
0.0580563 2.30249
0.0592727 2.30255
0.0605444 2.30261
0.0616775 2.30263
0.0633561 2.30262
0.0648601 2.30245
0.0155836 3.20619
0.0167905 3.20619
0.0180456 3.20618
0.0192308 3.20619
0.020527 3.20619
0.0216913 3.20617
0.022816 3.20616
0.0237871 3.20613
0.0249584 3.20616
0.0261349 3.20616
0.0271882 3.20617
0.0285685 3.20615
0.0297964 3.20613
0.0312336 3.20609
0.0324765 3.20619
0.0336447 3.20618
0.0351779 3.20621
0.0362011 3.20609
0.0373883 3.20616
0.0387299 3.20605
0.0399605 3.20603
0.04131 3.20612
0.0427402 3.20595
0.0438918 3.20612
0.0451939 3.20613
0.046878 3.20598
0.048081 3.20604
0.0494507 3.20608
0.0507619 3.20591
0.0520656 3.20606
0.0538027 3.20602
0.0550333 3.20598
0.0561324 3.20593
0.0574049 3.20603
0.0142866 3.20619
0.0160976 3.20619
0.0173258 3.20618
0.0186762 3.20619
0.0199838 3.20619
0.0212362 3.20617
0.0224877 3.20616
0.0235623 3.20613
0.0247518 3.20616
0.0256952 3.20616
0.0272332 3.20617
0.0283931 3.20615
0.0296747 3.20613
0.0309902 3.20609
