0.00070479 22.6058
0.00117333 22.5896
0.00174657 23.1151
0.00238736 22.058
0.00300523 22.1017
0.00364286 22.0516
0.00432474 22.066
0.00490944 22.8001
0.00546766 21.9792
0.00602311 21.7915
0.00704593 21.828
0.00780129 22.0499
0.00858944 21.403
0.00915398 21.9366
0.00990697 22.2777
0.0106323 21.5277
0.0113237 21.521
0.0122114 21.6363
0.0129908 21.49
0.0137944 21.5928
0.0146236 21.4404
0.0154284 21.4008
0.016177 21.4497
0.0170442 21.5753
0.0179943 21.7204
0.0188129 21.3637
0.0196765 21.3941
0.0211101 21.3493
0.021775 21.4255
0.0223783 21.0741
0.0231372 21.3344
0.0239471 21.1868
0.0245262 21.336
0.0250975 21.5095
0.0258746 21.0366
0.0264435 21.0787
0.0273142 21.248
0.0279933 21.0341
0.0286641 20.8396
0.029169 21.0532
0.0300089 21.0579
0.0309472 20.8539
0.0317353 20.9873
0.0323876 21.14
0.0330394 20.8382
0.0337652 20.891
0.0344956 20.6894
0.0351226 20.9369
0.0358211 20.8592
0.0364409 20.6877
0.0370627 20.7122
0.0379169 20.5147
0.0395449 20.5609
0.0402782 20.8153
0.0410833 20.6128
0.0416597 20.4634
0.0424573 20.308
0.0433632 20.4588
0.0440846 20.6319
0.0446768 20.5625
0.0452188 20.27
0.0461452 20.5243
0.0468188 20.4841
0.0475548 20.2572
0.0481328 20.2808
0.0490418 20.1014
0.0499378 20.3524
0.0508445 20.0528
0.0514489 20.3143
0.0529814 20.1335
0.0537276 19.9961
0.0546458 20.166
0.0553273 20.1932
0.0560877 20.1472
0.0567854 20.2722
0.0575313 20.1053
0.0582622 20.1494
0.0589571 20.334
0.0595931 19.8157
0.06039 19.9098
0.0610853 19.8614
0.0619955 19.8979
0.0625913 19.9846
0.0632111 20.1572
0.0638543 20.0434
0.0645847 19.961
0.0652781 19.9023
0.0659698 19.8317
0.0666284 19.7134
0.0673269 19.6477
0.0680767 19.6917
0.0686831 19.6897
0.0693484 19.6798
0.0699339 19.8419
0.0703882 19.6956
0.0711495 19.6882
0.0717682 19.5906
0.0723924 19.6475
0.0733713 19.6107
0.0740417 19.5654
0.0748228 19.5585
0.0755529 19.5898
0.0763007 19.4567
0.0770703 19.6756
0.0778312 19.355
0.0785972 19.3021
0.0795576 19.3316
0.0802667 19.484
0.0810908 19.3822
0.0818892 19.2534
0.082553 19.2631
0.0839542 19.3092
0.0846452 19.2808
0.0853571 19.2793
0.086135 19.1787
0.0868903 19.1096
0.0876781 19.2178
0.0884781 19.1626
0.0891651 19.1592
0.0898134 19.1268
0.0906667 18.9897
0.0914395 19.0691
0.0922636 19.0923
0.0929443 19.1066
0.0935867 19.1503
0.0942033 18.9952
0.0950614 18.9828
0.0957654 19.0081
0.0964157 18.9651
0.0970122 18.917
0.0984688 18.8415
0.0991942 18.8517
0.0998737 18.8332
0.100603 18.7203
0.101338 18.8034
0.102803 18.8221
0.103594 18.8944
0.104535 18.8679
0.10516 18.818
0.105893 18.6561
0.106519 18.5267
0.107221 18.5786
0.107913 18.9159
0.108728 18.6647
0.109677 18.6588
0.110491 18.5056
0.111261 18.509
0.111908 18.4837
0.112473 18.4366
0.112994 18.6045
0.113593 18.5338
0.114142 18.444
0.114869 18.4801
0.115479 18.3692
0.116484 18.3554
0.117243 18.6222
0.118032 18.3287
0.11886 18.4713
0.119607 18.6052
0.121389 18.3712
0.12219 18.2887
0.122867 18.3533
0.123607 18.2388
0.124145 18.5323
0.124697 18.071
0.125268 18.1788
0.12614 18.4125
0.126969 18.0545
0.127801 18.0472
0.128926 18.0223
0.129634 18.1005
0.130489 17.991
0.131141 18.1993
0.131724 18.0213
0.132364 17.875
0.133019 18.0797
0.133651 17.9533
0.134371 18.0577
0.135355 17.8986
0.136348 18.1409
0.13711 17.8254
0.137898 17.8658
0.138494 17.8647
0.13928 17.8981
0.139939 17.8366
0.140844 17.7285
0.141902 17.8093
0.142761 17.7455
0.143505 17.6854
0.144249 17.6857
0.144923 17.7066
0.145646 17.7305
0.146436 17.684
0.147918 17.7289
0.148751 17.6626
0.149661 17.5862
0.150593 17.5032
0.151512 17.4992
0.153219 17.5016
0.153941 17.8633
0.154515 17.4087
0.155971 17.6237
0.156713 17.384
0.157481 17.5408
0.158114 17.4544
0.158782 17.4509
0.159301 17.3601
0.160017 17.4908
0.160644 17.3523
0.161379 17.6625
0.162314 17.3464
0.162987 17.3681
0.16353 17.2116
0.164204 17.3704
0.164825 17.2005
0.165548 17.212
0.16633 17.318
0.167636 17.4977
0.168288 17.1723
0.169066 17.1587
0.169667 17.3368
0.170625 17.2119
0.171116 17.2523
0.172089 17.1094
0.17291 17.2285
0.173661 17.2178
0.174528 17.0888
0.175136 17.0561
0.175711 17.0958
0.176271 17.1665
0.176928 17.1306
0.177633 17.1654
0.178283 17.2151
0.178809 16.9662
0.179413 17.1918
0.18024 16.9734
0.180871 16.9815
0.181704 16.9275
0.184836 16.9236
0.185533 17.3241
0.187469 17.0023
0.188145 16.9252
0.190656 16.8366
0.191307 16.7684
0.192472 16.7359
0.193104 16.6916
0.193736 16.6906
0.194476 16.7468
0.195157 16.7148
0.197887 16.6326
0.198424 16.6502
0.20016 16.6331
0.201003 16.6592
0.201655 16.6635
0.203453 16.4988
0.204303 16.7113
0.206994 16.6205
0.207911 16.6285
0.208491 16.471
0.21018 16.5055
0.211009 16.6742
0.211706 16.5317
0.212424 16.4762
0.213181 16.5803
0.214082 16.6031
0.214927 16.3503
0.217665 16.4045
0.218476 16.4322
0.219139 16.3865
0.221813 16.3371
0.222382 16.4447
0.222976 16.3746
0.22569 16.3467
0.226219 16.3287
0.226838 16.5123
0.227441 16.5222
0.228082 16.8077
0.229535 16.2777
0.230233 16.1863
0.230944 16.2361
0.231828 16.1639
0.232699 16.1924
0.235449 16.1406
0.236006 16.4432
0.238708 16.2146
0.239597 16.0651
0.24024 16.0821
0.240931 16.1183
0.241544 16.247
0.242308 15.9981
0.245058 16.1129
0.245771 16.1846
0.246507 15.9977
0.247424 16.0698
0.249273 16.0316
0.249918 15.9193
0.250502 15.973
0.251478 15.9646
0.252325 15.9026
0.254107 15.8718
0.254898 15.9423
0.255601 15.893
0.256206 15.8407
0.257214 15.8651
0.259075 15.8689
0.259636 15.787
0.261341 15.7802
0.262004 15.7281
0.263777 15.6915
0.26454 15.6801
0.266459 15.7221
0.267109 15.8054
0.267994 15.6472
0.270769 15.7325
0.271468 15.7113
0.272138 15.6583
0.273857 15.5683
0.274536 15.6054
0.276361 15.7429
0.277371 15.6486
0.278019 15.5975
0.279729 15.5455
0.280684 15.5771
0.281372 15.4429
0.283051 15.4872
0.28368 15.4497
0.286868 15.447
0.287639 15.4519
0.288448 15.395
0.289193 15.4501
0.290909 15.4105
0.291667 15.3576
0.293408 15.3729
0.294211 15.2847
0.295067 15.3364
0.295988 15.2841
0.296789 15.2845
0.298687 15.4097
0.299591 15.6959
0.300412 15.2594
0.301124 15.2862
0.301892 15.4946
0.302721 15.3041
0.303395 15.1959
0.304103 15.1432
0.304885 15.1928
0.30592 15.1889
0.306757 15.1387
0.307385 15.1991
0.31035 15.2742
0.311341 15.1605
0.313157 15.1097
0.313903 15.1624
0.316648 15.1284
0.317615 15.2895
0.318468 15.0472
0.321268 15.0265
0.322051 15.0077
0.323892 14.9691
0.324617 14.8938
0.32533 14.935
0.326162 14.9756
0.327223 15.038
0.329551 15.144
0.330482 14.8638
0.331419 15.0673
0.332201 14.9271
0.334935 14.8785
0.335593 14.8666
0.336346 14.7832
0.338183 14.8603
0.339154 14.7703
0.341722 14.8063
0.342533 14.7577
0.343303 14.7153
0.346282 14.8008
0.347081 14.6823
0.347882 14.7422
0.348659 14.691
0.349396 14.776
0.350321 14.7593
0.351145 14.8358
0.352159 14.6593
0.353022 14.7817
0.354786 14.6103
0.355706 14.9219
0.356536 14.6706
0.359551 14.6206
0.360512 14.6081
0.363163 14.6375
0.364122 14.5246
0.365056 14.5615
0.365853 14.5257
0.366502 14.7402
0.368565 14.4888
0.369478 14.4606
0.371437 14.5877
0.372311 14.6786
0.375252 14.5556
0.378057 14.4319
0.378693 14.5586
0.379455 14.4516
0.382547 14.4999
0.383201 14.3194
0.383845 14.4048
0.384367 14.6575
0.386276 14.2788
0.387138 14.3474
0.387806 14.39
0.389635 14.2625
0.39027 14.2675
0.392998 14.2866
0.393757 14.2146
0.39494 14.3392
0.395525 14.4396
0.396284 14.2185
0.397319 14.1509
0.398266 14.2326
0.401065 14.1653
0.402126 14.4318
0.405319 14.0633
0.406124 14.1125
0.409415 14.0107
0.410251 14.1295
0.413148 14.0046
0.413734 14.0624
0.414377 14.1806
0.414993 13.9874
0.415815 14.0326
0.416494 13.9508
0.417159 13.9264
0.420042 13.9355
0.420767 14.1893
0.421343 14.0679
0.421988 14.2725
0.422778 13.9857
0.423444 14.0383
0.424132 13.8579
0.427295 13.8896
0.428106 13.8373
0.429919 14.0137
0.4306 13.8609
0.43111 13.8228
0.433782 13.8616
0.43447 14.0246
0.436098 13.9203
0.436815 13.953
0.437544 13.7314
0.440313 13.7356
0.441132 13.7662
0.441717 13.6975
0.442304 13.7891
0.443165 13.7211
0.446041 13.9478
0.44667 13.7657
0.449594 13.7029
0.450348 13.6655
0.450902 13.9948
0.453798 13.6576
0.454609 13.8775
0.456263 13.5955
0.457866 13.6058
0.458721 13.5396
0.459283 13.5907
0.460987 13.4881
0.461877 13.5628
0.462485 13.4931
0.464222 13.6174
0.464878 13.5828
0.467783 13.3869
0.468643 13.6775
0.470429 13.4396
0.47107 13.3871
0.471707 13.4558
0.474498 13.334
0.475356 13.35
0.477029 13.5312
0.477638 13.368
0.478306 13.2862
0.478828 13.3846
0.479517 13.5031
0.48011 13.2605
0.480935 13.238
0.482367 13.215
0.482953 13.2977
0.484938 13.3703
0.485565 13.4097
0.488294 13.3811
0.489092 13.3868
0.489926 13.2938
0.493132 13.4592
0.493947 13.5054
0.496693 13.2595
0.497611 13.247
0.50032 13.198
0.500913 13.2728
0.50167 13.1187
0.502322 13.2932
0.502999 13.493
0.503795 13.0801
0.504522 13.0892
0.505176 13.0312
0.506003 13.3188
0.507046 13.1459
0.509448 12.9448
0.510102 12.9396
0.512137 13.0462
0.512882 12.9077
0.51558 12.912
0.516441 12.9081
0.517245 12.9538
0.519034 13.0607
0.519685 12.895
0.520373 12.8518
0.520965 13.1038
0.521871 12.8105
0.522985 12.8407
0.523726 12.7776
0.524291 12.8711
0.525161 12.8352
0.526035 12.7663
0.526913 12.9883
0.530089 12.8969
0.531009 12.8529
0.53265 12.8617
0.533683 12.7167
0.534315 12.8555
0.53619 12.8166
0.537129 12.6542
0.538963 12.9057
0.539876 12.7374
0.540619 12.7162
0.541437 12.7437
0.542341 12.9734
0.54367 12.9439
0.544473 12.8007
0.545207 12.6402
0.547953 12.7255
0.548879 12.6121
0.551854 12.5356
0.552733 12.5731
0.553642 12.5719
0.555084 12.7165
0.555757 12.6044
0.558807 12.8114
0.559586 12.5143
0.56136 12.6991
0.562134 12.5781
0.562862 12.7605
0.56366 12.5136
0.566039 12.6417
0.566828 12.5596
0.569677 12.4451
0.570524 12.5903
0.571306 12.3947
0.574213 12.3905
0.574943 12.3941
0.575789 12.5812
0.577661 12.482
0.578712 12.3787
0.581693 12.4308
0.582592 12.3603
0.583493 12.2821
0.584251 12.3452
0.584889 12.2758
0.585716 12.2806
0.588756 12.3734
0.589512 12.1923
0.590277 12.3373
0.593233 12.247
0.594063 12.2815
0.594828 12.2133
0.597267 12.3635
0.597899 12.2177
0.600585 12.1365
0.601478 12.2523
0.604412 12.4144
0.605075 12.2783
0.60789 12.1593
0.608675 12.1693
0.609534 12.1055
0.610311 12.102
0.611736 12.2414
0.612488 12.0877
0.613246 12.0436
0.614661 12.124
0.615495 12.0435
0.618223 11.9866
0.618868 12.1171
0.620673 12.1775
0.621492 12.0195
0.622405 11.9988
0.624261 12.0085
0.627054 12.0402
0.627747 11.9692
0.628504 12.0422
0.630034 11.9114
0.630705 11.8541
0.631236 12.0047
0.631969 11.9416
0.634671 11.9049
0.635322 11.8259
0.636166 11.89
0.636963 11.9658
0.639828 11.9186
0.640384 11.8741
0.641085 11.8173
0.643215 11.787
0.64404 11.8306
0.646942 11.8668
0.647768 11.79
0.648454 11.7369
0.649372 11.7381
0.650186 11.9707
0.653326 11.6731
0.654033 11.774
0.655786 11.7744
0.65636 11.7151
0.658245 11.7444
0.659075 11.6795
0.659889 11.8425
0.662738 11.6522
0.663606 11.6982
0.66634 11.6597
0.666951 11.6033
0.667675 11.5827
0.668257 11.5668
0.670966 11.5694
0.671474 11.6714
0.672123 11.6498
0.67312 11.521
0.673862 11.5656
0.674631 11.523
0.675665 11.5775
0.676241 11.5522
0.678953 11.4597
0.679876 11.5231
0.680386 11.4992
0.683055 11.4247
0.683716 11.3935
0.684346 11.6664
0.687137 11.4108
0.68771 11.3735
0.688286 11.4246
0.689213 11.4665
0.68991 11.3597
0.692651 11.389
0.693236 11.4003
0.69507 11.532
0.695626 11.5388
0.696322 11.4064
0.697031 11.3608
0.697829 11.2672
0.698795 11.5107
0.699585 11.2143
0.700277 11.2412
0.702926 11.1825
0.703485 11.2742
0.704191 11.2712
0.704781 11.1868
0.705589 11.25
0.706199 11.1464
0.706901 11.1772
0.710118 11.1737
0.710629 11.2332
0.713393 11.1165
0.713919 11.1234
0.715636 11.1415
0.716307 11.1763
0.716935 11.4325
0.719648 11.4862
0.720147 11.0872
0.721796 11.0183
0.722409 11.1064
0.722906 11.0331
0.723509 11.0003
0.726457 10.9938
0.727098 11.0351
0.727845 11.0292
0.728549 10.9866
0.731241 11.018
0.731742 11.0208
0.732515 11.1641
0.735542 10.9892
0.736326 10.8944
0.737042 11.0067
0.73879 10.9946
0.73942 11.0417
0.742285 10.9114
0.742906 10.9392
0.743505 10.9071
0.744117 10.9641
0.744789 10.9066
0.747471 10.8569
0.74806 10.8603
0.749334 10.9562
0.749842 10.88
0.750576 10.8899
0.752278 10.7569
0.753128 10.9204
0.753768 11.0492
0.755691 10.8225
0.756634 11.1115
0.757514 10.776
0.75914 10.8008
0.759777 10.727
0.760597 10.7836
0.763527 10.803
0.764394 10.8514
0.765033 10.6624
0.765661 10.7024
0.766635 10.6873
0.767263 10.7591
0.768121 10.6769
0.768845 10.6558
0.769651 10.8003
0.770407 10.6841
0.771295 11.0737
0.772035 10.6986
0.773984 10.606
0.774747 10.6
0.777634 10.5343
0.778432 10.6444
0.779243 10.6245
0.78109 10.5272
0.781888 10.5669
0.78278 10.5278
0.783601 10.493
0.786417 10.499
0.787198 10.5958
0.788149 10.4581
0.789186 10.4521
0.790004 10.4196
0.790804 10.4799
0.79253 10.528
0.793317 10.4244
0.794088 10.6146
0.795871 10.388
0.796473 10.4437
0.797272 10.4306
0.800165 10.4253
0.801097 10.4142
0.802942 10.3104
0.803611 10.3356
0.804407 10.458
0.805272 10.3124
0.807027 10.4062
0.807857 10.4273
0.808747 10.3247
0.809878 10.3196
0.810669 10.2206
0.811229 10.2783
0.811893 10.2921
0.813058 10.2739
0.815346 10.2512
0.816188 10.2304
0.819432 10.1751
0.820263 10.2328
0.822082 10.3454
0.822826 10.1858
0.823549 10.1439
0.824449 10.1368
0.826179 10.2367
0.82698 10.1978
0.827966 10.256
0.829441 10.1916
0.830275 10.2877
0.831052 10.1031
0.832843 10.4398
0.833602 10.2627
0.834496 10.2417
0.837447 10.0966
0.838249 10.1447
0.839638 10.0402
0.841846 10.0079
0.842845 10.1926
0.845911 10.0238
0.846856 10.0271
0.847722 9.97806
0.848561 9.94459
0.850249 10.1827
0.851133 9.97646
0.852028 10.0824
0.853242 10.1183
0.854034 10.0155
0.854861 10.1224
0.856705 10.0637
0.857454 10.0647
0.858202 9.88595
0.859285 10.0649
0.860106 9.87265
0.860997 9.85718
0.861637 9.86432
0.864553 9.83644
0.865357 9.81832
0.866119 9.90461
0.866946 9.81321
0.868751 9.79563
0.869641 9.76755
0.870438 9.88046
0.871272 9.80419
0.872059 9.89425
0.872723 10.2135
0.875803 9.89062
0.876566 9.69902
0.877353 9.80582
0.880608 9.79009
0.88123 9.67083
0.882075 9.6866
0.884916 9.79037
0.88559 9.76777
0.886999 9.62607
0.888848 9.68927
0.889711 9.70468
0.890538 9.63439
0.891369 9.64783
0.894222 9.59068
0.895102 9.88817
0.896147 9.64278
0.899047 10.152
0.899723 9.5635
0.900712 9.83407
0.902027 9.53156
0.902844 9.60815
0.903735 9.62546
0.904724 9.50585
0.905526 9.51969
0.906154 9.67257
0.907008 9.52752
0.907951 9.67185
0.911051 9.48306
0.912037 9.49074
0.912858 9.45991
0.914802 9.67375
0.91558 9.43356
0.916282 9.40391
0.917171 9.39725
0.918146 9.3972
0.91892 9.38146
0.919798 9.55689
0.920556 9.39775
0.921251 9.51547
0.924057 9.4487
0.924799 9.35761
0.926014 9.39239
0.929094 9.47051
0.930071 9.31425
0.931811 9.41876
0.93245 9.32017
0.933162 9.35591
0.934071 9.32828
0.934888 9.29708
0.937639 9.35537
0.938504 9.35561
0.939306 9.43589
0.94241 9.2606
0.943335 9.21468
0.946349 9.37614
0.947201 9.36785
0.94809 9.25103
0.94879 9.41914
0.949436 9.32102
0.950226 9.21987
0.950994 9.31288
0.951866 9.4608
0.952589 9.29369
0.953199 9.22025
0.95404 9.2346
0.954856 9.21463
0.956657 9.20423
0.95739 9.16411
0.960127 9.14075
0.961134 9.17939
0.961754 9.154
0.962347 9.10042
0.962984 9.10297
0.963634 9.11465
0.96536 9.17211
0.966452 9.04845
0.968041 9.15699
0.969037 9.15895
0.971762 9.14162
0.972389 9.53812
0.973067 9.05309
0.973728 9.14029
0.975365 9.03725
0.976174 9.04842
0.979008 9.03051
0.979924 9.03301
0.98259 8.94936
0.983327 9.09746
0.984031 8.99067
0.984534 8.97543
0.987526 8.92986
0.990327 8.96376
0.99125 8.94171
0.993114 8.91945
0.994062 9.02435
0.996896 9.00837
0.997521 8.95519
0.998299 9.07787
0.9993 9.26997
0.999957 8.85374
1.00266 8.89696
1.00336 9.11906
1.0039 8.84472
1.00671 8.86781
1.00734 8.84707
1.00898 8.92779
1.00959 8.80278
1.01015 8.84587
1.0108 8.76865
1.01141 9.07163
1.01201 8.77649
1.01469 8.76398
1.01537 9.02266
1.01817 8.90386
1.01902 8.73548
1.01978 8.83029
1.02141 8.77107
1.02196 8.80933
1.02378 8.77115
1.02437 8.7389
1.02512 8.92227
1.02688 8.77195
1.02758 8.76814
1.02933 8.74677
1.03016 8.74262
1.03092 8.64906
1.03168 8.72353
1.03346 8.97796
1.03405 8.79088
1.03463 8.6785
1.03732 8.64133
1.03786 8.80799
1.03967 8.79547
1.04029 8.68767
1.04087 8.99039
1.04222 8.71269
1.04287 8.62753
1.04461 8.683
1.04537 8.49771
1.04625 8.52785
1.04811 8.55103
1.04876 8.56931
1.04934 8.50892
1.04992 8.53873
1.05153 8.6083
1.0521 8.5559
1.05388 8.74532
1.05473 8.58319
1.05523 8.60254
1.05688 8.57664
1.05747 8.52398
1.05912 8.48978
1.05964 8.56356
1.06026 8.58536
1.06169 8.50622
1.06232 8.49064
1.06304 8.41366
1.06475 8.57164
1.06557 8.56264
1.06659 8.60367
1.06719 8.37461
1.069 8.40832
1.06985 8.34278
1.07268 8.47076
1.07332 8.37181
1.07415 8.85399
1.07577 8.33097
1.07652 8.33576
1.07786 8.71365
1.07855 8.84845
1.07911 8.38766
1.08063 8.54641
1.08135 8.4702
1.08211 8.37927
1.08306 8.41099
1.08363 8.2957
1.08442 8.22587
1.08712 8.2275
1.08774 8.35831
1.08829 8.26589
1.09102 8.40532
1.09176 8.42912
1.09464 8.31978
1.09548 8.29774
1.09631 8.35353
1.09837 8.20192
1.09918 8.27272
1.09995 8.22518
1.10175 8.12422
1.10244 8.31685
1.10304 8.19425
1.10392 8.1739
1.10474 8.15906
1.10544 8.18637
1.10627 8.34703
1.10896 8.21108
1.1097 8.16134
1.11258 8.21712
1.11358 8.32036
1.11635 8.17638
1.11724 8.42398
1.11839 8.13412
1.11915 8.10517
1.12079 8.13113
1.1217 8.23318
1.1226 8.30329
1.12534 8.23374
1.12659 8.13454
1.12729 8.01618
1.12931 8.01567
1.13014 8.00289
1.1309 8.13072
1.13267 8.20073
1.13335 8.07255
1.13418 7.97309
1.13487 8.05572
1.1356 8.31749
1.13707 7.99313
1.13788 7.99213
1.13874 8.00919
1.13975 7.90724
1.14029 7.91815
1.14096 7.90913
1.14229 7.93824
1.14308 7.93887
1.14482 7.8713
1.14568 7.88534
1.14657 7.87942
1.14783 7.86637
1.14864 7.94524
1.15041 7.85252
1.15121 7.93351
1.15295 7.87873
1.15373 7.93557
1.15461 7.86451
1.1565 7.80519
1.15713 7.86777
1.15798 7.84691
1.15878 7.78775
1.15942 8.12687
1.16031 7.75091
1.16111 8.05187
1.16188 7.72708
1.16463 7.75855
1.16545 7.7118
1.16624 8.04624
1.16812 7.71655
1.16891 7.72348
1.16965 7.80541
1.1725 7.76949
1.17337 7.66106
1.17639 7.79427
1.17703 7.67953
1.17773 7.70404
1.18057 7.95184
1.18137 7.71128
1.18216 7.74449
1.18517 7.99267
1.18612 7.65322
1.18678 7.68967
1.18762 7.64356
1.1906 7.65453
1.19164 7.58231
1.19228 7.72671
1.19307 7.62174
1.19394 7.60868
1.19579 7.58934
1.19646 7.62746
1.19728 7.66584
1.20001 7.5412
1.20216 7.75989
1.20273 7.60537
1.20339 7.54029
1.20391 7.59455
1.20571 7.59374
1.20634 7.57536
1.2081 7.49858
1.20876 7.5239
1.21155 7.62884
1.21262 7.48699
1.21337 7.46201
1.21407 7.70887
1.21676 7.46867
1.21726 7.65727
1.21813 7.43047
1.22145 7.44873
1.22213 7.44707
1.22296 7.50488
1.2259 7.48917
1.22671 7.53337
1.2274 7.50391
1.22826 7.38417
1.23126 7.38689
1.2319 7.4081
1.23317 7.43723
1.23382 7.41903
1.23441 7.38753
1.23554 7.37472
1.23607 7.36507
1.23879 7.34201
1.23941 7.33421
1.24018 7.33685
1.24082 7.29243
1.24389 7.31965
1.2447 7.44262
1.24575 7.34015
1.24741 7.29816
1.24813 7.32493
1.25088 7.29261
1.2515 7.24186
1.25211 7.2419
1.25279 7.28282
1.25358 7.25882
1.25417 7.25407
1.25494 7.29334
1.25649 7.25989
1.25721 7.25635
1.25787 7.87447
1.25852 7.22662
1.26139 7.1741
1.2622 7.1704
1.26397 7.20936
1.26491 7.14814
1.26681 7.15439
1.26743 7.15238
1.26813 7.12624
1.26862 7.11235
1.27135 7.13732
1.27184 7.23157
1.2724 7.16629
1.27365 7.09512
1.27416 7.09474
1.27478 7.14059
1.2753 7.13475
1.27597 7.10195
1.27661 7.09957
1.27937 7.15394
1.27994 7.18416
1.28092 7.05175
1.28254 7.06512
1.2831 7.06437
1.28446 7.0914
1.28509 7.05257
1.28564 7.02264
1.28856 7.00642
1.28907 7.03249
1.28961 7.13619
1.29239 7.04377
1.29316 6.9724
1.29373 7.0913
1.29439 6.9746
1.29709 7.04271
1.29764 7.03217
1.29933 7.03114
1.30017 6.99129
1.30108 6.94865
1.30183 6.98596
1.30269 7.05828
1.3035 6.94043
1.30432 7.03249
1.30741 6.99804
1.30803 6.9695
1.30968 6.89865
1.31034 6.90263
1.31102 6.90191
1.31177 6.93605
1.31226 6.88277
1.31539 7.10823
1.31822 6.98339
1.31887 6.93084
1.31951 6.81604
1.32124 6.89871
1.3222 6.91973
1.32302 6.81313
1.32392 6.95886
1.3247 6.80557
1.32693 6.79487
1.32767 6.85991
1.32824 7.02733
1.33106 6.78479
1.33199 6.79545
1.33279 6.75442
1.33355 6.78571
1.33639 6.79946
1.33703 6.94426
1.33782 6.78005
1.3386 6.81999
1.33927 6.73761
1.34216 6.74039
1.34284 6.7234
1.34355 6.67678
1.34643 6.70243
1.34728 6.68553
1.34818 6.69512
1.34888 6.76887
1.35086 6.97342
1.35167 6.69193
1.35249 6.68823
1.35311 6.73125
1.35411 6.77398
1.35508 6.62471
1.35791 6.79436
1.35863 6.64563
1.3605 6.62777
1.36134 6.60093
1.362 6.57956
1.3629 6.58677
1.36355 6.63229
1.36527 6.65559
1.36595 6.69335
1.36663 6.5984
1.36719 6.56893
1.36788 6.56893
1.36897 6.59728
1.37179 6.5479
1.37249 6.52892
1.37322 6.65393
1.3741 6.68931
1.37699 6.54192
1.37769 6.64678
1.38052 6.56701
1.38129 6.61615
1.38199 6.55161
1.38262 6.49386
1.38348 6.54006
1.38416 6.61301
1.38499 6.66895
1.38576 6.49855
1.38668 7.00662
1.38949 6.51522
1.39028 6.57812
1.39329 6.50725
1.39407 6.46615
1.39485 6.45506
1.3966 6.46998
1.39719 6.4163
1.39803 6.43594
1.39881 6.44014
1.39963 6.41404
1.40238 6.36933
1.40316 6.39299
1.40522 6.39331
1.40611 6.48333
1.40676 6.3635
1.40744 6.37729
1.40917 6.48125
1.41002 6.35253
1.41106 6.40318
1.41371 6.497
1.41544 6.32118
1.41633 6.33796
1.41719 6.31258
1.42021 6.33365
1.42139 6.29558
1.42213 6.3038
1.42284 6.30778
1.42358 6.37767
1.42436 6.44148
1.42514 6.26102
1.42587 6.29311
1.42867 6.28693
1.42965 6.4058
1.43237 6.28924
1.43297 6.27505
1.43577 6.23274
1.43636 6.34983
1.43706 6.22603
1.43782 6.25246
1.43999 6.19368
1.44073 6.2305
1.44147 6.19595
1.4422 6.29979
1.44491 6.22727
1.44551 6.22826
1.44826 6.17418
1.44894 6.21583
1.44966 6.27971
1.45052 6.15951
1.45138 6.18458
1.4543 6.17174
1.45493 6.14136
1.45768 6.48042
1.45844 6.19012
1.46037 6.16872
1.46106 6.19908
1.4616 6.11763
1.46222 6.13897
1.46431 6.13556
1.46483 6.12004
1.46559 6.17822
1.4666 6.42419
1.46947 6.105
1.4701 6.09053
1.47072 6.11324
1.47353 6.0846
1.4741 6.03597
1.47578 6.22314
1.47644 6.02021
1.47725 6.15992
1.48002 6.07859
1.48074 6.05024
1.48142 6.04316
1.48411 6.16969
1.48487 6.05618
1.48555 6.24249
1.48621 6.03298
1.48693 6.0234
1.48765 6.02991
1.48861 5.97524
1.4894 6.0223
1.49002 6.21626
1.49064 6.00553
1.49341 6.05359
1.49443 5.97394
1.49511 5.96967
1.49795 6.09556
1.49872 5.91947
1.49935 6.04197
1.5001 5.91233
1.50323 5.93077
1.50386 5.93281
1.50663 5.95135
1.50724 5.92701
1.50785 5.89282
1.51066 5.87345
1.51127 6.14006
1.51229 5.87526
1.51498 5.90045
1.51554 5.88164
1.51627 5.96788
1.51796 5.88314
1.51869 5.90438
1.5193 5.89942
1.5201 5.86038
1.52074 5.859
1.52156 5.82854
1.52223 5.9048
1.52399 5.984
1.52453 5.80919
1.52532 5.85933
1.52808 5.85988
1.52891 5.77235
1.53173 5.77039
1.53254 6.09881
1.53522 5.78465
1.53587 5.89049
1.53646 5.76726
1.53919 5.74926
1.53971 5.74445
1.5414 5.7441
1.54236 5.75615
1.543 5.78905
1.54368 5.70323
1.54638 5.70109
1.54708 5.7465
1.54785 5.70029
1.5486 5.71386
1.54922 5.77802
1.55117 5.81496
1.55201 5.75255
1.55277 5.73197
1.5537 5.78744
1.55664 5.78935
1.55754 5.75025
1.55903 6.02446
1.55993 5.75895
1.56074 5.78284
1.56268 5.70277
1.56336 5.81305
1.56616 5.68517
1.5668 5.75463
1.56759 5.68533
1.57038 5.71962
1.57121 5.61808
1.57212 5.68532
1.57504 5.64232
1.57588 5.73398
1.5787 5.66608
1.57942 5.64267
1.58241 5.63371
1.58304 5.70129
1.58425 5.59781
1.58492 5.65358
1.58569 5.59891
1.5864 5.58153
1.58818 5.61436
1.58906 5.55332
1.59204 5.58524
1.59272 5.55007
1.59334 5.57793
1.59512 5.70634
1.59587 5.61916
1.59855 5.53373
1.59909 5.67948
1.59984 5.54199
1.60148 5.49525
1.60235 5.51914
1.60319 5.49053
1.6038 5.5242
1.60647 5.70956
1.60705 5.55025
1.60809 5.47815
1.60993 5.50782
1.61051 5.46599
1.61122 5.45772
1.612 5.51004
1.61343 5.59889
1.61418 5.46265
1.61743 5.46885
1.61822 5.50322
1.61878 5.48232
1.62168 5.61675
1.62242 5.63776
1.62308 5.5354
1.6261 5.41293
1.62706 5.38186
1.62787 5.45394
1.62882 5.40346
1.62969 5.43167
1.63042 5.51901
1.63261 5.47425
1.63337 5.51631
1.63623 5.50798
1.6369 5.42639
1.63757 5.37846
1.64033 5.38802
1.641 5.49489
1.64172 5.49584
1.64372 5.41048
1.64451 5.44823
1.64726 5.62455
1.64815 5.55064
1.64897 5.4637
1.64977 5.42145
1.6518 5.34635
1.65241 5.31978
1.65312 5.31747
1.65494 5.47837
1.65565 5.31534
1.6585 5.43189
1.65947 5.34622
1.66222 5.41272
1.66303 5.28701
1.66607 5.36853
1.66693 5.26756
1.6698 5.32028
1.67056 5.2852
1.6713 5.32141
1.67413 5.25383
1.6748 5.27609
1.67756 5.39468
1.67817 5.28864
1.68123 5.23957
1.6823 5.29603
1.68537 5.32352
1.68655 5.28415
1.68926 5.19861
1.69 5.19833
1.69284 5.18653
1.69372 5.35686
1.69451 5.50169
1.69583 5.19773
1.69676 5.16941
1.7 5.36379
1.7014 5.31998
1.70216 5.2423
1.70295 5.18066
1.7037 5.453
1.70518 5.27436
1.70845 5.24043
1.70938 5.23278
1.71229 5.16023
1.71299 5.1885
1.71388 5.28298
1.71477 5.26606
1.71537 5.50647
1.71838 5.32441
1.71934 5.18531
1.72017 5.14518
1.72115 5.16386
1.72189 5.08997
1.7249 5.1094
1.72571 5.1022
1.72871 5.07413
1.72936 5.26783
1.73207 5.11788
1.73273 5.13467
1.73336 5.10737
1.73603 5.12844
1.73698 5.08196
1.73769 5.10557
1.73825 5.23526
1.74155 5.03141
1.74229 5.03713
1.74341 5.07588
1.74661 5.05581
1.74718 4.99899
1.74841 5.01886
1.75103 5.03688
1.7517 5.00196
1.75245 4.98391
1.75535 5.10342
1.75604 4.99346
1.75882 5.06086
1.75982 4.96461
1.76058 4.96948
1.76316 4.95994
1.76379 4.97315
1.7645 5.00607
1.76515 4.961
1.76594 4.96254
1.76726 4.98651
1.76785 4.9941
1.76888 4.94183
1.77177 5.05745
1.77261 4.96809
1.7738 4.96019
1.7762 5.01565
1.77694 4.91757
1.77969 4.97294
1.78048 5.08506
1.78105 5.20937
1.7839 4.96958
1.78456 5.42456
1.78738 5.21863
1.78801 4.95566
1.7889 5.07972
1.78963 4.9292
1.79048 5.11924
1.79153 5.08106
1.79221 5.01432
1.79293 4.87697
1.79525 4.93695
1.796 4.84488
1.7969 4.89038
1.80019 4.81603
1.80078 5.20994
1.80355 4.87853
1.80418 4.93354
1.80487 5.03416
1.80797 4.97817
1.80876 4.9753
1.80956 4.82978
1.8125 4.86742
1.81325 4.86437
1.81382 4.85268
1.81449 4.87074
1.81641 4.79567
1.81699 4.83829
1.81797 4.77603
1.81996 4.77776
1.82073 4.96053
1.82185 4.75509
1.82415 4.80924
1.82486 4.85419
1.82794 4.8481
1.8286 4.75268
1.82935 4.87831
1.83209 4.72827
1.83264 4.73265
1.83319 4.73679
1.83579 4.85384
1.83635 4.7143
1.83706 4.71002
1.83763 4.71938
1.83814 4.91949
1.83882 4.71461
1.84163 4.74642
1.84215 4.70674
1.8428 4.68437
1.84442 4.71556
1.84492 4.71311
1.84566 4.70537
1.84645 4.84822
1.8478 4.67311
1.84875 4.69355
1.84971 4.76748
1.85036 4.71552
1.85133 4.92936
1.85423 4.7908
1.85506 4.62729
1.85671 4.81466
1.85755 4.70689
1.85829 4.64517
1.85909 4.67214
1.85992 4.7079
1.86067 4.64849
1.86129 4.69555
1.86379 4.65956
1.86464 4.67478
1.86532 4.65158
1.86704 4.80892
1.86776 4.7286
1.86891 4.69398
1.87174 4.60324
1.87247 4.59554
1.87408 4.60035
1.87473 4.74674
1.87539 4.55708
1.87625 4.62284
1.87896 4.77865
1.87964 4.55036
1.88026 4.70821
1.88131 4.61692
1.88202 4.57944
1.88383 4.53487
1.88483 4.69133
1.88759 4.56179
1.88827 4.55303
1.88913 4.51829
1.89206 4.55348
1.89271 4.56397
1.89551 4.5701
1.89632 4.70305
1.89703 4.73596
1.90007 4.48801
1.90108 4.53965
1.90395 4.58502
1.90488 4.58095
1.9057 4.73634
1.90753 4.57195
1.9086 4.56972
1.91107 4.54478
1.9118 4.50004
1.91273 4.45771
1.91603 4.67541
1.91696 4.49491
1.91986 4.49979
1.92104 4.47678
1.92436 4.51385
1.92744 4.47986
1.92836 4.48785
1.92909 4.49267
1.92976 4.44896
1.9315 4.52173
1.93222 4.41045
1.93518 4.45823
1.93596 4.49662
1.93659 4.72759
1.93982 4.49405
1.94052 4.42937
1.94135 4.46697
1.94356 4.478
1.94426 4.51212
1.94608 4.7572
1.94678 4.62088
1.94748 4.44724
1.95028 4.53727
1.9511 4.47229
1.95188 4.516
1.95472 4.48923
1.95562 4.47931
1.95812 4.40895
1.95898 4.52832
1.96181 4.52972
1.96253 4.40638
1.96317 4.35394
1.9665 4.36328
1.96726 4.38288
1.96894 4.42922
1.96997 4.44096
1.97074 4.40443
1.97192 4.44413
1.97289 4.46022
1.97562 4.46051
1.97643 4.46345
1.97922 4.48761
1.98028 4.33183
1.98251 4.34331
1.98352 4.30024
1.98538 4.32278
1.98615 4.29276
1.98704 4.35333
1.98996 4.36531
1.99085 4.31133
1.99439 4.33445
1.99518 4.33399
1.9967 4.33889
1.99864 4.50534
1.99975 4.37714
2.00179 4.38179
2.00256 4.31315
2.0032 4.23122
2.00609 4.25045
2.00723 4.31762
2.00994 4.3027
2.01057 4.29223
2.01137 4.23815
2.01324 4.23428
2.01388 4.2113
2.01467 4.25395
2.01759 4.21051
2.01856 4.42596
2.01924 4.19816
2.02244 4.35536
2.02326 4.1776
2.02426 4.20285
2.02717 4.26004
2.02781 4.31734
2.03111 4.24591
2.03193 4.37327
2.0327 4.19795
2.03502 4.20587
2.03588 4.39652
2.03697 4.25394
2.03867 4.3681
2.03932 4.41836
2.04024 4.43809
2.043 4.33918
2.04375 4.16816
2.04449 4.16939
2.04722 4.17092
2.04793 4.19875
2.04879 4.35365
2.05153 4.14665
2.05252 4.14636
2.05401 4.17969
2.05478 4.30199
2.05567 4.12756
2.058 4.14466
2.05879 4.11795
2.0611 4.19448
2.06206 4.13107
2.06533 4.36492
2.06625 4.14574
2.06714 4.19878
2.06978 4.08684
2.07069 4.087
2.07146 4.09943
2.0743 4.09861
2.07707 4.09196
2.07795 4.08201
2.07875 4.14447
2.08018 4.16997
2.08099 4.08562
2.08431 4.0585
2.08514 4.03994
2.08841 4.05918
2.0892 4.18102
2.09055 4.17584
2.09322 4.07525
2.09438 4.20887
2.09543 4.3882
2.09815 4.06579
2.09915 4.06702
2.10174 4.08235
2.10242 4.15921
2.10307 4.17542
2.1053 3.99681
2.10626 4.05504
2.10743 4.07245
2.10871 4.20386
2.10935 3.97077
2.11236 4.03741
2.11334 4.02739
2.1141 3.97216
2.11498 4.0524
2.11783 4.09249
2.11905 4.11995
2.11973 4.05413
2.12237 3.97219
2.123 4.00218
2.12622 3.99862
2.12683 4.13549
2.12805 3.94759
2.12976 3.90792
2.13056 3.94582
2.13147 4.05817
2.13444 3.93898
2.13511 4.01169
2.1364 3.97101
2.1392 4.01355
2.13999 3.91354
2.14074 4.08086
2.14148 3.92885
2.14423 3.9798
2.14506 3.97003
2.14589 3.96606
2.14867 3.94667
2.14988 4.00466
2.15312 3.96562
2.15373 4.10022
2.15443 4.21782
2.15716 4.06184
2.15786 3.92639
2.1584 4.15612
2.16083 3.94105
2.16145 3.87457
2.16204 3.98343
2.1649 3.91366
2.16572 3.90041
2.16679 3.83569
2.16749 3.84888
2.17028 3.8429
2.1715 3.91027
2.17233 3.86347
2.17512 3.90021
2.17588 3.87649
2.17673 3.84012
2.17938 3.93155
2.18019 3.82067
2.18102 3.98711
2.18246 3.82281
2.18315 3.8133
2.18422 3.78514
2.1874 3.82156
2.18829 3.85544
2.18905 4.00135
2.19231 3.99372
2.19325 3.81846
2.19398 3.89087
2.19477 3.95019
2.19759 3.90657
2.19825 3.80063
2.19893 3.79093
2.20164 3.76105
2.20233 3.79937
2.20306 3.87145
2.20567 3.99362
2.20631 3.77627
2.2082 3.76663
2.20893 3.74157
2.2097 3.78092
2.21078 3.81693
2.2116 3.74549
2.21289 3.70933
2.21563 3.7542
2.21637 3.69803
2.21712 3.69267
2.21808 3.68785
2.22113 3.68767
2.22175 3.67847
2.22252 3.70761
2.22322 3.68625
2.22413 3.70602
2.22705 3.7864
2.22807 3.73501
2.23068 3.86171
2.23142 3.66968
2.23246 3.92719
2.23559 3.76177
2.23632 3.73194
2.23763 3.69487
2.23871 3.65921
2.23968 3.62282
2.24029 3.65078
2.24115 3.64861
2.24382 3.72398
2.24453 3.76729
2.24508 3.66156
2.2478 3.66109
2.24856 3.8724
2.24947 3.82038
2.25284 3.63857
2.25394 3.63171
2.2548 3.62544
2.2558 3.76419
2.25664 3.80318
2.25762 3.69714
2.25927 3.60165
