0.00082568 2.50761
0.00125906 2.50962
0.00157827 2.50587
0.00198005 2.5041
0.00237551 2.50998
0.00277452 2.51138
0.00307003 2.50979
0.00356662 2.49506
0.00413235 2.50365
0.0044642 2.49223
0.00482963 2.50948
0.00521916 2.50778
0.00555102 2.50443
0.00583744 2.5051
0.00619734 2.50142
0.00676741 2.50411
0.00707912 2.49972
0.00753265 2.4932
0.0079127 2.49892
0.00834727 2.49494
0.00868465 2.50146
0.0092409 2.49135
0.00965295 2.48508
0.0101851 2.50595
0.0107765 2.50021
0.011247 2.49666
0.0117523 2.49343
0.0121648 2.49603
0.0125709 2.4984
0.0129896 2.48922
0.0135415 2.48648
0.0139327 2.49329
0.0143617 2.49027
0.0147007 2.48443
0.015185 2.48636
0.0155611 2.48517
0.0159818 2.49592
0.0163816 2.48163
0.0167913 2.47588
0.0171915 2.4829
0.0177478 2.48084
0.0181725 2.47676
0.0186347 2.48899
0.0190519 2.4813
0.0194382 2.48304
0.0198305 2.48434
0.0202394 2.47902
0.020591 2.46933
0.0209952 2.48628
0.0213448 2.48291
0.0218616 2.48249
0.0222938 2.47383
0.0226544 2.48023
0.0231988 2.48506
0.0235801 2.47601
0.0239668 2.48313
0.0243418 2.48358
0.0246574 2.48151
0.0251726 2.48186
0.0255767 2.4664
0.0258793 2.46973
0.026214 2.46926
0.0265308 2.47819
0.0268599 2.45213
0.0271957 2.47222
0.0275291 2.47529
0.0278985 2.46138
0.0282975 2.4702
0.0286586 2.47401
0.0290307 2.47097
0.0294594 2.46016
0.0298473 2.47559
0.0302653 2.46152
0.0305841 2.4727
0.0309523 2.46361
0.0314465 2.45179
0.032015 2.46692
0.0323935 2.45765
0.0328028 2.46133
0.0332698 2.46532
0.0336968 2.44777
0.0340709 2.46808
0.0346217 2.46518
0.0351151 2.46584
0.0354086 2.46171
0.0358215 2.45986
0.036143 2.44099
0.0364856 2.45471
0.0368605 2.45045
0.0373804 2.46482
0.0377304 2.45678
0.0380389 2.46167
0.0384976 2.46257
0.0388283 2.45488
0.0391783 2.4443
0.0395639 2.45355
0.0401158 2.44555
0.0404642 2.45667
0.0408107 2.45696
0.0412389 2.44916
0.041615 2.4561
0.0420413 2.45677
0.0425051 2.44569
0.0428741 2.4423
0.0433146 2.44968
0.0439376 2.44027
0.0444176 2.43682
0.04477 2.44832
0.0451418 2.44786
0.0456044 2.44478
0.0460571 2.44959
0.046562 2.43491
0.0472719 2.45035
0.0476796 2.44605
0.0480976 2.46053
0.0485116 2.4451
0.04887 2.43315
0.0491979 2.43686
0.0496463 2.43885
0.0501551 2.43255
0.0505411 2.44241
0.0508686 2.42722
0.0513016 2.44346
0.0516741 2.44102
0.0522146 2.42279
0.0525918 2.44299
0.0529276 2.42217
0.0533452 2.42414
0.0537968 2.43353
0.0541729 2.43421
0.0545265 2.42503
0.0548753 2.43789
0.0552178 2.4259
0.0556548 2.41528
0.0560972 2.43032
0.0566199 2.41823
0.057047 2.42334
0.0574369 2.43535
0.0578774 2.42807
0.0582302 2.42676
0.0586118 2.41873
0.0590238 2.42585
0.0593648 2.41555
0.0597638 2.42708
0.0602074 2.42236
0.0605555 2.42286
0.0610422 2.41626
0.0615779 2.41326
0.061952 2.41604
0.0623329 2.42148
0.0629437 2.40799
0.0634244 2.41105
0.0639637 2.40812
0.0644974 2.40521
0.0648672 2.39299
0.0652417 2.41258
0.0656921 2.41432
0.0660358 2.40792
0.066581 2.40396
0.0669267 2.39412
0.067317 2.4127
0.0678037 2.38716
0.0681182 2.40574
0.0685049 2.39704
0.0688573 2.40796
0.0692168 2.39528
0.0697431 2.39358
0.0701523 2.39749
0.0705138 2.38973
0.0708477 2.4026
0.0712585 2.389
0.071669 2.35189
0.0720767 2.40958
0.0727013 2.38758
0.0732208 2.39593
0.0738181 2.39146
0.0742069 2.39919
0.0745581 2.37593
0.0749737 2.38043
0.0753699 2.37847
0.075731 2.38655
0.0761364 2.37886
0.0764773 2.37198
0.0769419 2.39077
0.0774487 2.39377
0.07789 2.39191
0.0783112 2.37398
0.0787924 2.38395
0.0791376 2.36292
0.0795126 2.39581
0.0798582 2.36159
0.0802545 2.37693
0.0807835 2.37835
0.0813176 2.38678
0.0817897 2.37751
0.0821658 2.35252
0.0825956 2.36652
0.0829294 2.36483
0.0832688 2.34246
0.0838812 2.35763
0.084354 2.35968
0.0848605 2.35103
0.0854602 2.36494
0.0858794 2.34658
0.0862282 2.36065
0.0866798 2.37135
0.0870598 2.36089
0.0874419 2.36636
0.0878132 2.36385
0.0881075 2.35874
0.0884797 2.34014
0.0888645 2.35049
0.08916 2.34628
0.0894579 2.34833
0.0897933 2.34676
0.0901413 2.33423
0.0905948 2.35352
0.0910859 2.33786
0.0914067 2.32336
0.0918539 2.31594
0.0921664 2.3212
0.092695 2.326
0.0933919 2.32893
0.0938122 2.32552
0.0942958 2.3392
0.0946316 2.30188
0.0950432 2.34266
0.0955185 2.35943
0.0958966 2.32146
0.0964094 2.29472
0.0968439 2.29324
0.0973208 2.32475
0.0976064 2.35807
0.0979908 2.34634
0.0983329 2.3437
0.0987308 2.33014
0.0991033 2.31545
0.0995414 2.30674
0.0998666 2.33157
0.100243 2.33891
0.100819 2.3275
0.101343 2.31172
0.101696 2.32268
0.102059 2.28899
0.102414 2.33864
0.102858 2.317
0.103281 2.32637
0.103747 2.3378
0.104126 2.30457
0.104472 2.30287
0.104764 2.31454
0.10522 2.32109
0.105517 2.3185
0.105814 2.31461
0.106481 2.287
0.106897 2.31094
0.107687 2.26884
0.108093 2.27871
0.108394 2.28857
0.108741 2.28553
0.109058 2.27445
0.109388 2.26963
0.10986 2.28313
0.110245 2.28475
0.110572 2.25541
0.110876 2.26909
0.111221 2.28211
0.111643 2.25596
0.112162 2.26459
0.112514 2.2718
0.113175 2.25795
0.113658 2.27716
0.113991 2.29773
0.114384 2.26551
0.114765 2.30251
0.115208 2.28198
0.115609 2.23394
0.116036 2.25523
0.116392 2.24136
0.116886 2.22437
0.117268 2.27561
0.117696 2.28793
0.118041 2.24373
0.118391 2.2212
0.118749 2.23707
0.119105 2.23765
0.119635 2.21944
0.119984 2.22644
0.120304 2.23704
0.120645 2.22926
0.120991 2.21668
0.12131 2.25088
0.121664 2.25592
0.122124 2.25362
0.122483 2.20996
0.12282 2.24833
0.123182 2.2076
0.123551 2.21936
0.123858 2.20566
0.12452 2.24728
0.124833 2.16637
0.125181 2.24278
0.125661 2.17346
0.125984 2.19085
0.126417 2.1823
0.126991 2.15718
0.127347 2.17539
0.127727 2.22386
0.128167 2.20581
0.128475 2.18149
0.128948 2.23624
0.129485 2.19189
0.130035 2.17378
0.130648 2.1538
0.131365 2.16336
0.131746 2.15582
0.132204 2.19256
0.132584 2.20132
0.132999 2.17356
0.133322 2.13941
0.13381 2.18216
0.134133 2.18874
0.13442 2.1905
0.134818 2.18358
0.135169 2.21906
0.135538 2.16548
0.135858 2.18722
0.136253 2.1606
0.136788 2.11166
0.137149 2.18535
0.13748 2.17909
0.137823 2.16616
0.138171 2.14497
0.138553 2.14772
0.139097 2.09208
0.139494 2.16845
0.139823 2.20176
0.1403 2.13967
0.140874 2.09846
0.141231 2.12739
0.141524 2.12859
0.141935 2.14219
0.142234 2.16702
0.142752 2.15357
0.14311 2.14443
0.143857 2.15644
0.144307 2.15374
0.144737 2.10594
0.145037 2.08416
0.145404 2.11733
0.145843 2.13552
0.146188 2.11696
0.146498 2.11733
0.146928 2.08171
0.147291 2.10165
0.147733 2.10629
0.148231 2.08775
0.148575 2.10826
0.148928 2.15442
0.149352 2.11447
0.149792 2.08451
0.150276 2.11439
0.150897 2.10867
0.151302 2.07263
0.151701 2.08469
0.152026 2.06765
0.152393 2.01717
0.152784 2.06663
0.153349 2.04668
0.153887 2.12678
0.154186 2.03816
0.154489 2.08418
0.15492 2.03427
0.155336 2.00778
0.155786 2.06479
0.156236 2.02591
0.156646 1.98552
0.157456 2.02275
0.158027 2.01173
0.158576 2.01533
0.159012 2.005
0.159596 2.02388
0.16008 2.11998
0.160629 2.09303
0.161028 2.05856
0.16145 1.94648
0.161845 2.08969
0.162232 2.11165
0.162747 2.06042
0.16305 2.05602
0.163425 2.05273
0.163831 1.9935
0.164316 2.02921
0.164795 2.08742
0.165162 2.00428
0.166132 2.0134
0.166529 2.0559
0.166913 1.97529
0.16737 1.92477
0.167869 2.01013
0.168478 1.99646
0.168881 1.99065
0.169348 1.94436
0.169872 1.98654
0.170214 1.9928
0.170736 2.00436
0.17106 1.99112
0.171457 2.05675
0.171842 2.00144
0.172302 1.92465
0.172744 1.902
0.173241 1.95561
0.173646 2.04395
0.174136 2.02514
0.174547 1.94421
0.175037 1.97363
0.175423 1.90812
0.176085 1.9179
0.176459 1.97983
0.176992 2.00958
0.177544 1.93313
0.178212 1.97114
0.178536 2.01198
0.179022 1.96938
0.17936 1.92829
0.179952 1.89695
0.180297 1.88728
0.180969 1.89332
0.181403 1.94018
0.181825 1.9538
0.18233 1.87535
0.183169 1.88691
0.183802 1.87878
0.184321 1.95495
0.184946 1.83434
0.185295 1.85049
0.185681 1.87174
0.186154 1.89517
0.186552 1.89571
0.18695 1.96057
0.187325 1.89725
0.188155 1.89166
0.188541 1.89861
0.188891 1.8212
0.189476 1.87234
0.189903 1.9122
0.190285 1.88147
0.190857 1.94113
0.191334 1.84287
0.191666 1.89976
0.192115 1.87313
0.192492 1.89744
0.193002 1.87654
0.193288 1.85166
0.193717 1.81989
0.194154 1.86751
0.19451 1.78502
0.194883 1.8536
0.1953 1.88301
0.195661 1.8871
0.196115 1.73196
0.196502 1.74935
0.196878 1.71559
0.1972 1.86766
0.197667 1.73878
0.197984 1.79003
0.198297 1.85326
0.198925 1.71754
0.199276 1.92563
0.199956 1.75155
0.200424 1.83631
0.200991 1.77849
0.201606 1.81815
0.202001 1.90359
0.202424 1.82039
0.202762 1.83301
0.203082 1.86566
0.203516 1.89583
0.204131 1.80637
0.204544 1.81198
0.204937 1.86307
0.205384 1.84258
0.205909 1.73088
0.206371 1.77148
0.206837 1.78778
0.207145 1.69819
0.207617 1.77662
0.208089 1.80007
0.208413 1.77926
0.208955 1.74736
0.209368 1.76363
0.209874 1.70086
0.210293 1.81865
0.210716 1.82113
0.211044 1.79387
0.211522 1.78064
0.211863 1.78821
0.212386 1.75347
0.212891 1.75125
0.213294 1.71529
0.21368 1.75761
0.214197 1.7352
0.2147 1.7235
0.215172 1.78575
0.215479 1.63339
0.215986 1.74881
0.216288 1.7846
0.216724 1.67246
0.21705 1.72337
0.217389 1.712
0.217701 1.71518
0.218152 1.68505
0.21854 1.70547
0.219279 1.73209
0.219583 1.77098
0.220136 1.69064
0.22045 1.58305
0.220768 1.70431
0.221248 1.67387
0.221608 1.73209
0.221896 1.60091
0.222351 1.72223
0.222717 1.81787
0.223145 1.67052
0.223937 1.75506
0.224391 1.86648
0.22474 1.81398
0.225139 1.7699
0.225602 1.72642
0.225956 1.75998
0.22631 1.68434
0.226707 1.68789
0.227215 1.61089
0.227744 1.76105
0.228142 1.72753
0.2286 1.58726
0.228969 1.69354
0.229418 1.75454
0.229887 1.75878
0.230237 1.55085
0.23056 1.70428
0.231062 1.68339
0.231509 1.68527
0.231919 1.70177
0.232255 1.59824
0.232628 1.69204
0.233148 1.60611
0.233476 1.66188
0.233861 1.63738
0.234177 1.5427
0.234646 1.61083
0.235012 1.62409
0.235641 1.66109
0.235924 1.63354
0.236354 1.64324
0.236767 1.54664
0.237205 1.65767
0.23773 1.58489
0.238206 1.61715
0.238497 1.7061
0.238977 1.71703
0.239426 1.6681
0.239847 1.65559
0.24018 1.59126
0.240588 1.64695
0.241206 1.6642
0.241647 1.66265
0.242003 1.68837
0.242367 1.64468
0.242717 1.65977
0.243128 1.70456
0.243568 1.68062
0.243954 1.60004
0.244317 1.67573
0.244747 1.54161
0.245203 1.62117
0.245876 1.66456
0.246211 1.64299
0.246659 1.68315
0.246992 1.6046
0.247495 1.64868
0.247838 1.68795
0.248402 1.6726
0.248792 1.78322
0.249157 1.75403
0.249589 1.57443
0.25009 1.57232
0.250515 1.65346
0.250951 1.56907
0.251343 1.62766
0.251681 1.53962
0.252079 1.63805
0.252552 1.71448
0.252918 1.61268
0.25331 1.72371
0.253718 1.57137
0.254215 1.54786
0.254662 1.55387
0.255025 1.54937
0.255497 1.61167
0.255829 1.71925
0.256247 1.65134
0.256547 1.5684
0.256959 1.66061
0.257287 1.57159
0.257859 1.57657
0.258179 1.71073
0.258619 1.73069
0.259216 1.64368
0.25969 1.56211
0.259993 1.51981
0.260363 1.5244
0.260676 1.65085
0.261018 1.6033
0.261341 1.61504
0.261856 1.56261
0.262192 1.51832
0.262629 1.59619
0.26307 1.61519
0.26338 1.52082
0.263751 1.51826
0.264195 1.4975
0.264667 1.44895
0.265403 1.45656
0.265733 1.58405
0.267423 1.63756
0.267804 1.57325
0.268199 1.53433
0.268525 1.46514
0.268957 1.53655
0.269299 1.4923
0.269875 1.56658
0.270243 1.58865
0.270571 1.55476
0.270919 1.47617
0.271347 1.48518
0.271702 1.52497
0.272377 1.55804
0.272954 1.55124
0.2734 1.40822
0.273731 1.34112
0.274216 1.63712
0.274671 1.56572
0.275114 1.51723
0.275391 1.61467
0.275797 1.63126
0.276131 1.49234
0.276615 1.4829
0.277053 1.43946
0.277609 1.53682
0.27799 1.46632
0.278387 1.44656
0.278717 1.50615
0.279182 1.56528
0.27951 1.56169
0.279888 1.5267
0.280337 1.52319
0.280714 1.42796
0.281057 1.61335
0.281583 1.46901
0.281887 1.51887
0.28225 1.54452
0.282681 1.61372
0.283134 1.54856
0.283552 1.44254
0.283972 1.46163
0.284427 1.50105
0.284784 1.35457
0.285194 1.42405
0.285613 1.4382
0.28612 1.48073
0.286551 1.49289
0.287039 1.40482
0.287555 1.46519
0.287967 1.51588
0.288338 1.58729
0.28898 1.55458
0.289269 1.56559
0.289692 1.50787
0.289999 1.44539
0.290457 1.46813
0.290825 1.54942
0.291297 1.48727
0.291594 1.5282
0.291974 1.43409
0.292398 1.51552
0.292766 1.47283
0.293225 1.36626
0.293662 1.37402
0.29397 1.44313
0.294354 1.49579
0.294666 1.44397
0.295355 1.48253
0.295747 1.45529
0.296178 1.37953
0.29649 1.4916
0.2969 1.62233
0.297241 1.4545
0.297768 1.37731
0.298183 1.36719
0.298587 1.48015
0.298911 1.59047
0.299332 1.5974
0.299619 1.55545
0.300285 1.63261
0.300718 1.42907
0.301184 1.4334
0.301596 1.57353
0.302185 1.5726
0.302561 1.50129
0.302981 1.45935
0.303456 1.50472
0.303812 1.43045
0.304184 1.62561
0.304638 1.51695
0.305269 1.48627
0.305642 1.61829
0.306152 1.46039
0.306502 1.45494
0.306867 1.47247
0.307193 1.56016
0.307725 1.58084
0.30837 1.59827
0.308868 1.42043
0.309328 1.46858
0.309764 1.38557
0.310168 1.37959
0.310753 1.48641
0.311207 1.44809
0.31166 1.45268
0.312162 1.44129
0.312632 1.424
0.313192 1.40844
0.313558 1.28804
0.313945 1.38602
0.314514 1.44656
0.314886 1.33227
0.315313 1.42517
0.315694 1.46342
0.316223 1.41619
0.316508 1.47724
0.31691 1.51684
0.317231 1.40272
0.317721 1.49449
0.318047 1.43718
0.318437 1.37697
0.318878 1.39264
0.319355 1.45682
0.319761 1.33335
0.320185 1.45282
0.32057 1.52834
0.321236 1.38355
0.321825 1.31981
0.322298 1.41004
0.322686 1.38445
0.323194 1.30816
0.32365 1.41686
0.324234 1.38942
0.324632 1.40751
0.325062 1.34197
0.325547 1.47794
0.325922 1.53513
0.326422 1.46555
0.326753 1.40232
0.327087 1.48698
0.327436 1.38382
0.327856 1.41505
0.328477 1.38307
0.328817 1.48949
0.329216 1.33866
0.329806 1.47074
0.330237 1.31423
0.330566 1.32523
0.330983 1.33935
0.331285 1.25578
0.331879 1.33033
0.332353 1.5324
0.332786 1.43664
0.333215 1.37296
0.333671 1.50071
0.334018 1.44315
0.334698 1.36503
0.335099 1.3122
0.335465 1.38847
0.335802 1.30757
0.33626 1.39677
0.336765 1.42313
0.337273 1.36425
0.337649 1.26393
0.337999 1.39897
0.338311 1.39327
0.338806 1.49918
0.339149 1.49819
0.339511 1.50519
0.339942 1.37579
0.340335 1.42852
0.340664 1.37707
0.341009 1.31286
0.3414 1.44997
0.341747 1.48286
0.34206 1.43619
0.342494 1.35464
0.342966 1.38319
0.343361 1.32498
0.343696 1.4375
0.344059 1.53611
0.344452 1.35983
0.344821 1.22606
0.345155 1.27751
0.345526 1.29775
0.34593 1.35461
0.346437 1.4347
0.346847 1.42708
0.347272 1.45507
0.347653 1.42863
0.348052 1.46061
0.348465 1.299
0.349048 1.25548
0.34945 1.33585
0.349869 1.44741
0.350296 1.39379
0.350587 1.41818
0.351086 1.29123
0.351485 1.33198
0.351808 1.4145
0.352426 1.31018
0.35292 1.36156
0.353331 1.44781
0.353737 1.41522
0.354053 1.35383
0.354549 1.42323
0.354847 1.40624
0.355348 1.29497
0.355791 1.33756
0.356189 1.33656
0.356552 1.2486
0.356971 1.32513
0.357428 1.31744
0.357756 1.46629
0.358298 1.32976
0.358746 1.38398
0.359073 1.33511
0.359432 1.23955
0.35982 1.39494
0.360333 1.25863
0.360696 1.20564
0.361139 1.32356
0.361543 1.25404
0.36215 1.31452
0.3627 1.27475
0.363025 1.2693
0.363346 1.54676
0.363816 1.44957
0.364189 1.3849
0.364721 1.1773
0.365051 1.48571
0.36544 1.53671
0.365804 1.36679
0.366279 1.404
0.366789 1.37881
0.367151 1.30629
0.367648 1.35449
0.367975 1.56027
0.368393 1.31765
0.368764 1.35502
0.369124 1.38394
0.369447 1.26655
0.369985 1.18037
0.370432 1.34162
0.370843 1.3699
0.371235 1.28783
0.371682 1.21377
0.372026 1.25803
0.372566 1.31862
0.37312 1.32623
0.373479 1.37042
0.37399 1.49249
0.374504 1.37141
0.374898 1.2367
0.37527 1.15396
0.37571 1.32652
0.376276 1.46571
0.376622 1.48983
0.377001 1.28755
0.377365 1.3707
0.377835 1.23458
0.378199 1.25564
0.378599 1.36868
0.379113 1.34337
0.379548 1.2478
0.380117 1.38024
0.380455 1.41414
0.380788 1.29383
0.381221 1.26556
0.381652 1.23874
0.382044 1.24428
0.382495 1.21737
0.38292 1.33504
0.383257 1.413
0.383652 1.20953
0.383992 1.24197
0.384395 1.2512
0.38491 1.33659
0.385251 1.22262
0.385681 1.22764
0.386182 1.25067
0.386659 1.21253
0.387151 1.28374
0.387461 1.35937
0.387805 1.26896
0.388315 1.27935
0.38884 1.32032
0.389631 1.18639
0.390345 1.2383
0.390738 1.34375
0.391052 1.23681
0.391581 1.3901
0.392031 1.25013
0.392368 1.30644
0.392788 1.3313
0.393166 1.29748
0.393509 1.26516
0.394036 1.2423
0.39459 1.15966
0.394957 1.22356
0.395287 1.19905
0.395788 1.25846
0.396204 1.25732
0.396535 1.28818
0.397014 1.05984
0.397576 1.09602
0.398083 1.09243
0.398602 1.32833
0.39904 1.12959
0.399544 1.12503
0.399975 1.33803
0.400398 1.06098
0.400699 1.40101
0.401133 1.22605
0.401431 1.31729
0.401898 1.19777
0.402278 1.30177
0.40281 1.3902
0.403156 1.26001
0.40353 1.31192
0.403979 1.36451
0.404441 1.46087
0.404954 1.2566
0.405307 1.31877
0.405742 1.32976
0.406252 1.30508
0.406585 1.17094
0.407052 1.22894
0.407464 1.25347
0.40781 1.15066
0.408225 1.22356
0.408689 1.2815
0.409103 1.25581
0.409445 1.20887
0.409876 1.25389
0.410271 1.18283
0.410656 1.3176
0.411068 1.2785
0.411461 1.28673
0.412292 1.29463
0.412659 1.28811
0.413144 1.24939
0.413512 1.27577
0.413826 1.1838
0.414237 1.23393
0.414765 1.2641
0.415215 1.2374
0.415542 1.27041
0.415959 1.12474
0.416434 1.24475
0.416726 1.29461
0.417047 1.22813
0.417406 1.24832
0.417806 1.28726
0.418163 1.2742
0.41863 1.16702
0.419 1.2527
0.419448 1.26094
0.419879 1.29034
0.420253 1.1998
0.420618 1.06097
0.420954 1.22224
0.421482 1.19215
0.421911 1.26253
0.422328 1.0829
0.422709 1.22598
0.42323 1.36995
0.423559 1.27826
0.423891 1.27153
0.424283 1.46063
0.424708 1.3712
0.425064 1.3191
0.42548 1.264
0.42593 1.31046
0.426413 1.3024
0.426896 1.28845
0.427197 1.19016
0.427615 1.37559
0.42808 1.29886
0.428577 1.14991
0.429012 1.30063
0.429511 1.36392
0.429905 1.38135
0.430212 1.09705
0.430675 1.25124
0.430958 1.27044
0.431311 1.29362
0.431741 1.25158
0.432108 1.15
0.432482 1.25504
0.43293 1.15774
0.433213 1.22671
0.433575 1.22549
0.433977 1.14313
0.43447 1.14341
0.434914 1.15574
0.435446 1.24423
0.435858 1.23278
0.436228 1.19842
0.436822 1.13954
0.437105 1.25615
0.437661 1.17469
0.438274 1.17652
0.43865 1.39169
0.439007 1.37816
0.439369 1.2594
0.439759 1.25019
0.440764 1.17672
0.441093 1.25758
0.441457 1.24366
0.441899 1.28511
0.442269 1.34103
0.442862 1.27544
0.443173 1.25536
0.443694 1.35713
0.444113 1.35282
0.444574 1.19895
0.444983 1.26589
0.445444 1.14728
0.445774 1.22616
0.446235 1.30087
0.44657 1.26272
0.447058 1.34215
0.447575 1.2503
0.448108 1.3215
0.448457 1.37092
0.448779 1.32538
0.449213 1.41942
0.449645 1.42921
0.450001 1.21843
0.45039 1.16495
0.45096 1.29034
0.451372 1.1888
0.451715 1.21361
0.452048 1.1867
0.452615 1.28084
0.452923 1.38146
0.453288 1.28597
0.453564 1.39204
0.454041 1.21997
0.454481 1.16474
0.454897 1.18081
0.455266 1.203
0.455699 1.27922
0.456102 1.37191
0.45655 1.34059
0.456981 1.23637
0.457577 1.3203
0.457892 1.22852
0.458284 1.24212
0.458734 1.40145
0.459337 1.40421
0.459845 1.31423
0.460233 1.19337
0.46057 1.15611
0.461006 1.13583
0.461391 1.28495
0.461772 1.23411
0.462367 1.2587
0.462772 1.20536
0.463274 1.17085
0.463673 1.25151
0.463957 1.29632
0.464585 1.19333
0.464894 1.19012
0.46544 1.21214
0.465902 1.08798
0.466344 1.12339
0.466782 1.2438
0.467262 1.33045
0.46759 1.27901
0.468087 1.21759
0.468582 1.11946
0.46893 1.16905
0.469436 1.19201
0.469731 1.24487
0.470205 1.33536
0.470513 1.23107
0.470907 1.13602
0.471422 1.16793
0.47198 1.19877
0.472465 1.2542
0.47283 1.20807
0.473246 1.04856
0.47368 1.06861
0.4741 1.3117
0.474509 1.26021
0.474904 1.17853
0.475328 1.33295
0.475904 1.34074
0.476367 1.19235
0.476799 1.16579
0.477124 1.11429
0.477504 1.2397
0.477937 1.14402
0.478336 1.10787
0.478691 1.18591
0.479042 1.23704
0.479406 1.26008
0.479744 1.23127
0.480137 1.22707
0.480496 1.11319
0.48099 1.31657
0.481422 1.18328
0.481869 1.24468
0.482172 1.26531
0.482589 1.32839
0.483055 1.25977
0.483555 1.15875
0.484025 1.14692
0.484341 1.2358
0.484686 1.05172
0.48512 1.12572
0.485606 1.1451
0.485937 1.20782
0.486394 1.20907
0.486758 1.1157
0.48708 1.1634
0.487544 1.23248
0.487864 1.34058
0.488294 1.30459
0.488659 1.33221
0.489126 1.22968
0.489612 1.1582
0.489953 1.17537
0.49035 1.31304
0.490803 1.20328
0.491155 1.26151
0.49194 1.16012
0.492301 1.23398
0.492754 1.20946
0.493097 1.08394
0.493437 1.08377
0.493745 1.18107
0.494129 1.23906
0.494803 1.1922
0.495361 1.2679
0.495647 1.19354
0.496184 1.1113
0.496548 1.19359
0.497107 1.38079
0.497569 1.20662
0.498091 1.13732
0.498461 1.13472
0.498894 1.21079
0.499189 1.31495
0.499596 1.36722
0.499918 1.30245
0.50038 1.41719
0.500702 1.17284
0.501506 1.18311
0.501915 1.33345
0.502254 1.34127
0.502587 1.25053
0.502978 1.22495
0.503493 1.24412
0.503969 1.21344
0.504447 1.39657
0.504959 1.29509
0.505359 1.21886
0.50594 1.39726
0.506241 1.21493
0.506728 1.20456
0.507429 1.21615
0.507829 1.32781
0.508158 1.35653
0.508571 1.40115
0.508925 1.15543
0.509386 1.21691
0.509723 1.17676
0.510311 1.14377
0.510625 1.25679
0.511193 1.2044
0.511503 1.25088
0.511875 1.21202
0.512175 1.1662
0.512617 1.1491
0.513014 1.02222
0.513456 1.13116
0.513896 1.19478
0.514329 1.06375
0.514653 1.18339
0.515052 1.24996
0.515532 1.19214
0.51601 1.25103
0.516317 1.28633
0.516778 1.13659
0.51714 1.22813
0.517572 1.18216
0.517985 1.13409
0.518377 1.13925
0.519113 1.25279
0.519498 1.107
0.519882 1.20132
0.520364 1.28595
0.52079 1.14548
0.521072 1.07358
0.52162 1.20472
0.521931 1.15766
0.522369 1.04756
0.522745 1.17908
0.523111 1.1351
0.523568 1.19576
0.524062 1.1183
0.524352 1.29858
0.524949 1.36574
0.52541 1.24461
0.525985 1.19142
0.526406 1.25138
0.526923 1.17429
0.527259 1.17901
0.527752 1.17949
0.528134 1.27769
0.528952 1.14183
0.52929 1.27
0.529895 1.1168
0.530255 1.08527
0.53062 1.10758
0.531054 1.02779
0.531439 1.11471
0.532043 1.35293
0.53242 1.23968
0.532765 1.18207
0.533241 1.3064
0.533715 1.25482
0.53408 1.17309
0.534486 1.11041
0.534813 1.18169
0.535113 1.10014
0.535469 1.18729
0.535849 1.20446
0.536326 1.14184
0.536775 1.05153
0.53711 1.21765
0.53774 1.18219
0.538229 1.32051
0.538643 1.3004
0.539203 1.28289
0.539503 1.15371
0.539892 1.22586
0.540293 1.18529
0.540779 1.13801
0.541161 1.26698
0.541564 1.31402
0.541909 1.25538
0.542261 1.16095
0.542703 1.1744
0.543233 1.15171
0.543662 1.2504
0.544054 1.33435
0.544441 1.17137
0.544821 1.00915
0.54524 1.05363
0.545598 1.07942
0.545961 1.15174
0.546301 1.25226
0.546606 1.23134
0.547061 1.27978
0.54739 1.22933
0.54783 1.27782
0.548298 1.11192
0.548911 1.04734
0.549229 1.1458
0.549594 1.27466
0.549876 1.2319
0.550428 1.24801
0.550867 1.09819
0.551427 1.13374
0.551712 1.25713
0.552075 1.14208
0.5525 1.18185
0.552845 1.25174
0.553426 1.24005
0.553775 1.18222
0.554199 1.26284
0.554511 1.22557
0.555246 1.10273
0.555551 1.1502
0.556112 1.14121
0.556461 1.07969
0.557057 1.14379
0.55748 1.14979
0.557897 1.28529
0.558243 1.16565
0.558813 1.20754
0.559111 1.17036
0.559762 1.0593
0.560248 1.2453
0.560669 1.06045
0.561025 1.00276
0.561544 1.17537
0.562017 1.07711
0.562458 1.13773
0.563135 1.08312
0.563576 1.08489
0.563911 1.41443
0.56432 1.2731
0.564731 1.21831
0.565062 1.0104
0.565373 1.32583
0.565936 1.39068
0.566342 1.18929
0.566676 1.25493
0.567049 1.21655
0.56743 1.14622
0.567766 1.2014
0.568205 1.44224
0.568558 1.15186
0.568893 1.20111
0.569324 1.20022
0.569765 1.1018
0.570074 1.00733
0.570709 1.17353
0.571136 1.22344
0.571696 1.1174
0.572209 1.04375
0.572768 1.07799
0.573291 1.15147
0.573794 1.1449
0.57416 1.23511
0.574796 1.35242
0.575252 1.20639
0.575632 1.08707
0.576137 0.974888
0.576649 1.17831
0.577169 1.29059
0.577504 1.37322
0.577977 1.12323
0.578407 1.22208
0.578845 1.07571
0.579173 1.09653
0.57971 1.22172
0.580145 1.15929
0.580461 1.0748
0.580937 1.22986
0.581464 1.24551
0.581772 1.12256
0.582117 1.1027
0.582515 1.0775
0.582907 1.1202
0.58332 1.04785
0.583646 1.18953
0.583981 1.2936
0.584344 1.0492
0.584733 1.07731
0.585222 1.11218
0.585673 1.16438
0.585981 1.09669
0.586348 1.08619
0.586703 1.09189
0.587036 1.0292
0.587408 1.1225
0.587988 1.1943
0.588419 1.11113
0.588861 1.13332
0.589253 1.18782
0.589721 1.02989
0.590076 1.07227
0.590395 1.18994
0.590964 1.06413
0.591277 1.24008
0.591685 1.09856
0.592066 1.15884
0.59263 1.20141
0.592937 1.13837
0.593386 1.10328
0.593876 1.09271
0.594254 0.982583
0.594646 1.0445
0.595011 1.0604
0.595422 1.10096
0.595874 1.08302
0.596394 1.12338
0.596807 0.895424
0.597128 0.933698
0.597492 0.954957
0.598075 1.18683
0.598467 0.991557
0.598811 0.959231
0.599358 1.22674
0.59972 0.904275
0.60022 1.2131
0.600682 1.09353
0.601059 1.18289
0.601482 1.06573
0.601844 1.16865
0.602275 1.2419
0.602649 1.12001
0.603105 1.19139
0.603557 1.23102
0.603922 1.35623
0.604531 1.12414
0.604912 1.19208
0.605408 1.16498
0.606396 1.16078
0.606747 1.02811
0.607131 1.08121
0.607422 1.10658
0.607893 1.01723
0.608355 1.08431
0.608822 1.14676
0.609181 1.11697
0.609596 1.07494
0.609934 1.13651
0.610275 1.05969
0.610628 1.18565
0.610981 1.1262
0.611353 1.14786
0.611776 1.15422
0.612196 1.1554
0.61277 1.12213
0.61319 1.16611
0.613544 1.0326
0.613876 1.10203
0.614344 1.15443
0.614786 1.11664
0.615411 1.13264
0.615757 0.997593
0.616239 1.1155
0.616671 1.16111
0.617051 1.12729
0.617342 1.1241
0.617832 1.17555
0.618291 1.16397
0.618857 1.03289
0.619273 1.12567
0.61966 1.12275
0.619957 1.15984
0.620403 1.06823
0.620878 0.945865
0.621238 1.09634
0.621723 1.07219
0.622118 1.12651
0.622513 0.961959
0.622939 1.09542
0.623372 1.24284
0.623737 1.19521
0.624208 1.13324
0.624768 1.33998
0.625268 1.23446
0.625642 1.18773
0.626168 1.13168
0.626574 1.17096
0.62708 1.20884
0.627394 1.17466
0.628003 1.08144
0.628333 1.27256
0.628709 1.1831
0.629107 1.04749
0.629616 1.20011
0.630013 1.26908
0.630443 1.27624
0.631025 0.983733
0.631502 1.12596
0.631931 1.16736
0.632491 1.18893
0.63284 1.12465
0.633363 1.03758
0.633805 1.12149
0.634278 1.0477
0.634651 1.10772
0.63498 1.11693
0.635337 1.04793
0.635821 1.00766
0.636229 1.01766
0.636685 1.13618
0.637066 1.11851
0.63748 1.06371
0.637848 1.03122
0.638288 1.14063
0.638797 1.06211
0.639225 1.06244
0.639603 1.30171
0.640052 1.28285
0.640368 1.14082
0.641007 1.12931
0.641396 1.06487
0.641776 1.15342
0.642267 1.1212
0.642684 1.18052
0.642969 1.26357
0.643393 1.16795
0.643848 1.13741
0.644341 1.26565
0.644653 1.25785
0.644985 1.08787
0.645329 1.13391
0.645735 1.03877
0.646103 1.1167
0.646834 1.18415
0.647174 1.16168
0.647768 1.25419
0.64808 1.16507
0.648564 1.22
0.648943 1.2816
0.649442 1.22388
0.649721 1.30801
0.650252 1.3444
0.650743 1.11097
0.651173 1.04495
0.65175 1.17758
0.652238 1.07832
0.652702 1.09386
0.653119 1.09677
0.653464 1.17266
0.653884 1.27022
0.654374 1.18213
0.655091 1.27628
0.655505 1.11595
0.655942 1.06004
0.656439 1.07006
0.656916 1.10223
0.657316 1.1819
0.65777 1.25828
0.658186 1.24163
0.65854 1.14427
0.659119 1.21075
0.659583 1.11882
0.659893 1.14765
0.660277 1.30983
0.660586 1.29011
0.661016 1.22441
0.661427 1.07764
0.661811 1.05179
0.662178 1.0168
0.662613 1.15861
0.662908 1.12284
0.6634 1.14588
0.663847 1.09454
0.664358 1.06746
0.664776 1.14452
0.665369 1.20245
0.665696 1.0993
0.666358 1.09252
0.666842 1.14134
0.667312 0.984179
0.667624 1.02498
0.668028 1.13955
0.668531 1.23815
0.66899 1.18786
0.669375 1.12189
0.669769 1.01544
0.670415 1.06249
0.670924 1.11981
0.671222 1.14739
0.67158 1.26698
0.672068 1.13237
0.672436 1.03579
0.67282 1.06756
0.673197 1.09518
0.673634 1.15045
0.674001 1.10234
0.6745 0.93797
0.674795 0.995965
0.675347 1.20154
0.67568 1.16915
0.676106 1.07146
0.676466 1.2396
0.676817 1.24304
0.677104 1.09985
0.677699 1.06532
0.677991 1.01988
0.678495 1.14869
0.678803 1.04443
0.679172 1.01139
0.679526 1.09172
0.679971 1.13519
0.680348 1.16773
0.680782 1.13966
0.681274 1.13681
0.681717 1.01862
0.682145 1.21855
0.682626 1.08764
0.682996 1.16491
0.683428 1.18005
0.683831 1.22945
0.684323 1.16394
0.684664 1.07254
0.685161 1.05913
0.685498 1.1565
0.685994 0.956754
0.68659 1.04789
0.686998 1.05381
0.687362 1.12254
0.687747 1.11952
0.688242 1.03175
0.68869 1.05971
0.689115 1.14597
0.689489 1.25746
0.689967 1.23072
0.690383 1.26207
0.690729 1.14294
0.691182 1.06998
0.691475 1.0763
0.69205 1.2305
0.692438 1.10817
0.692865 1.16995
0.693211 1.07244
0.693766 1.13945
0.694228 1.12862
0.694657 0.990695
0.694978 0.992477
0.695514 1.09399
0.695914 1.15102
0.69644 1.10659
0.696748 1.20244
0.697234 1.11476
0.697701 1.02283
0.69802 1.08844
0.698355 1.29733
0.698824 1.12995
0.699298 1.06379
0.699584 1.05767
0.699917 1.11919
0.700484 1.21426
0.700937 1.29369
0.701257 1.21704
0.701668 1.33576
0.701977 1.0914
0.70241 1.10547
0.702991 1.24564
0.703404 1.26945
0.703962 1.16816
0.70445 1.16072
0.704794 1.14804
0.705148 1.15301
0.705694 1.31653
0.706087 1.22191
0.70638 1.12609
0.706735 1.31664
0.707023 1.1404
0.707481 1.12598
0.70799 1.13389
0.70856 1.24185
0.708968 1.26608
0.7093 1.31969
0.709614 1.06292
0.710282 1.13155
0.710695 1.11625
0.711139 1.07208
0.711417 1.16911
0.711828 1.1193
0.71217 1.18616
0.712848 1.13228
0.713316 1.07977
0.713838 1.06639
0.714215 0.937166
0.714638 1.04544
0.715003 1.1083
0.715358 0.978141
0.715747 1.09776
0.716081 1.18641
0.716459 1.12242
0.71691 1.17507
0.71739 1.21125
0.717734 1.045
0.718269 1.12946
0.718862 1.1048
0.719208 1.04746
0.71964 1.06134
0.719975 1.17366
0.720302 1.03005
0.72076 1.11853
0.721063 1.20516
0.721561 1.06578
0.722025 0.987361
0.722365 1.13762
0.722798 1.08332
0.723128 0.95957
0.723502 1.09296
0.724032 1.04797
0.724368 1.12386
0.724751 1.04878
0.7253 1.24674
0.725647 1.31735
0.726117 1.17264
0.726646 1.11504
0.727026 1.15756
0.727467 1.10379
0.727839 1.09654
0.728314 1.11065
0.728669 1.201
0.729252 1.074
0.72954 1.20157
0.730011 1.05735
0.730304 1.00556
0.730944 1.02924
0.731479 0.961434
0.731826 1.03735
0.732256 1.28565
0.732595 1.17129
0.733068 1.11721
0.733456 1.23551
0.733905 1.18556
0.73424 1.10865
0.734645 1.04956
0.73503 1.10557
0.735602 1.03477
0.736052 1.11461
0.73643 1.12222
0.736751 1.0691
0.737262 0.986654
0.737673 1.15198
0.73822 1.1044
0.738816 1.25504
0.739105 1.22798
0.739643 1.19736
0.739985 1.07528
0.740423 1.15798
0.740716 1.1159
0.741102 1.08193
0.741537 1.19512
0.741973 1.25067
0.742319 1.1864
0.742752 1.09937
0.743218 1.1005
0.743566 1.09291
0.744076 1.19059
0.744415 1.25309
0.744935 1.1073
0.745225 0.940769
0.74562 0.978325
0.745973 1.00368
0.746492 1.07976
0.746951 1.1869
0.747523 1.15923
0.747937 1.20772
0.748306 1.15843
0.748674 1.20646
0.749077 1.05087
0.749431 0.976658
0.749759 1.07794
0.750307 1.21173
0.750615 1.17943
0.751181 1.18322
0.751473 1.02916
0.751954 1.06152
0.752373 1.20577
0.752808 1.09004
0.753214 1.12031
0.753686 1.1789
0.754003 1.18075
0.754604 1.11955
0.754995 1.21135
0.755549 1.16488
0.755828 1.03483
0.756225 1.07658
0.756605 1.0653
0.756994 1.02579
0.757717 1.07827
0.758211 1.09355
0.758644 1.21843
0.759013 1.10722
0.759408 1.14242
0.759853 1.10163
0.760229 0.998036
0.760804 1.1935
0.761177 0.990903
0.761767 0.92997
0.762187 1.12398
0.7627 1.01085
0.76319 1.06622
0.76364 1.01096
0.764031 1.01135
0.7644 1.35923
0.765034 1.20579
0.765551 1.15928
0.765909 0.956813
0.766331 1.26608
0.766785 1.32991
0.767301 1.12208
0.767765 1.19994
0.768325 1.15739
0.768761 1.0885
0.769157 1.15141
0.769807 1.3859
0.770193 1.09414
0.770829 1.14851
0.771209 1.1332
0.771945 1.04068
0.77235 0.948965
0.772785 1.10619
0.773248 1.16656
0.773558 1.05675
0.774001 0.985944
0.774451 1.0114
0.774811 1.08738
0.775238 1.07752
0.775618 1.18633
0.775936 1.29954
0.776331 1.14106
0.776672 1.03665
0.777111 0.914364
0.777441 1.12433
0.778416 1.21925
0.778791 1.32556
0.779259 1.06242
0.779668 1.15844
0.780087 1.01782
0.78042 1.03618
0.780878 1.16726
0.781295 1.08969
0.781635 1.01568
0.782082 1.17307
0.782422 1.1801
0.783255 1.06146
0.783584 1.0461
0.783957 1.01446
0.78435 1.07853
0.784749 0.982777
0.785099 1.13413
0.78544 1.24556
0.785818 0.990004
0.786144 1.018
0.786502 1.05995
0.786891 1.09651
0.78725 1.04511
0.787939 1.03305
0.788284 1.02966
0.788661 0.960323
0.78912 1.05621
0.789647 1.13051
0.79003 1.05087
0.790934 1.08102
0.79126 1.13821
0.791624 0.97095
0.792069 1.01022
0.792517 1.12841
0.792919 0.997921
0.793314 1.18026
0.793807 1.03889
0.794168 1.10324
0.794626 1.1497
0.795023 1.07766
0.795481 1.04207
0.795914 1.03791
0.796357 0.914648
0.796917 0.972667
0.797439 1.00648
0.797749 1.03422
0.798119 1.01732
0.798434 1.05852
0.798818 0.836474
0.799366 0.869719
0.799767 0.904343
0.80018 1.12997
0.800527 0.938978
0.8009 0.903926
0.801222 1.18703
0.801591 0.847381
0.802013 1.03952
0.802489 1.12556
0.802846 1.0115
0.803321 1.11268
0.803803 1.18032
0.804227 1.06737
0.804705 1.14874
0.805162 1.17482
0.80565 1.31522
0.80606 1.07132
0.806422 1.13969
0.806802 1.09141
0.807361 1.10409
0.80773 0.974591
0.808095 1.02255
0.808498 1.0452
0.809022 0.966402
0.809538 1.02942
0.810032 1.09003
0.810413 1.05626
0.810843 1.0225
0.81122 1.091
0.811652 1.01216
0.81217 1.13162
0.812632 1.06635
0.813049 1.08952
0.813598 1.09483
0.813946 1.10162
0.814272 1.0722
0.814822 1.11966
0.815328 0.972236
0.815787 1.05165
0.816142 1.11072
0.816491 1.06846
0.816889 1.07519
0.81736 0.948195
0.817759 1.06639
0.818273 1.1051
0.818631 1.08262
0.818973 1.07143
0.819343 1.12875
0.819752 1.12039
0.820162 0.981498
0.820584 1.06943
0.821085 1.06375
0.821434 1.10343
0.821882 1.01417
0.822357 0.908063
0.822753 1.04229
0.823228 1.02251
0.823925 1.06789
0.824325 0.919781
0.82473 1.04069
0.825205 1.1922
0.825612 1.16569
0.826151 1.07455
0.826605 1.28788
0.826951 1.1782
0.827434 1.12981
0.827867 1.07627
0.828267 1.10988
0.828721 1.16935
0.829013 1.11426
0.829536 1.0361
0.830029 1.22589
0.830514 1.13156
0.831054 1.00873
0.831407 1.15398
0.831829 1.23064
0.832285 1.23041
0.832703 0.936971
0.833017 1.07806
0.833435 1.12513
0.833829 1.1394
0.83432 1.07528
0.834781 0.993618
0.835234 1.06615
0.835569 1.00272
0.836038 1.06023
0.83643 1.07465
0.837071 1.01035
0.837469 0.952403
0.838017 0.959322
0.838555 1.09068
0.838961 1.06676
0.839451 1.00522
0.839995 0.987647
0.840523 1.09259
0.840904 1.01546
0.841286 1.01926
0.841834 1.26172
0.842177 1.23835
0.84272 1.09335
0.843042 1.07326
0.843599 1.01871
0.843997 1.10949
0.844343 1.072
0.844724 1.14062
0.8451 1.23397
0.845487 1.12256
0.845795 1.08503
0.846182 1.22808
0.846604 1.21172
0.847097 1.04043
0.847382 1.07604
0.847796 0.992511
0.848121 1.07651
0.848575 1.1307
0.848966 1.12223
0.849566 1.21911
0.849986 1.13031
0.850547 1.16973
0.850887 1.23771
0.85132 1.17933
0.851808 1.26147
0.852133 1.31332
0.852521 1.05953
0.852852 0.995306
0.853323 1.13003
0.853707 1.03183
0.854026 1.04556
0.854578 1.05969
0.855065 1.1251
0.85539 1.21888
0.855794 1.13863
0.856155 1.22077
0.856709 1.06816
0.85716 1.01599
0.857566 1.02105
0.857895 1.05784
0.858253 1.14086
0.858565 1.20701
0.858942 1.19108
0.859245 1.1048
0.859598 1.15947
0.85991 1.0637
0.860305 1.10521
0.860706 1.26502
0.861264 1.23381
0.86162 1.1869
0.86191 1.02611
0.862274 1.00645
0.86268 0.967142
0.863206 1.10361
0.863541 1.07751
0.863971 1.09622
0.864363 1.04441
0.864771 1.02194
0.865404 1.09499
0.865794 1.158
0.866213 1.0587
0.866618 1.04906
0.86692 1.10721
0.86726 0.941264
0.867625 0.979275
0.867975 1.09333
0.868367 1.1935
0.868723 1.1434
0.869104 1.07681
0.869537 0.969989
0.869962 1.02025
0.870322 1.08919
0.870671 1.10342
0.871194 1.23753
0.871762 1.08809
0.872227 0.993559
0.872596 1.02139
0.872969 1.04682
0.873441 1.10182
0.873876 1.05749
0.874465 0.887138
0.874925 0.960252
0.875539 1.14693
0.876175 1.13147
0.876719 1.02527
0.877142 1.19824
0.877693 1.19875
0.878611 1.0598
0.879088 1.02006
0.879536 0.978083
0.879926 1.1091
0.880388 1.00274
0.880764 0.974548
0.881153 1.04967
0.881605 1.0895
0.881972 1.12565
0.882311 1.1003
0.882764 1.09791
0.883147 0.979024
0.883491 1.17355
0.883775 1.04056
0.884197 1.13052
0.884556 1.14142
0.884949 1.18417
0.885401 1.1212
0.885715 1.03532
0.886027 1.02632
0.886517 1.11877
0.886989 0.911618
0.887409 1.01783
0.887807 1.01117
0.888236 1.08316
0.888583 1.07754
0.888964 0.994105
0.889263 1.0107
0.88981 1.10847
0.890268 1.21578
0.890616 1.19696
0.89106 1.23022
0.891451 1.10477
0.891796 1.03181
0.89224 1.02934
0.892568 1.19259
0.893042 1.06391
0.893348 1.125
0.893784 1.03326
0.894094 1.09535
0.894574 1.09385
0.894949 0.948679
0.895384 0.952911
0.895828 1.05364
0.89623 1.11
0.896609 1.06254
0.896982 1.17109
0.89728 1.07806
0.897742 0.981488
0.89818 1.04114
0.898556 1.25694
0.899083 1.09768
0.899658 1.03024
0.90014 1.01873
0.900711 1.07841
0.901064 1.16681
0.901512 1.2625
0.901891 1.17828
0.902455 1.29264
0.902807 1.05239
0.903333 1.06831
0.903808 1.20086
0.904222 1.23648
0.904858 1.12964
0.905389 1.13521
0.90604 1.10205
0.906473 1.12545
0.906781 1.27795
0.907144 1.18433
0.907444 1.08244
0.907961 1.27612
0.908295 1.10683
0.908842 1.0908
0.909277 1.09595
0.90957 1.20021
0.909912 1.21919
0.910356 1.27407
0.910806 1.02061
0.911352 1.09018
0.9119 1.08864
0.912278 1.03752
0.912739 1.12075
0.913091 1.07712
0.913498 1.15217
0.913838 1.0946
0.914538 1.04053
0.91512 1.02899
0.915613 0.900232
0.91591 1.00494
0.916327 1.06884
0.916659 0.942181
0.916978 1.05514
0.917564 1.15763
0.917944 1.09316
0.9184 1.14011
0.918745 1.17657
0.919117 1.00238
0.919599 1.08279
0.919963 1.07227
0.920303 1.00726
0.920633 1.03026
0.92112 1.1305
0.921496 0.991905
0.921935 1.08166
0.922349 1.17246
0.922737 1.02811
0.923081 0.946768
0.923409 1.10678
0.923877 1.0494
0.924301 0.922426
0.92461 1.05431
0.925064 1.00957
0.925441 1.09124
0.925833 1.01953
0.926147 1.22258
0.926702 1.29789
0.927065 1.13998
0.927544 1.07868
0.927891 1.11079
0.928262 1.06931
0.928679 1.05913
0.929066 1.07722
0.929481 1.16249
0.929793 1.0423
0.930326 1.16763
0.93077 1.03054
0.931097 0.970416
0.931384 0.993796
0.931855 0.934641
0.932334 0.999224
0.932726 1.25333
0.933071 1.13838
0.933588 1.08309
0.933991 1.19745
0.934748 1.15015
0.935175 1.07749
0.935562 1.02419
0.935997 1.0693
0.936492 1.00653
0.937052 1.08042
0.937499 1.08236
0.937801 1.0382
0.938187 0.959497
0.938601 1.1159
0.939112 1.06429
0.939458 1.22354
0.939947 1.19539
0.940269 1.15687
0.940681 1.0425
0.941 1.12713
0.941565 1.0777
0.941981 1.05473
0.942546 1.15959
0.942871 1.21717
0.943346 1.1507
0.94373 1.07176
0.94438 1.06536
0.944967 1.06404
0.945324 1.16508
0.945685 1.21271
0.94603 1.07524
0.946445 0.910927
0.946802 0.944518
0.947277 0.968211
0.947976 1.04508
0.948414 1.15244
0.948786 1.12308
0.949076 1.16727
0.949451 1.12384
0.949836 1.1686
0.950289 1.02215
0.950628 0.943628
0.951142 1.04276
0.951582 1.17949
0.95202 1.15185
0.95236 1.149
0.952874 0.99631
0.953278 1.02548
0.953651 1.18256
0.954027 1.06662
0.954517 1.08996
0.954913 1.14326
0.955496 1.15439
0.95583 1.0898
0.956379 1.18783
0.957244 1.13852
0.957774 1.00055
0.958232 1.03567
0.958762 1.02602
0.959112 1.0009
0.959505 1.04374
0.959898 1.06572
0.96048 1.186
0.960882 1.08108
0.961248 1.10993
0.961632 1.06352
0.962083 0.96941
0.962564 1.16669
0.962968 0.958861
0.963358 0.895981
0.96374 1.09859
0.964243 0.974868
0.964552 1.02827
0.964935 0.977257
0.965537 0.97258
0.965928 1.32836
0.966237 1.17318
0.966803 1.1317
0.967286 0.931791
0.967631 1.23738
0.968096 1.29827
0.968431 1.08632
0.968796 1.17085
0.969227 1.12812
0.969562 1.05991
0.969935 1.12806
0.970662 1.35181
0.971063 1.06476
0.971631 1.12334
0.972053 1.10039
0.972454 1.00882
0.972877 0.922201
0.973248 1.07169
0.973641 1.13652
0.974089 1.02525
0.974586 0.958403
0.974949 0.976861
0.975268 1.05335
0.975608 1.04556
0.976036 1.16057
0.976474 1.27364
0.976921 1.10744
0.977325 1.01294
0.977921 0.886576
0.978226 1.09671
0.978597 1.1832
0.97907 1.29823
0.979512 1.03276
0.979822 1.12278
0.980494 0.988353
0.980895 1.00494
0.981236 1.13972
0.981597 1.05605
0.981991 0.98804
0.982506 1.14453
0.982938 1.14796
0.983327 1.03235
0.984576 1.02003
0.984892 0.982229
0.985203 1.05625
0.985525 0.950336
0.985881 1.1057
0.986317 1.21852
0.986729 0.960793
0.98754 0.99079
0.988021 1.03228
0.988385 1.06295
0.988992 1.01415
0.989601 1.00593
0.990174 0.997925
0.99062 0.926922
0.99115 1.0207
0.991584 1.0987
0.991992 1.01949
0.992505 1.05759
0.992824 1.11194
0.993228 0.940789
0.993663 0.97884
0.994214 1.09692
0.994678 0.965025
0.995001 1.14857
0.995565 1.00881
0.995933 1.07578
0.996226 1.12226
0.996754 1.04953
0.997247 1.01197
0.997577 1.0113
0.998035 0.88049
0.998315 0.936925
0.998757 0.977775
0.999047 0.99742
0.999543 0.986763
1.00002 1.02709
1.00053 0.807903
1.00098 0.836685
1.00141 0.878462
1.00192 1.10093
1.00227 0.910083
1.00261 0.878963
1.00315 1.16586
1.00359 0.819715
1.00402 1.12815
Avg iter time = 0.000439345 seconds
