0.0134558 2.30258
0.0145272 2.30258
0.0156461 2.30257
0.0169683 2.30259
0.0180303 2.30259
0.0191783 2.30258
0.0201344 2.30258
0.0215155 2.30256
0.0226695 2.30259
0.0236591 2.30259
0.0246732 2.30261
0.0257419 2.3026
0.0269361 2.30258
0.0278993 2.30255
0.0289233 2.30266
0.0300891 2.30265
0.031048 2.30268
0.0323078 2.30257
0.0335578 2.30265
0.0350693 2.30255
0.0363679 2.30253
0.0374665 2.30262
0.0385585 2.30246
0.0395003 2.30264
0.0406942 2.30265
0.0418584 2.30251
0.0433964 2.30257
0.0447298 2.30261
0.0458719 2.30245
0.0470235 2.30261
0.0480811 2.30258
0.0493255 2.30254
0.0502642 2.3025
0.0512345 2.30261
0.0523335 2.30264
0.0533449 2.30281
0.055016 2.30249
0.0559807 2.30255
0.0569637 2.30261
0.0580133 2.30263
0.059016 2.30262
0.0599507 2.30245
0.0609957 2.30247
0.0619857 2.30264
0.0630429 2.30245
0.0643916 2.30272
0.0653639 2.3025
0.066346 2.3027
0.0675324 2.3025
0.0687002 2.30264
0.0696527 2.30253
0.0706206 2.30246
0.0718342 2.30291
0.0729969 2.3027
0.0739276 2.30256
0.0749422 2.3025
0.0760235 2.30266
0.0769842 2.30283
0.0780588 2.30274
0.0792124 2.30248
0.0802629 2.30283
0.081228 2.30264
0.0821888 2.30226
0.0831484 2.30269
0.0842957 2.30274
0.0854141 2.30254
0.0868904 2.30266
0.0880168 2.3026
0.0889546 2.3026
0.0900833 2.30261
0.0910508 2.30258
0.0920741 2.30235
0.0930467 2.30253
0.0941588 2.30258
0.0952539 2.30252
0.0962234 2.30248
0.097149 2.3025
0.0990758 2.30243
0.100095 2.30264
0.10109 2.30263
0.102062 2.30271
0.103118 2.30249
0.104326 2.30239
0.105299 2.30263
0.106372 2.30235
0.107406 2.30248
0.108534 2.30253
0.109671 2.30252
0.110802 2.30241
0.111924 2.3026
0.113043 2.30287
0.114213 2.30233
0.115331 2.30241
0.116471 2.30275
0.117815 2.30268
0.119246 2.30278
0.120523 2.30266
0.121953 2.30236
0.123448 2.30226
0.125326 2.30265
0.126795 2.30224
0.128455 2.30271
0.129954 2.30287
0.131461 2.30239
0.133122 2.30253
0.134842 2.3026
0.136462 2.30229
0.138171 2.30268
0.139769 2.30272
0.141381 2.30239
0.143079 2.30219
0.145376 2.30244
0.146939 2.30252
0.148549 2.30298
0.150246 2.30271
0.151889 2.30227
0.153566 2.30249
0.155684 2.3026
0.157693 2.3027
0.159344 2.30227
0.160994 2.30248
0.162644 2.30276
0.164847 2.30248
0.167221 2.30276
0.168837 2.30236
0.170508 2.30318
0.172312 2.30245
0.174031 2.30259
0.176272 2.30219
0.177972 2.30217
0.179725 2.303
0.181345 2.30261
0.182954 2.30225
0.18453 2.30249
0.186168 2.30266
0.18776 2.3029
0.189604 2.30252
0.191378 2.30234
0.193168 2.30311
0.195431 2.30249
0.197012 2.30168
0.198642 2.30246
0.200286 2.30296
0.201907 2.30247
0.203704 2.30277
0.205305 2.3026
0.206957 2.30261
0.208537 2.30269
0.210301 2.3024
0.212016 2.30209
0.21364 2.3024
0.215325 2.30252
0.217686 2.30236
0.219259 2.30238
0.22096 2.30235
0.22255 2.30219
0.224361 2.30267
0.225969 2.30267
0.227729 2.30285
0.229346 2.30237
0.231115 2.30217
0.232808 2.30271
0.234421 2.3021
0.236086 2.30242
0.237674 2.30249
0.239718 2.30248
0.241365 2.30221
0.243017 2.3026
0.244691 2.30315
0.246581 2.30213
0.248553 2.30218
0.250211 2.30286
0.251923 2.30269
0.253559 2.30297
0.255672 2.30267
0.257293 2.30218
0.259019 2.30201
0.260847 2.3027
0.262533 2.30203
0.264221 2.30279
0.266593 2.30309
0.268258 2.30228
0.2699 2.3025
0.271532 2.30261
0.273216 2.30214
0.274903 2.30275
0.276543 2.30285
0.278713 2.30225
0.280383 2.30191
0.282841 2.3023
0.284522 2.3024
0.286299 2.30315
0.288036 2.30293
0.28981 2.30202
0.291588 2.30238
0.293725 2.30257
0.295438 2.30278
0.297807 2.3021
0.299784 2.30248
0.301627 2.30287
0.30331 2.30251
0.304923 2.3028
0.306519 2.30224
0.308096 2.30364
0.309606 2.30241
0.3113 2.30254
0.313006 2.3019
0.314548 2.3019
0.316156 2.30309
0.318036 2.30252
0.319852 2.30197
0.322225 2.30248
0.323972 2.30267
0.325666 2.30297
0.327287 2.30232
0.329015 2.30222
0.330804 2.30338
0.332359 2.30237
0.334911 2.30116
0.336749 2.30226
0.338713 2.30316
0.340288 2.30242
0.341882 2.30287
0.343665 2.3026
0.345221 2.30263
0.346789 2.30277
0.348327 2.30225
0.349898 2.30184
0.352143 2.30228
0.354563 2.30248
0.355934 2.30219
0.357016 2.3023
0.358168 2.30221
0.359557 2.30197
0.360925 2.3027
0.362204 2.3027
0.363611 2.30298
0.36473 2.30226
0.365976 2.30196