0.00120257 2.30862
0.00162528 2.31524
0.00215901 2.32822
0.00269709 2.31486
0.00319091 2.2988
0.00373531 2.30552
0.00417264 2.30143
0.00470795 2.30796
0.0051757 2.29961
0.00564346 2.30626
0.00610805 2.30109
0.00657462 2.30036
0.00698469 2.29907
0.00744099 2.28975
0.00788069 2.30142
0.008512 2.29632
0.00899595 2.28987
0.00944276 2.29099
0.00989906 2.29902
0.0103909 2.27397
0.0109013 2.28978
0.0114833 2.29562
0.0119546 2.28683
0.0125373 2.28771
0.0130137 2.28976
0.0135874 2.28655
0.013997 2.28978
0.0145268 2.28974
0.0149503 2.29262
0.0154738 2.28256
0.016017 2.284
0.0164377 2.27925
0.016928 2.28456
0.0174088 2.26871
0.017982 2.28779
0.0184774 2.28069
0.0189863 2.28607
0.0195046 2.279
0.0200411 2.28382
0.0205306 2.27683
0.0210904 2.27562
0.0216664 2.28108
0.0221744 2.27957
0.0227658 2.27387
0.0233047 2.26811
0.0240067 2.28157
0.0244444 2.28424
0.0249549 2.26984
0.0255174 2.27653
0.0259666 2.28222
0.0264589 2.27806
0.0269566 2.27274
0.0274892 2.28067
0.0279139 2.26708
0.0284575 2.27469
0.0289793 2.28048
0.0294392 2.27682
0.0299366 2.28059
0.0304359 2.25861
0.0308677 2.27125
0.0313631 2.27116
0.0319091 2.27341
0.0323441 2.27355
0.0328754 2.26021
0.0334795 2.27018
0.0339188 2.26578
0.0343467 2.25886
0.0348101 2.26839
0.0353019 2.27083
0.0357436 2.26658
0.0362963 2.26498
0.0367522 2.26114
0.0371915 2.26834
0.0376035 2.26497
0.0380468 2.26397
0.0385821 2.26197
0.0389993 2.26481
0.0394378 2.25792
0.0400347 2.26276
0.0406443 2.25874
0.0411168 2.26546
0.0416778 2.25779
0.0422633 2.25586
0.0426856 2.25386
0.0430775 2.26669
0.0436255 2.2541
0.0441272 2.26631
0.044561 2.26336
0.0450299 2.26488
0.0455976 2.25142
0.0460839 2.25612
0.0465809 2.25802
0.0470072 2.26599
0.0474153 2.25294
0.0479162 2.25064
0.0483773 2.24835
0.0489339 2.25395
0.0494068 2.25443
0.0498236 2.25499
0.0501961 2.24071
0.0507864 2.24086
0.0512154 2.25117
0.0516476 2.2454
0.0522568 2.24811
0.0527087 2.24992
0.0531204 2.24148
0.0536268 2.24311
0.0541787 2.24571
0.0546113 2.25135
0.0553588 2.24276
0.0558542 2.23697
0.0563247 2.24178
0.0568715 2.23906
0.0573238 2.24902
0.0578196 2.24149
0.0583435 2.23442
0.05885 2.25904
0.0594311 2.25169
0.0601197 2.23784
0.060683 2.24856
0.0612306 2.24471
0.0616371 2.23552
0.0622661 2.2473
0.0628144 2.2534
0.0633774 2.23448
0.0639241 2.24648
0.0644583 2.24608
0.0649003 2.24109
0.0654977 2.23313
0.0658821 2.2322
0.0664901 2.22763
0.0670625 2.23314
0.0675864 2.22753
0.0680486 2.23567
0.068459 2.23427
0.0689687 2.23351
0.0694471 2.24174
0.0699536 2.25019
0.0703865 2.2222
0.0708187 2.22865
0.0713703 2.24305
0.0719182 2.22344
0.0723354 2.22924
0.0728703 2.22485
0.07331 2.22151
0.0736972 2.2243
0.0741412 2.23742
0.0745493 2.22621
0.0749697 2.22244
0.075599 2.23103
0.0760217 2.20865
0.0765547 2.21518
0.0770801 2.20672
0.0775609 2.22305
0.0781321 2.22484
0.0785355 2.22148
0.0790242 2.21472
0.0794189 2.21576
0.0798838 2.2249
0.0802785 2.21671
0.0807877 2.22142
0.0813151 2.22605
0.0817146 2.22316
0.0821614 2.21365
0.0826828 2.21009
0.0832043 2.22093
0.0836306 2.20653
0.0840608 2.19849
0.0847482 2.23223
0.0851958 2.20995
0.0856316 2.21727
0.0860677 2.22258
0.0865094 2.21404
0.0869183 2.21751
0.0878167 2.20153
0.0883567 2.21619
0.0888545 2.21155
0.0894617 2.21631
0.089871 2.20335
0.0903632 2.22113
0.0909013 2.19875
0.0914789 2.20412
0.0919869 2.20295
0.0925317 2.19783
0.0930615 2.20024
0.0936561 2.20268
0.0941013 2.18276
0.0945817 2.19784
0.0951763 2.18168
0.0955599 2.18865
0.0959545 2.19337
0.0964966 2.2155
0.0970038 2.19229
0.0974325 2.21974
0.0979867 2.2111
0.0985868 2.20486
0.0989791 2.19247
0.0994733 2.19539
0.10052 2.19592
0.101186 2.18553
0.101587 2.20235
0.102081 2.1824
0.102737 2.19613
0.103358 2.19981
0.103929 2.18769
0.104646 2.16826
0.105271 2.20047
0.105897 2.18997
0.106678 2.16586
0.107299 2.1967
0.107755 2.17743
0.108189 2.20144
0.108814 2.18248
0.109604 2.17042
0.110174 2.19232
0.110703 2.17393
0.111111 2.18933
0.111567 2.15926
0.112008 2.1786
0.112689 2.18191
0.113332 2.18044
0.113967 2.16692
0.11435 2.16647
0.114931 2.18464
0.115607 2.17599
0.116363 2.17163
0.116791 2.16726
0.117178 2.16746
0.117679 2.16315
0.118278 2.18334
0.119009 2.14169
0.119615 2.16706
0.120088 2.1511
0.120562 2.16978
0.121161 2.18015
0.121597 2.15492
0.122101 2.16091
0.122878 2.18537
0.123407 2.18135
0.123831 2.17173
0.124262 2.16801
0.124756 2.15345
0.125144 2.15287
0.125645 2.1395
0.126311 2.15962
0.126703 2.15291
0.127186 2.1422
0.127653 2.16647
0.128224 2.1508
0.128804 2.1448
0.129231 2.15356
0.129743 2.14686
0.130188 2.15239
0.130691 2.14698
0.131282 2.11988
0.131793 2.13621
0.132367 2.13865
0.132912 2.1469
0.133515 2.13279
0.134282 2.13891
0.134774 2.13878
0.135488 2.15835
0.13605 2.13043
0.136477 2.17979
0.136934 2.1459
0.137561 2.14547
0.138449 2.11112
0.138988 2.14441
0.139427 2.10159
0.139856 2.16431
0.140289 2.11655
0.140825 2.14219
0.141206 2.13509
0.14158 2.12425
0.142163 2.12173
0.142788 2.09994
0.143222 2.12478
0.143644 2.11853
0.144098 2.10314
0.144497 2.09983
0.145122 2.13163
0.145653 2.13777
0.146271 2.11014
0.146785 2.13733
0.147353 2.12968
0.147855 2.13272
0.148369 2.1169
0.148792 2.12513
0.149298 2.11356
0.149784 2.13055
0.150334 2.11581
0.151015 2.13145
0.151407 2.15325
0.15193 2.08765
0.152368 2.12342
0.152798 2.1157
0.153321 2.12524
0.153726 2.12578
0.154447 2.09022
0.155085 2.09521
0.155502 2.12063
0.155917 2.10091
0.156331 2.10978
0.156767 2.12029
0.157193 2.13008
0.157599 2.10533
0.158056 2.08975
0.158567 2.10427
0.159015 2.10107
0.15944 2.10679
0.159854 2.09096
0.160327 2.07949
0.160841 2.06832
0.161492 2.10223
0.162116 2.08455
0.16282 2.09124
0.163284 2.09341
0.163697 2.08347
0.16407 2.07421
0.164544 2.09985
0.165113 2.05163
0.1655 2.12052
0.165905 2.09049
0.166431 2.1024
0.166864 2.06321
0.167484 2.08025
0.167895 2.07993
0.168491 2.11664
0.169038 2.07073
0.169437 2.06601
0.169814 2.06051
0.170285 2.08233
0.170667 2.08016
0.171081 2.07561
0.171575 2.03509
0.172211 2.03679
0.172688 2.07475
0.17314 2.05671
0.173776 2.08193
0.174196 2.07562
0.174616 2.05204
0.17515 2.05931
0.175875 2.06274
0.176287 2.08179
0.176773 2.033
0.177345 2.03558
0.177978 2.03938
0.17862 2.04332
0.179227 2.07497
0.179766 2.04638
0.180255 2.01894
0.180758 2.10352
0.181323 2.08886
0.181736 2.03204
0.182165 2.08104
0.182931 2.06854
0.18337 2.04618
0.183771 2.07832
0.1844 2.08519
0.184852 2.04683
0.185268 2.06389
0.185703 2.07492
0.186123 2.04744
0.186629 2.02735
0.187122 2.04106
0.187577 2.0329
0.188149 2.03474
0.188646 2.00083
0.189051 2.04293
0.189589 2.03448
0.190006 2.03544
0.190405 2.0642
0.190807 2.08301
0.191387 2.00995
0.191815 2.01525
0.192256 2.06681
0.192925 2.00192
0.193321 2.02524
0.193823 2.0057
0.194392 2.0096
0.194792 2.02012
0.195257 2.05097
0.195733 2.01903
0.196171 2.01693
0.196673 2.02765
0.197236 1.98099
0.197717 1.98816
0.198286 1.97164
0.199019 2.00902
0.199403 2.0195
0.199993 2.01345
0.200544 1.98786
0.201047 1.99113
0.201505 2.01884
0.202018 1.99306
0.202503 2.01078
0.203027 2.0349
0.203422 2.02399
0.203903 2.00575
0.204368 1.98817
0.204867 2.01348
0.205431 1.98282
0.205852 1.95749
0.206292 2.03866
0.206873 1.97562
0.207363 1.99443
0.207824 2.02253
0.20844 2.0075
0.208879 2.01715
0.209467 1.95633
0.21002 2.00605
0.210435 1.98817
0.211006 2.00513
0.211538 1.97385
0.211971 2.02048
0.212393 1.97168
0.212861 1.98075
0.213323 1.9765
0.213782 1.95391
0.214251 1.97049
0.214721 1.9752
0.215139 1.93651
0.215695 1.9659
0.216239 1.91746
0.216946 1.94277
0.217635 1.94917
0.21827 2.02385
0.218864 1.95821
0.219457 2.03239
0.22 1.99415
0.220543 1.98293
0.221011 1.96159
0.221478 1.96541
0.221877 1.96694
0.22227 1.92946
0.222727 1.97234
0.22318 1.9267
0.223808 1.96168
0.224395 1.98172
0.224882 1.94881
0.225277 1.8931
0.22595 1.99582
0.226514 1.95363
0.226918 1.89414
0.227345 1.96641
0.227733 1.92175
0.228178 1.98453
0.228804 1.9348
0.22924 1.9066
0.229678 1.96833
0.230181 1.91917
0.230685 1.94743
0.231344 1.8822
0.231807 1.92486
0.232405 1.94003
0.23277 1.93845
0.233337 1.91005
0.234104 1.91162
0.23462 1.938
0.235116 1.92911
0.235603 1.93065
0.236033 1.91922
0.236491 1.8986
0.237067 1.88853
0.237692 1.94282
0.238163 1.8406
0.238641 1.89151
0.239197 1.86312
0.2397 1.91407
0.240276 1.89635
0.240904 1.89438
0.241823 1.95686
0.242473 1.94705
0.242926 1.93296
0.243316 1.9258
0.243713 1.89115
0.244133 1.88584
0.244568 1.85579
0.245289 1.90436
0.245727 1.88254
0.246199 1.86357
0.246627 1.91581
0.24703 1.89843
0.247613 1.8787
0.248048 1.88676
0.24861 1.88236
0.249335 1.8922
0.249957 1.88294
0.250377 1.8359
0.25084 1.86844
0.251291 1.86151
0.25178 1.89007
0.252204 1.85406
0.252792 1.86665
0.253267 1.87147
0.253669 1.91495
0.254173 1.85338
0.254603 1.96978
0.25532 1.89
0.255785 1.893
0.256355 1.8242
0.256743 1.89115
0.257139 1.80573
0.257556 1.93256
0.257966 1.82781
0.258551 1.89142
0.259115 1.8772
0.259556 1.84539
0.259953 1.84599
0.260429 1.79748
0.260846 1.84818
0.261267 1.83651
0.261799 1.80749
0.262198 1.80699
0.262618 1.87419
0.263041 1.87865
0.263497 1.83148
0.264273 1.8856
0.264677 1.87259
0.265084 1.87579
0.265682 1.8511
0.266162 1.85835
0.266618 1.85074
0.267172 1.87505
0.267623 1.84594
0.268048 1.87792
0.268544 1.93155
0.269144 1.80196
0.269574 1.86831
0.269993 1.84416
0.270502 1.87151
0.270931 1.88173
0.271322 1.80874
0.271725 1.80206
0.272147 1.8697
0.272633 1.84092
0.2733 1.84496
0.273742 1.86586
0.2742 1.89739
0.274775 1.83188
0.275211 1.80923
0.275639 1.83525
0.276277 1.82578
0.276664 1.84296
0.277075 1.81629
0.277561 1.78221
0.278102 1.77352
0.278508 1.84115
0.27894 1.80092
0.279418 1.80615
0.279875 1.82989
0.2805 1.80566
0.280896 1.78889
0.281323 1.82961
0.281811 1.73628
0.2823 1.87349
0.282688 1.81319
0.28325 1.84482
0.283735 1.772
0.284111 1.80837
0.284668 1.79887
0.285366 1.86525
0.285861 1.7967
0.286513 1.78245
0.287164 1.77506
0.287617 1.81564
0.288472 1.81458
0.288858 1.79024
0.289431 1.72668
0.290237 1.73695
0.290676 1.79836
0.291179 1.77292
0.291619 1.83065
0.292203 1.81139
0.29275 1.76546
0.293152 1.79123
0.293604 1.78908
0.294114 1.81837
0.294505 1.72466
0.294927 1.7481
0.29539 1.75019
0.295845 1.75219
0.296467 1.80939
0.296937 1.7681
0.297375 1.72274
0.297814 1.86218
0.298201 1.84473
0.298601 1.73816
0.299071 1.83362
0.299485 1.80677
0.299995 1.77939
0.300447 1.83432
0.300957 1.82961
0.301409 1.77637
0.301833 1.8014
0.302382 1.83065
0.302888 1.76726
0.303295 1.74215
0.303865 1.77308
0.304421 1.76714
0.304852 1.75496
0.305441 1.68839
0.305854 1.76553
0.306425 1.76556
0.306956 1.76231
0.307385 1.80349
0.307831 1.82398
0.308357 1.72837
0.308826 1.739
0.309435 1.81065
0.310107 1.70939
0.310625 1.75816
0.311208 1.7145
0.311757 1.72376
0.312175 1.73556
0.312549 1.79932
0.313092 1.7488
0.313914 1.74466
0.314306 1.75803
0.314698 1.69757
0.315116 1.69524
0.315586 1.67507
0.316193 1.73552
0.316706 1.7529
0.317133 1.75109
0.317845 1.70662
0.31824 1.70623
0.318687 1.74464
0.319381 1.70643
0.319859 1.74059
0.320296 1.78934
0.32081 1.77215
0.321256 1.73947
0.32181 1.71042
0.322274 1.75287
0.322699 1.71
0.323121 1.6761
0.323798 1.78833
0.324189 1.67382
0.324756 1.71108
0.325373 1.76588
0.325911 1.75017
0.326337 1.7583
0.326783 1.66465
0.327209 1.74744
0.327628 1.7229
0.328257 1.74084
0.328732 1.69065
0.329112 1.76701
0.329545 1.69836
0.330015 1.71578
0.330469 1.70453
0.331006 1.66815
0.331425 1.70159
0.331885 1.70548
0.332344 1.66553
0.332882 1.69678
0.333304 1.62203
0.333685 1.66227
0.334279 1.66851
0.334977 1.79179
0.33569 1.68757
0.336375 1.80731
0.337114 1.73487
0.337626 1.72417
0.338048 1.70098
0.338727 1.70478
0.339248 1.70238
0.339812 1.64162
0.340577 1.71
0.340996 1.6365
0.341486 1.69643
0.342086 1.73688
0.342702 1.68834
0.343167 1.59561
0.343557 1.76317
0.343957 1.691
0.344448 1.61331
0.344921 1.70906
0.345384 1.6485
0.345833 1.73437
0.346456 1.66231
0.347213 1.6211
0.347852 1.72282
0.348324 1.63828
0.348886 1.6804
0.349484 1.60175
0.349896 1.64803
0.350471 1.67758
0.351269 1.67663
0.351899 1.64598
0.352458 1.64226
0.353081 1.66893
0.353631 1.66924
0.354057 1.68263
0.354671 1.65114
0.355217 1.61577
0.35562 1.61286
0.356032 1.68053
0.356447 1.5378
0.357285 1.6074
0.358069 1.56708
0.358625 1.64973
0.359532 1.65651
0.359955 1.63955
0.360357 1.61997
0.360834 1.71795
0.361478 1.70128
0.361923 1.69001
0.362559 1.67492
0.363138 1.62731
0.363758 1.62054
0.364232 1.58029
0.364796 1.65004
0.36522 1.6137
0.365794 1.5929
0.366419 1.65917
0.366841 1.65388
0.367227 1.62152
0.367703 1.62029
0.368498 1.62745
0.368918 1.63119
0.369327 1.62542
0.369836 1.57868
0.37034 1.6224
0.370952 1.59809
0.371427 1.64119
0.371979 1.5842
0.372528 1.6091
0.373151 1.61245
0.37354 1.66796
0.373937 1.61186
0.374366 1.75851
0.374772 1.64293
0.375298 1.65487
0.375705 1.57583
0.376269 1.6576
0.376913 1.544
0.377629 1.70604
0.378151 1.56984
0.378673 1.65766
0.379227 1.63005
0.379775 1.59253
0.380423 1.5926
0.380942 1.53799
0.381517 1.59549
0.381932 1.58597
0.382355 1.55029
0.38287 1.55711
0.383369 1.65399
0.383908 1.64157
0.38436 1.58731
0.384853 1.64835
0.385463 1.64918
0.385968 1.63852
0.386371 1.62245
0.386945 1.62093
0.387409 1.62177
0.387959 1.64746
0.38846 1.61312
0.388966 1.65554
0.389488 1.72316
0.389871 1.5689
0.390338 1.64358
0.391017 1.59861
0.391489 1.6502
0.391939 1.67462
0.39251 1.57297
0.392928 1.5565
0.393354 1.65006
0.393786 1.62545
0.394425 1.61336
0.39491 1.65082
0.395306 1.69205
0.395778 1.5935
0.39618 1.56894
0.396621 1.60513
0.39704 1.59235
0.397514 1.61818
0.397958 1.58583
0.398484 1.54259
0.398964 1.53669
0.39937 1.62091
0.399806 1.567
0.400318 1.5641
0.400759 1.61361
0.401344 1.57598
0.401726 1.55795
0.402133 1.59882
0.402677 1.48457
0.403046 1.65154
0.403463 1.58212
0.404009 1.63326
0.404384 1.54039
0.404838 1.59152
0.405401 1.56199
0.405822 1.64377
0.406225 1.58326
0.406838 1.55358
0.40735 1.5516
0.408008 1.59939
0.408548 1.6048
0.40904 1.55506
0.40948 1.48631
0.410049 1.50958
0.410606 1.57365
0.41109 1.55332
0.411521 1.63208
0.411992 1.60427
0.412564 1.53885
0.412987 1.58644
0.413482 1.57198
0.413971 1.60446
0.414563 1.49058
0.415261 1.5293
0.41569 1.53366
0.416432 1.52902
0.416807 1.59556
0.417232 1.55888
0.417691 1.51083
0.418322 1.66196
0.418862 1.64901
0.419395 1.51688
0.41978 1.64035
0.420358 1.604
0.421157 1.57973
0.421601 1.64681
0.422013 1.62213
0.422572 1.57005
0.423074 1.59791
0.423764 1.64563
0.424155 1.55117
0.424616 1.5354
0.425008 1.57146
0.425533 1.57336
0.426173 1.54113
0.426557 1.45792
0.427033 1.5499
0.427491 1.56396
0.427991 1.56112
0.428383 1.59888
0.428805 1.60957
0.429216 1.52213
0.429663 1.54517
0.430188 1.60672
0.430627 1.49585
0.431058 1.5672
0.431485 1.50131
0.432039 1.51238
0.432628 1.52493
0.433175 1.61419
0.433636 1.55195
0.43406 1.54783
0.434667 1.56058
0.435243 1.50248
0.435826 1.4882
0.436328 1.46272
0.436803 1.54236
0.437277 1.55985
0.437688 1.56754
0.438204 1.50953
0.438707 1.50225
0.439203 1.54467
0.439909 1.49972
0.440622 1.5489
0.441018 1.61192
0.441472 1.58735
0.44195 1.54661
0.442496 1.51622
0.443007 1.56799
0.443561 1.51563
0.444048 1.48803
0.444465 1.59912
0.445168 1.45705
0.445911 1.50623
0.446561 1.58029
0.447191 1.56688
0.447612 1.56987
0.448103 1.46066
0.448747 1.56321
0.449374 1.53949
0.45 1.55137
0.450721 1.49368
0.451413 1.58002
0.452033 1.51157
0.452462 1.52999
0.452877 1.51215
0.453465 1.47208
0.454162 1.51726
0.454598 1.51738
0.455208 1.48911
0.455648 1.51225
0.456288 1.42405
0.456837 1.47078
0.45724 1.47507
0.457622 1.62904
0.458076 1.50283
0.458473 1.64657
0.458929 1.55232
0.459371 1.54391
0.459816 1.52611
0.460357 1.52513
0.460728 1.51966
0.461202 1.44699
0.46528 1.53193
0.465812 1.43967
0.466542 1.51176
0.467077 1.57313
0.467475 1.51305
0.468043 1.39849
0.468572 1.59822
0.469103 1.51046
0.469813 1.43077
0.47026 1.53199
0.470693 1.46506
0.471139 1.55975
0.471675 1.47576
0.472121 1.4367
0.472514 1.55558
0.473124 1.44977
0.473684 1.49929
0.474136 1.42377
0.474578 1.46076
0.475029 1.49897
0.475433 1.49951
0.475887 1.47269
0.476328 1.46025
0.476896 1.48384
0.477574 1.49597
0.478228 1.52163
0.478656 1.46579
0.479421 1.42397
0.47988 1.43644
0.480402 1.49924
0.480986 1.34006
0.481658 1.42218
0.482338 1.37456
0.482904 1.5135
0.483551 1.48039
0.483956 1.44159
0.484411 1.55318
0.485072 1.53686
0.485618 1.53382
0.486126 1.50934
0.486668 1.45816
0.487292 1.44877
0.487745 1.40738
0.488255 1.4844
0.488838 1.44285
0.489289 1.42233
0.490404 1.48695
0.491108 1.49535
0.491663 1.45752
0.492252 1.44617
0.492798 1.46707
0.493236 1.46113
0.493725 1.45943
0.494119 1.42694
0.4947 1.46967
0.495339 1.4311
0.495935 1.47914
0.496839 1.41244
0.497212 1.4462
0.497604 1.44547
0.498266 1.50215
0.498747 1.46495
0.499489 1.61354
0.500102 1.48145
0.500768 1.50083
0.501231 1.42739
0.501646 1.51037
0.502278 1.38493
0.502726 1.56043
0.50333 1.40951
0.504057 1.50744
0.504459 1.46957
0.50499 1.43296
0.505414 1.43205
0.505857 1.38089
0.506282 1.43206
0.506802 1.43273
0.507267 1.39114
0.50773 1.40169
0.508297 1.51788
0.508726 1.48698
0.509174 1.4371
0.509744 1.49395
0.510224 1.50927
0.51061 1.4862
0.511151 1.4832
0.511625 1.46861
0.512048 1.47916
0.512531 1.50472
0.512998 1.46718
0.513443 1.51862
0.513858 1.58297
0.514538 1.42673
0.514984 1.49888
0.515463 1.44267
0.515891 1.51007
0.516327 1.54258
0.516826 1.42549
0.517215 1.40748
0.517724 1.51251
0.518297 1.49134
0.518748 1.46831
0.519216 1.5149
0.519804 1.55685
0.520265 1.44184
0.520694 1.41397
0.521221 1.45635
0.52169 1.44573
0.522195 1.47712
0.522594 1.44229
0.523073 1.40024
0.523625 1.39135
0.524076 1.48272
0.524722 1.42259
0.52515 1.41275
0.525832 1.478
0.526732 1.4326
0.527254 1.41748
0.527678 1.45259
0.52808 1.33089
0.528689 1.50661
0.529097 1.43503
0.529665 1.49939
0.530311 1.39769
0.530729 1.45617
0.531311 1.41145
0.531781 1.50111
0.532207 1.45171
0.532842 1.41042
0.533394 1.4166
0.533807 1.4643
0.534296 1.47289
0.534902 1.40884
0.535352 1.33954
0.535768 1.3718
0.536366 1.4331
0.536771 1.41827
0.537216 1.51075
0.537728 1.47928
0.538279 1.39709
0.538895 1.46263
0.539318 1.4366
0.539754 1.46891
0.540221 1.3471
0.540602 1.39352
0.541036 1.40265
0.541524 1.39554
0.542002 1.45999
0.542452 1.43105
0.542907 1.38384
0.543526 1.53146
0.544235 1.52446
0.544786 1.38309
0.545255 1.51788
0.5457 1.47914
0.546151 1.45551
0.546665 1.52854
0.54721 1.48967
0.547692 1.4411
0.548153 1.46918
0.54893 1.52894
0.549394 1.41639
0.550028 1.41229
0.550439 1.44648
0.550905 1.45357
0.551321 1.40632
0.551828 1.31721
0.552419 1.41329
0.552923 1.4373
0.55332 1.43826
0.55381 1.46844
0.554398 1.47171
0.554922 1.39363
0.555487 1.42883
0.556041 1.47494
0.556513 1.36507
0.556995 1.44972
0.557464 1.36814
0.558092 1.38128
0.55865 1.39812
0.559213 1.50165
0.559687 1.42869
0.56012 1.42665
0.560668 1.44
0.561099 1.38621
0.561496 1.36428
0.562045 1.33211
0.562483 1.42533
0.56301 1.4412
0.56374 1.4554
0.564152 1.38976
0.564683 1.37614
0.565097 1.42134
0.56552 1.37205
0.566041 1.43359
0.566599 1.50135
0.567188 1.46918
0.567663 1.42773
0.568215 1.40073
0.568687 1.45582
0.569129 1.39425
0.569669 1.37633
0.570155 1.47668
0.570559 1.32481
0.571332 1.37917
0.5718 1.46413
0.57219 1.45248
0.572684 1.45406
0.573207 1.33513
0.573621 1.44925
0.574259 1.42644
0.574662 1.43387
0.575251 1.37601
0.575814 1.46257
0.576249 1.39828
0.576795 1.41543
0.577287 1.39334
0.577688 1.35331
0.578167 1.40523
0.578707 1.40197
0.579315 1.38443
0.579731 1.39974
0.580207 1.30384
0.580791 1.35404
0.581199 1.35545
0.581783 1.52918
0.582342 1.38991
0.582719 1.54497
0.583296 1.4387
0.583718 1.43319
0.584129 1.4214
0.584671 1.41337
0.585077 1.40599
0.585752 1.32673
0.58641 1.42476
0.586929 1.32119
0.587373 1.39623
0.58785 1.47461
0.588361 1.40509
0.588833 1.27966
0.589395 1.49239
0.589807 1.39839
0.59027 1.32007
0.59102 1.42194
0.591567 1.3516
0.591949 1.44947
0.592526 1.36044
0.593106 1.32893
0.593564 1.4528
0.594082 1.33423
0.594529 1.38713
0.595212 1.31812
0.595823 1.34388
0.596376 1.38783
0.596902 1.39154
0.597454 1.36736
0.597858 1.34606
0.598316 1.368
0.598724 1.38939
0.599178 1.42415
0.599587 1.34801
0.600079 1.30321
0.600666 1.32861
0.601112 1.38469
0.601724 1.21869
0.602165 1.30957
0.602567 1.25898
0.603185 1.37427
0.603604 1.3823
0.604143 1.33237
0.604538 1.44677
0.604974 1.43375
0.605526 1.43752
0.605958 1.40524
0.606458 1.35329
0.606879 1.34107
0.607406 1.30192
0.607956 1.38094
0.608432 1.33859
0.608902 1.31892
0.609688 1.37765
0.610107 1.39361
0.610597 1.35733
0.611065 1.33695
0.611497 1.36952
0.611947 1.3556
0.612389 1.35725
0.612873 1.33718
0.61345 1.37455
0.614064 1.32719
0.614632 1.37616
0.615249 1.30683
0.61613 1.34533
0.616611 1.34028
0.617073 1.39777
0.617676 1.37609
0.618265 1.51864
0.618851 1.37909
0.619359 1.40278
0.620041 1.33742
0.620447 1.41972
0.620875 1.28852
0.621466 1.47072
0.62187 1.31146
0.622292 1.41298
0.622785 1.36879
0.623215 1.33294
0.623827 1.33244
0.624316 1.28469
0.624807 1.32745
0.625509 1.33782
0.625957 1.29179
0.626629 1.30504
0.627269 1.43283
0.627644 1.38806
0.628124 1.34479
0.628532 1.39547
0.628935 1.42189
0.629315 1.39092
0.629842 1.39815
0.630245 1.37068
0.630632 1.38977
0.631195 1.41568
0.631825 1.37661
0.632429 1.43435
0.633033 1.49243
0.633434 1.33703
0.634085 1.40536
0.63468 1.34558
0.63519 1.42081
0.635721 1.45696
0.636125 1.3328
0.636682 1.31563
0.637206 1.42575
0.637681 1.40624
0.638304 1.37719
0.638748 1.42836
0.639163 1.46833
0.639823 1.34527
0.640254 1.31417
0.640643 1.36119
0.641117 1.35293
0.641519 1.38877
0.642152 1.35235
0.642563 1.31528
0.643077 1.30087
0.643513 1.39651
0.644199 1.33202
0.644638 1.31818
0.645154 1.39179
0.645626 1.34165
0.646117 1.3299
0.646508 1.35948
0.646998 1.23569
0.647587 1.41417
0.648008 1.34056
0.648574 1.41336
0.649089 1.30787
0.649516 1.36932
0.650105 1.31699
0.650502 1.41019
0.650943 1.36807
0.65154 1.32029
0.651933 1.33298
0.652398 1.38028
0.652861 1.38844
0.653243 1.31761
0.65389 1.24886
0.654303 1.285
0.654689 1.34428
0.655187 1.33191
0.655626 1.43447
0.656222 1.40236
0.656609 1.30692
0.657028 1.38433
0.657456 1.35033
0.657855 1.38233
0.658257 1.25577
0.658693 1.3071
0.659214 1.32041
0.659699 1.31312
0.660141 1.37252
0.660671 1.3497
0.66131 1.30381
0.661869 1.44635
0.662278 1.44347
0.662721 1.30053
0.663209 1.43832
0.663627 1.4
0.664149 1.37445
0.664709 1.45284
0.665132 1.40361
0.66567 1.35944
0.666261 1.38622
0.666713 1.45161
0.667424 1.3306
0.667855 1.33586
0.668287 1.36608
0.668797 1.37682
0.669257 1.31917
0.669641 1.22865
0.670042 1.32503
0.670616 1.35593
0.670982 1.36021
0.671375 1.38439
0.671899 1.38264
0.67249 1.31057
0.672952 1.35503
0.673483 1.38913
0.673948 1.28266
0.674685 1.3741
0.6751 1.28086
0.675571 1.29722
0.676094 1.31927
0.676757 1.43135
0.677462 1.34806
0.678077 1.3486
0.678488 1.36366
0.679004 1.31274
0.679386 1.28758
0.680156 1.24933
0.680769 1.35036
0.681451 1.36616
0.682021 1.38376
0.682542 1.3146
0.683106 1.29576
0.683653 1.34201
0.684182 1.29075
0.684725 1.36147
0.685541 1.4293
0.685992 1.3908
0.686571 1.35202
0.687113 1.32849
0.687593 1.38485
0.688106 1.31624
0.688558 1.30608
0.689005 1.39629
0.689519 1.24141
0.689918 1.29723
0.690481 1.38906
0.691085 1.3781
0.691684 1.38024
0.692127 1.25566
0.692602 1.37673
0.693047 1.35341
0.693528 1.35834
0.694123 1.30282
0.694591 1.38705
0.695137 1.32601
0.695631 1.34224
0.696107 1.31788
0.696512 1.27869
0.697293 1.3347
0.697721 1.32836
0.698198 1.3175
0.698835 1.32792
0.699454 1.22703
0.699925 1.27953
0.700373 1.27792
0.700759 1.46525
0.701142 1.31779
0.701701 1.47791
0.702147 1.36507
0.702574 1.36288
0.703114 1.35574
0.7036 1.34132
0.703996 1.33222
0.704594 1.24928
0.705088 1.357
0.705663 1.24686
0.70613 1.32131
0.706614 1.41231
0.707153 1.33587
0.707599 1.20477
0.708064 1.42207
0.708523 1.32613
0.709054 1.24969
0.709556 1.35122
0.710127 1.27867
0.710612 1.3771
0.711056 1.28663
0.711582 1.26234
0.712086 1.38682
0.712521 1.26017
0.713092 1.3147
0.713499 1.25157
0.7139 1.26753
0.714378 1.31552
0.714776 1.32346
0.715298 1.30053
0.715713 1.27165
0.716201 1.29262
0.716654 1.32062
0.717171 1.36139
0.717625 1.27099
0.718146 1.22428
0.718582 1.25853
0.718989 1.30965
0.719455 1.14119
0.719851 1.23743
0.720225 1.18649
0.720804 1.31013
0.721204 1.33718
0.721795 1.31641
0.72226 1.26308
0.722764 1.37692
0.723326 1.36694
0.723787 1.37551
0.724211 1.33675
0.724607 1.28481
0.725018 1.27028
0.725518 1.23423
0.725945 1.31352
0.726511 1.27115
0.72703 1.2534
0.727453 1.30641
0.727847 1.32454
0.728229 1.29296
0.728791 1.26507
0.729233 1.30752
0.72974 1.28725
0.730189 1.29165
0.730717 1.27923
0.731275 1.31134
0.731785 1.25924
0.732322 1.3074
0.732849 1.2385
0.733388 1.27975
0.733952 1.27053
0.734499 1.32994
0.734975 1.31913
0.735467 1.4547
0.735999 1.31159
0.736416 1.33757
0.736906 1.27859
0.737383 1.36071
0.73794 1.22694
0.738361 1.4129
0.738851 1.24832
0.739405 1.35089
0.739842 1.30294
0.740262 1.26688
0.740738 1.26788
0.741162 1.22261
0.741828 1.25769
0.742275 1.27453
0.742693 1.22659
0.743216 1.2425
0.743787 1.37633
0.744223 1.32237
0.744631 1.28491
0.745151 1.32984
0.745582 1.36462
0.746007 1.32873
0.746764 1.34263
0.747296 1.30453
0.747785 1.33064
0.748253 1.35746
0.748694 1.31787
0.749205 1.3793
0.749677 1.43276
0.750053 1.27686
0.750573 1.34227
0.751146 1.28242
0.751547 1.36092
0.752058 1.39836
0.752546 1.2721
0.753143 1.25533
0.753611 1.36792
0.754169 1.34919
0.754667 1.31683
0.75511 1.37074
0.755607 1.40845
0.756207 1.28087
0.756734 1.24767
0.757189 1.29861
0.757672 1.29152
0.758398 1.33052
0.758848 1.29312
0.759411 1.26182
0.759784 1.24158
0.760242 1.34023
0.760769 1.27249
0.76117 1.25651
0.761594 1.33406
0.762166 1.28119
0.762733 1.27192
0.763185 1.29717
0.763601 1.17386
0.764201 1.3531
0.764606 1.27723
0.765203 1.35517
0.765597 1.24831
0.766056 1.31113
0.766472 1.25549
0.766861 1.3499
0.767283 1.31222
0.767734 1.26126
0.768161 1.27794
0.768689 1.32582
0.769115 1.33177
0.769487 1.2586
0.769873 1.19019
0.770271 1.22744
0.770694 1.28558
0.77112 1.27357
0.771609 1.38351
0.772019 1.35248
0.772464 1.24727
0.773083 1.33177
0.773536 1.29257
0.773995 1.32487
0.774487 1.19503
0.775048 1.24975
0.775547 1.26598
0.776029 1.25936
0.776647 1.3136
0.777227 1.29522
0.777959 1.25056
0.778371 1.38896
0.778985 1.38842
0.779524 1.24722
0.780187 1.38456
0.780964 1.34738
0.781493 1.31885
0.781924 1.4025
0.782368 1.34517
0.782967 1.3059
0.783643 1.33054
0.784238 1.39763
0.784624 1.27371
0.785025 1.28612
0.785556 1.31156
0.786109 1.32565
0.786687 1.26077
0.787169 1.17031
0.787735 1.26595
0.788239 1.30155
0.788862 1.30844
0.789316 1.32842
0.789861 1.32294
0.790278 1.25474
0.79073 1.30508
0.791377 1.33165
0.792101 1.22834
0.792684 1.32295
0.793276 1.22137
0.79384 1.24085
0.794396 1.26784
0.795186 1.38535
0.795934 1.29301
0.796364 1.29606
0.797011 1.31258
0.797427 1.26354
0.797961 1.238
0.79858 1.19495
0.799001 1.29962
0.799858 1.3164
0.800381 1.33591
0.800856 1.26522
0.801386 1.24266
0.80178 1.28887
0.80227 1.23702
0.802832 1.3138
0.8035 1.38011
0.804126 1.33667
0.80467 1.30178
0.80506 1.28052
0.805553 1.33742
0.805972 1.26442
0.80671 1.25956
0.807254 1.34186
0.807804 1.18664
0.808199 1.24216
0.808656 1.33861
0.809219 1.32766
0.809716 1.3308
0.810188 1.20337
0.810837 1.32887
0.811302 1.30389
0.811814 1.30773
0.812424 1.25522
0.812819 1.33647
0.813448 1.2779
0.813987 1.29341
0.81461 1.26784
0.815178 1.22976
0.815658 1.28852
0.816145 1.27918
0.816576 1.27184
0.8172 1.27996
0.817849 1.17569
0.818525 1.22955
0.819197 1.22531
0.81975 1.42213
0.820198 1.26986
0.820733 1.43188
0.821456 1.31515
0.822055 1.31627
0.822452 1.31247
0.82318 1.29323
0.82358 1.28255
0.824254 1.19751
0.824775 1.31154
0.82545 1.19801
0.826203 1.27068
0.827008 1.37087
0.827604 1.28973
0.828098 1.15563
0.828719 1.37385
0.82927 1.27752
0.829714 1.20305
0.830246 1.3042
0.830782 1.23017
0.831279 1.32795
0.831665 1.2375
0.832107 1.21893
0.832642 1.34228
0.833198 1.21075
0.833627 1.26599
0.834086 1.20719
0.834719 1.2157
0.835125 1.26651
0.835839 1.27861
0.836553 1.25633
0.837094 1.22154
0.837594 1.2417
0.838171 1.27414
0.838715 1.31886
0.83931 1.21921
0.839847 1.17071
0.840336 1.21067
0.840812 1.25893
0.841322 1.08981
0.841778 1.18914
0.842382 1.13898
0.843075 1.27096
0.843465 1.27293
0.843904 1.21699
0.844416 1.32915
0.844849 1.32158
0.845414 1.33565
0.846031 1.29036
0.846519 1.23925
0.846986 1.22222
0.847588 1.18952
0.848046 1.26845
0.848446 1.22617
0.849048 1.21025
0.849504 1.25878
0.850051 1.2775
0.850638 1.25049
0.851215 1.21605
0.851788 1.26697
0.852336 1.24107
0.85272 1.24777
0.853154 1.24024
0.853708 1.26892
0.854227 1.21345
0.854702 1.26055
0.85527 1.19282
0.855759 1.23527
0.85636 1.22295
0.856802 1.28477
0.857344 1.28133
0.857762 1.41094
0.858305 1.26566
0.858747 1.29339
0.859262 1.238
0.85974 1.32121
0.860152 1.18635
0.860785 1.37412
0.861231 1.20617
0.861623 1.30833
0.862096 1.25858
0.862493 1.22189
0.863063 1.22501
0.863556 1.18133
0.864008 1.21
0.864533 1.23091
0.86509 1.18288
0.865548 1.20107
0.865983 1.33765
0.866533 1.27781
0.867035 1.24473
0.867582 1.28561
0.868174 1.32598
0.868622 1.28679
0.869156 1.30513
0.869634 1.25868
0.870105 1.2903
0.870597 1.31863
0.871031 1.27835
0.871722 1.34179
0.872317 1.39264
0.87274 1.23511
0.873245 1.29881
0.87391 1.2403
0.874344 1.31979
0.874831 1.35747
0.875396 1.23121
0.875837 1.21428
0.876284 1.3282
0.876731 1.30976
0.877097 1.27561
0.877583 1.33129
0.878042 1.36701
0.878536 1.23685
0.879021 1.20243
0.879455 1.25657
0.88003 1.24974
0.880513 1.29087
0.880889 1.25298
0.881433 1.22662
0.881879 1.20106
0.882303 1.30166
0.882845 1.23217
0.883309 1.21518
0.883761 1.29446
0.884232 1.23994
0.884711 1.23221
0.885261 1.25419
0.885713 1.13193
0.886131 1.31144
0.886577 1.23394
0.887255 1.31479
0.88774 1.20767
0.888152 1.27116
0.888679 1.21419
0.889068 1.30913
0.889524 1.27398
0.890028 1.22163
0.89045 1.24033
0.890827 1.28935
0.891223 1.29264
0.891705 1.2196
0.892108 1.15059
0.892655 1.18811
0.893113 1.24556
0.893556 1.23303
0.89416 1.34818
0.894588 1.3189
0.894994 1.20672
0.8958 1.29546
0.896191 1.2527
0.896656 1.28581
0.897175 1.15364
0.89766 1.21065
0.89834 1.22861
0.898762 1.2232
0.899273 1.27309
0.899733 1.25787
0.900179 1.2138
0.900608 1.34951
0.900985 1.35036
0.901656 1.21133
0.902052 1.34744
0.902643 1.31156
0.903117 1.27996
0.903545 1.36826
0.904274 1.30461
0.904653 1.26948
0.905215 1.29229
0.905912 1.35919
0.906316 1.23505
0.906709 1.25256
0.90714 1.27339
0.907573 1.29069
0.908204 1.22085
0.908634 1.13068
0.909096 1.22576
0.909588 1.2642
0.909996 1.27346
0.910607 1.29044
0.911022 1.28224
0.911425 1.21659
0.912021 1.26995
0.912411 1.29258
0.912835 1.19134
0.913364 1.28748
0.913969 1.18022
0.914441 1.20227
0.915007 1.23358
0.915481 1.35449
0.915997 1.25469
0.916418 1.25987
0.917016 1.27743
0.917549 1.22976
0.91794 1.2051
0.918532 1.15847
0.91895 1.26438
0.91943 1.28245
0.919901 1.30309
0.92031 1.2318
0.920812 1.20682
0.921233 1.2527
0.921805 1.20083
0.92231 1.28089
0.92274 1.34614
0.923191 1.29896
0.923606 1.26769
0.924181 1.24756
0.92462 1.30464
0.925029 1.22917
0.925574 1.22804
0.926074 1.30426
0.926467 1.1499
0.927186 1.20423
0.927662 1.30394
0.928101 1.29278
0.928678 1.29689
0.929106 1.16794
0.9295 1.29634
0.930138 1.26922
0.930689 1.27308
0.931183 1.22333
0.931595 1.30171
0.932153 1.24519
0.932645 1.26013
0.933039 1.23345
0.933519 1.19677
0.933965 1.25743
0.934439 1.2456
0.935054 1.23959
0.935722 1.24711
0.936314 1.14052
0.936754 1.1949
0.937205 1.1887
0.93775 1.39223
0.938212 1.23744
0.938708 1.3998
0.939132 1.28026
0.939701 1.2843
0.940194 1.28295
0.94057 1.26025
0.941006 1.24827
0.941498 1.16202
0.941994 1.28008
0.942444 1.16468
0.942929 1.23572
0.943327 1.3425
0.943836 1.2583
0.944252 1.12242
0.944751 1.34026
0.945172 1.24395
0.94572 1.17127
0.946154 1.27223
0.946804 1.19722
0.947237 1.29391
0.947697 1.20401
0.948121 1.18956
0.948751 1.31143
0.949213 1.17697
0.949641 1.23229
0.950037 1.17649
0.9505 1.17967
0.950953 1.23255
0.951408 1.24813
0.951886 1.22617
0.952299 1.18704
0.952868 1.20666
0.953246 1.24199
0.953773 1.2894
0.954216 1.18374
0.95467 1.13354
0.95536 1.17705
0.955772 1.22423
0.956372 1.05492
0.956783 1.15603
0.957285 1.10675
0.957946 1.23869
0.958445 1.24132
0.959037 1.18504
0.959529 1.29606
0.959956 1.29039
0.960496 1.30818
0.960994 1.25779
0.961523 1.2072
0.961933 1.18831
0.9624 1.15884
0.962983 1.23683
0.963566 1.1947
0.964206 1.1809
0.964975 1.22608
0.965423 1.24372
0.966036 1.2212
0.966544 1.18197
0.967081 1.23919
0.967566 1.20895
0.96818 1.21727
0.968718 1.21276
0.969263 1.23916
0.969766 1.18154
0.970238 1.22734
0.970691 1.16096
0.97113 1.20394
0.971725 1.18948
0.972186 1.25339
0.972757 1.25499
0.973301 1.37995
0.973905 1.23347
0.974578 1.2625
0.975083 1.20862
0.975529 1.29324
0.975926 1.15844
0.97634 1.34709
0.976908 1.17694
0.977334 1.27818
0.97774 1.22798
0.978223 1.19021
0.978728 1.19552
0.979186 1.15284
0.979667 1.17633
0.980109 1.19956
0.980605 1.15256
0.981073 1.17261
0.981571 1.3101
0.98211 1.2466
0.982718 1.21643
0.983142 1.25465
0.983601 1.29893
0.984206 1.2574
0.984743 1.27848
0.985313 1.22578
0.98576 1.26194
0.986255 1.29177
0.986792 1.25091
0.987508 1.31519
0.98789 1.36502
0.988427 1.20514
0.988838 1.26797
0.989375 1.21111
0.990046 1.29065
0.990437 1.32808
0.990871 1.20257
0.991467 1.1854
0.991905 1.30004
0.992427 1.28145
0.992871 1.24631
0.993296 1.30323
0.993702 1.33743
0.994293 1.20568
0.995084 1.17079
0.995657 1.22746
0.996108 1.22018
0.996553 1.26268
0.997508 1.22472
0.99802 1.20235
0.9985 1.17232
0.999036 1.27414
0.999603 1.20382
1.00014 1.18652
1.00062 1.26623
1.0014 1.21082
1.00189 1.20398
1.00262 1.22363
1.00315 1.10239
1.00368 1.28198
1.00412 1.20341
1.00455 1.28573
1.0051 1.17881
1.00606 1.24282
1.0065 1.18555
1.00705 1.28046
1.00762 1.24692
1.00806 1.19416
1.0085 1.21352
1.00897 1.26385
1.00939 1.26471
1.01015 1.19289
1.01073 1.12274
1.01121 1.16041
1.01164 1.21733
1.01226 1.20394
1.01268 1.32275
1.01308 1.2955
1.01402 1.17825
1.01455 1.26975
1.01498 1.22429
1.01544 1.25834
1.01593 1.12452
1.01638 1.18314
1.01692 1.20192
1.01737 1.19786
1.01786 1.24432
1.01839 1.23153
1.01879 1.18747
1.01927 1.32148
1.01975 1.32311
1.02016 1.18622
1.02056 1.32096
1.02113 1.28637
1.02155 1.25192
1.02206 1.34403
1.02276 1.27556
1.02318 1.24379
1.02364 1.26501
1.02406 1.33098
1.0246 1.20786
1.02503 1.2291
1.02546 1.24556
1.02589 1.26586
1.0263 1.19284
1.02687 1.10286
1.0273 1.19758
1.02814 1.23759
1.02866 1.24905
1.02905 1.26363
1.02955 1.2535
1.03001 1.18972
1.03047 1.24421
1.03106 1.26525
1.03162 1.16525
1.03211 1.26195
1.03261 1.15111
1.03307 1.17503
1.03348 1.20991
1.03412 1.33296
1.03467 1.2273
1.03512 1.23415
1.03568 1.25216
1.03621 1.20571
1.03664 1.18242
1.03703 1.13314
1.0375 1.23902
1.03811 1.25838
1.03856 1.2797
1.03895 1.20833
1.03952 1.18181
1.0399 1.22727
1.04036 1.17564
1.04084 1.25717
1.04134 1.32189
1.04173 1.27187
1.04229 1.24374
1.04314 1.22402
1.04375 1.2811
1.04423 1.20441
1.04478 1.20582
1.04529 1.27747
1.04597 1.12435
1.04641 1.17723
1.04723 1.2792
1.04766 1.26772
1.04817 1.27267
1.0488 1.14306
1.04942 1.2734
1.0498 1.24411
1.0504 1.24851
1.05085 1.20118
1.05145 1.27697
1.05193 1.22223
1.05257 1.23663
1.05354 1.20882
1.05421 1.17371
1.05464 1.23565
1.05507 1.22173
1.05546 1.21602
1.05607 1.22379
1.05661 1.11563
1.05709 1.17
1.05753 1.16235
1.05802 1.3707
1.05847 1.21481
1.05896 1.3768
1.05961 1.25501
1.0603 1.26165
1.06072 1.262
1.06116 1.23688
1.06184 1.22385
1.06227 1.13689
1.0627 1.25727
1.06315 1.14099
1.06358 1.21069
1.06402 1.32222
1.06469 1.23613
1.06508 1.09914
1.06563 1.31623
1.06625 1.2199
1.06671 1.14884
1.06737 1.24973
1.06799 1.17409
1.06846 1.26961
1.06901 1.18043
1.06942 1.16884
1.06986 1.28918
1.07034 1.15314
1.07084 1.20815
1.07139 1.1543
1.07211 1.15384
1.0725 1.20818
1.07308 1.22662
1.07352 1.2048
1.07397 1.16255
1.07439 1.18169
1.07487 1.21888
1.07557 1.26828
1.0761 1.15878
1.07664 1.10681
1.07708 1.15252
1.0776 1.19977
1.07815 1.03032
1.07856 1.13252
1.07902 1.08397
1.07939 1.2185
1.0798 1.25191
1.08018 1.21681
1.0807 1.16202
1.08112 1.27264
1.08158 1.26829
1.08215 1.28846
1.08264 1.2343
1.08302 1.18369
1.08349 1.1638
1.08395 1.13703
1.08451 1.21348
1.08493 1.17186
1.08542 1.16013
1.08583 1.2028
1.08631 1.21853
1.0867 1.20009
1.08727 1.15769
1.08769 1.21945
1.08825 1.1859
1.08866 1.19536
1.08916 1.19265
1.08968 1.21741
1.09019 1.15852
1.09062 1.20305
1.09109 1.13789
1.09169 1.18119
1.09216 1.16521
1.09263 1.23083
1.09306 1.23573
1.09347 1.35723
1.09404 1.21026
1.09445 1.24018
1.09493 1.18662
1.09535 1.27244
1.09575 1.13845
1.09632 1.32771
1.09673 1.15592
1.09728 1.25613
1.09782 1.20632
1.09823 1.16716
1.09866 1.17451
1.09906 1.13249
1.09955 1.15178
1.10016 1.17627
1.10067 1.13085
1.10135 1.15236
1.10195 1.2898
1.10237 1.22413
1.10283 1.19565
1.10328 1.23218
1.10373 1.27937
1.10414 1.2361
1.10456 1.25865
1.10505 1.20145
1.10545 1.24144
1.10592 1.2725
1.1063 1.23127
1.10669 1.29561
1.10715 1.34556
1.10763 1.183
1.10808 1.2455
1.1086 1.19016
1.10903 1.26935
1.10965 1.30639
1.11006 1.18177
1.11056 1.16451
1.11103 1.27947
1.11143 1.26046
1.1119 1.22465
1.11247 1.28255
1.11298 1.3157
1.11347 1.18286
1.11406 1.14811
1.11453 1.20671
1.1151 1.19854
1.11564 1.24185
1.11618 1.2041
1.11668 1.18496
1.11741 1.15132
1.11783 1.25386
1.11839 1.18319
1.11878 1.16601
1.11971 1.24531
1.1201 1.1896
1.12053 1.18338
1.1209 1.20136
1.12138 1.08088
1.12191 1.2605
1.12249 1.18123
1.12289 1.26415
1.12341 1.15748
1.12396 1.22204
1.12441 1.16515
1.12498 1.25946
1.12557 1.22728
1.12594 1.17452
1.12662 1.19373
1.12713 1.24541
1.1276 1.24419
1.12825 1.17398
1.12876 1.10257
1.12961 1.14036
1.13002 1.19681
1.13067 1.18249
1.13132 1.30391
1.13176 1.27866
1.1324 1.1577
1.13291 1.25119
1.13354 1.20346
1.13403 1.23841
1.13454 1.1034
1.13492 1.16319
1.13536 1.18227
1.1359 1.17936
1.13631 1.22325
1.13686 1.21239
1.13765 1.16812
1.13824 1.30093
1.13897 1.3028
1.1396 1.16811
1.14002 1.30148
1.14059 1.26808
1.14113 1.23113
1.1418 1.32618
1.1422 1.25421
1.14266 1.22516
1.14312 1.24487
1.14385 1.30968
1.14426 1.18818
1.14482 1.21221
1.14554 1.22455
1.14595 1.24758
1.14638 1.17263
1.14686 1.08274
1.1475 1.17718
1.14794 1.218
1.14853 1.23144
1.14893 1.24394
1.14931 1.23255
1.14983 1.17024
1.15045 1.22468
1.15085 1.24567
1.15124 1.14636
1.15183 1.24301
1.15222 1.13005
1.15264 1.15522
1.15302 1.19293
1.15367 1.31735
1.15432 1.20725
1.15476 1.21531
1.15516 1.23324
1.1561 1.18803
1.15676 1.16618
1.15733 1.11497
1.15773 1.22021
1.15812 1.24065
1.15858 1.26243
1.15897 1.19132
1.15954 1.16383
1.15993 1.20874
1.16048 1.15754
1.16113 1.23948
1.16158 1.30395
1.16198 1.25183
1.16243 1.22636
1.16295 1.20662
1.16349 1.2636
1.164 1.18656
1.16468 1.18958
1.16543 1.2578
1.16583 1.10599
1.16626 1.1574
1.16681 1.26091
1.16762 1.24902
1.16814 1.25468
1.16869 1.12506
1.16935 1.25667
1.16999 1.22539
1.17041 1.2305
1.17086 1.1853
1.1713 1.25877
1.17196 1.20561
1.17241 1.21947
1.17314 1.19053
1.17353 1.15706
1.17428 1.21985
1.17478 1.20419
1.17541 1.19826
1.17586 1.20667
1.17643 1.09747
1.17688 1.15149
1.17733 1.14289
1.17795 1.35464
1.1784 1.19849
1.17891 1.35979
1.17953 1.23617
1.17997 1.24515
1.18059 1.24661
1.18101 1.21984
1.18173 1.20601
1.18221 1.11859
1.18277 1.24003
1.18337 1.12364
1.18396 1.19214
1.18435 1.30713
1.1849 1.21998
1.18533 1.08226
1.18589 1.29854
1.18643 1.20209
1.18703 1.13244
1.18757 1.23342
1.18803 1.15735
1.18858 1.25175
1.18902 1.16335
1.18955 1.15373
1.19008 1.27247
1.19062 1.13586
1.19107 1.19035
1.19159 1.13764
1.19209 1.1348
1.19249 1.1901
1.19314 1.21092
1.19384 1.18915
1.19442 1.14466
1.19494 1.16331
1.19547 1.20164
1.19593 1.25262
1.19635 1.14074
1.19692 1.08693
1.19744 1.13408
1.19804 1.18203
1.19844 1.01237
1.19893 1.11525
1.19947 1.06732
1.19996 1.20308
Avg iter time = 0.000499201 seconds
