0.0823343872259 2.5249165689
0.0916685069952 2.51912956622
0.101020404535 2.51699910202
0.109996993581 2.51753745475
0.117675410301 2.50766259638
0.125801431782 2.51786503702
0.137616933287 2.50884398853
0.155267889277 2.50731266635
0.162002108839 2.49955353669
0.170545710402 2.50678455215
0.178133658021 2.50765415176
0.184598445591 2.50294159705
0.190728616008 2.50710782557
0.197138490019 2.50326209916
0.205004165924 2.50520555838
0.214760606514 2.50488452482
0.222654726852 2.50072527236
0.235513981032 2.49955128572
0.241642571203 2.49914855138
0.247820544071 2.49491755049
0.257905675889 2.49920873515
0.264456981943 2.5001098834
0.271480386576 2.4971260439
0.277962556854 2.49330909087
0.284676628276 2.50062395482
0.294507735503 2.49609261966
0.302639287846 2.49683883076
0.31321824663 2.49919241354
0.320664367145 2.49858663954
0.328035821023 2.49201123702
0.334789398602 2.49270450922
0.3412261368 2.48768508382
0.34756806022 2.49455549351
0.354080255178 2.48696426621
0.36045773414 2.49287891108
0.365988991214 2.49150638333
0.372274025768 2.48936745993
0.380543849662 2.48232358917
0.387346019814 2.48960910672
0.394852979811 2.48797887042
0.401121421779 2.4841114101
0.4065689258 2.49139876115
0.413499095902 2.4892381502
0.421296821216 2.48193549155
0.428411485072 2.48575436235
0.436123877087 2.4882511412
0.442550343684 2.49101059569
0.452091080655 2.47946919113
0.458210979472 2.48096939765
0.463326236711 2.48617414676
0.507922367241 2.48980162411
0.514662512726 2.48201967209
0.520722757245 2.48443901514
0.526582705548 2.47811275728
0.532963345002 2.48437018606
0.539261416588 2.48042598918
0.545348525294 2.4810612686
0.553346151764 2.48383803477
0.559620914718 2.47366348267
0.567249158618 2.47693818791
0.572775674953 2.47712076468
0.578177351831 2.48257420651
0.583970139666 2.47807393634
0.589455569598 2.46943316164
0.596066529949 2.47967056804
0.60208450288 2.47594421696
0.609841536853 2.4688181446
0.617887360835 2.47320402996
0.62571037009 2.47650806218
0.631150763002 2.46990076814
0.636820686688 2.47217626288
0.64253722764 2.47089515203
0.648945916466 2.47334805935
0.654349568652 2.46819343074
0.66080645499 2.47102394475
0.666227094824 2.47021146098
0.673854153539 2.4694715823
0.682046150303 2.46776008206
0.687310345754 2.4698675318
0.693248121186 2.46099337615
0.69986737783 2.46709261806
0.705613153338 2.4641562555
0.711149151151 2.46600653144
0.716898087151 2.46321476724
0.724640108784 2.46438445211
0.732077933006 2.45190245929
0.738359412006 2.46552046454
0.744452446636 2.46443384805
0.751457678436 2.46440518085
0.759113971708 2.45783837746
0.765809475236 2.46172773854
0.773684237557 2.46047235083
0.779998901729 2.47065535793
0.786436825111 2.46294752934
0.793409661863 2.46076316037
0.801212522978 2.4538645319
0.808863680449 2.45979566126
0.815340319866 2.45309823578
0.821061996617 2.4543449268
0.828576857846 2.44830198444
0.834596015962 2.44893608751
0.840909099888 2.45084979976
0.847076406093 2.4556826663
0.85328914438 2.4546466249
0.858435216421 2.45895866261
0.865852497441 2.44648476547
0.872218914679 2.45260850946
0.877512344686 2.44793082563
0.889735944796 2.44580490542
0.89574720168 2.44038487273
0.902424927437 2.44174172678
0.907844382086 2.44973694079
0.914383441231 2.44396304038
0.920267093228 2.45480899003
0.92794353464 2.44211516075
0.934063038395 2.43796853302
0.941536418158 2.45489743692
0.947023428336 2.44696983399
0.954644561128 2.44073538319
0.961340064656 2.44796617202
0.96816791381 2.4419844061
0.97430361509 2.44154424421
0.979602575959 2.44593146515
0.986374721432 2.44869674941
0.991596645295 2.43249116954
0.997972939072 2.4471454726
1.00428641806 2.44403779146
1.01059673655 2.44166852537
1.01694537602 2.43510532067
1.02455189154 2.43482971975
1.0307946545 2.42628436986
1.03735109636 2.43266736109
1.04393045178 2.42842147386
1.05090644902 2.43172932967
1.05681380472 2.43461615274
1.06312965407 2.43170135784
1.06953518241 2.43603011841
1.07690979678 2.44108849717
1.08445744812 2.42443646029
1.09034663097 2.42320036292
1.10454632907 2.43827344484
1.11046395636 2.42194085894
1.11701052167 2.4250890846
1.12333545745 2.42600268582
1.12910691196 2.42286083166
1.13538088479 2.42120696666
1.14048587043 2.43458761117
1.14693050985 2.42514929706
1.1537461121 2.41632208016
1.16008131947 2.42382403125
1.16655242803 2.41730531531
1.17554758497 2.41274924724
1.18188911333 2.40601297582
1.18732358032 2.41708426261
1.19424624425 2.41817103934
1.200737896 2.42271153532
1.20681157262 2.40885336792
1.21333008856 2.40606675476
1.21985808598 2.42011575271
1.22760840391 2.4067373709
1.23504543801 2.41828513979
1.24446489108 2.41457581581
1.25088661693 2.41741958296
1.25780572531 2.40824943613
1.26380631553 2.40822339053
1.27106359662 2.41382673921
1.27735495216 2.40496959169
1.28312719679 2.39885967429
1.28967099667 2.41737786964
1.29589677199 2.39882965222
1.30150309076 2.40641074821
1.30840007569 2.40867414548
1.31617923311 2.40716314284
1.32207750239 2.40269998529
1.32867621583 2.39877377812
1.3351698429 2.40320984153
1.34208105004 2.39736554073
1.3486240598 2.39823205969
1.35543452625 2.39515625111
1.36178198053 2.40558181077
1.36919017513 2.391140721
1.37559175285 2.3932760619
1.38639866216 2.39170917301
1.39310601754 2.38575812315
1.39834413893 2.39380254692
1.40589218533 2.38811625911
1.41205040512 2.37605528097
1.41940210592 2.38372926626
1.42641918956 2.37321262326
1.43211953299 2.37773515836
1.43832160461 2.38061885089
1.44407133074 2.39673551608
1.45054678497 2.37216824092
1.45734421438 2.40155459017
1.46380623652 2.3891262753
1.47075299921 2.38174025121
1.47850410726 2.38570915022
1.48416889514 2.37596117667
1.49027378162 2.37836512402
1.49800039585 2.36685608878
1.50480730674 2.37758991161
1.51098172406 2.36966303208
1.51746468446 2.37593439915
1.52652384137 2.38222039997
1.53339751767 2.36535895563
1.53913460182 2.35756776802
1.54452877253 2.37859854808
1.55086832558 2.36509600189
1.55734338475 2.35179012112
1.56369202422 2.37742770392
1.57153597174 2.36284488172
1.57742080892 2.37460307298
1.58389349772 2.35478447465
1.58905181667 2.34908115153
1.59565764122 2.36199035344
1.60136509576 2.34758154506
1.60834504362 2.35422318776
1.61411333763 2.33775626016
1.62049121166 2.34967826456
1.62573170341 2.35905737301
1.63486078623 2.35089241567
1.6426178202 2.33495526672
1.65172319932 2.34565457814
1.65821287577 2.35610094124
1.6710602781 2.34444959148
1.67887380588 2.34581383973
1.68688960518 2.33579218716
1.69337296064 2.34022312925
1.69955448906 2.33352242578
1.70667823934 2.34743768224
1.71375023654 2.31298158242
1.7211209003 2.32859404876
1.729177786 2.31943247122
1.73588040064 2.32242953883
1.74527377964 2.31492301215
1.75195229553 2.32419361627
1.75869441632 2.34131796578
1.76581698141 2.33843982656
1.77336739818 2.33624706647
1.78047218549 2.33553687816
1.78772828139 2.31912950534
1.79475879713 2.31564111366
1.80009212836 2.30523631087
1.80654229865 2.32096981166
1.81610436895 2.3114232868
1.82193626788 2.30695423403
1.82781873469 2.32511552981
1.83387107798 2.31226570671
1.84185961803 2.30839545154
1.84773339349 2.30739975999
1.85410494653 2.29855992867
1.85955047524 2.29742160573
1.8660575344 2.30618318269
1.87230859366 2.28246482227
1.87885950465 2.2878870254
1.88837219225 2.2878759889
1.89468646136 2.30205963948
1.90060369359 2.2721064202
1.90703055525 2.29194652086
1.914908083 2.28310093853
1.9209130189 2.31096798784
1.92675914005 2.28689203967
1.93326698933 2.3240333212
1.93924901165 2.2975828378
1.94547281167 2.28549589945
1.95253137678 2.26005089392
1.95775330064 2.29579721328
1.96432673014 2.25996085909
1.97023013522 2.29873592365
1.97698726835 2.2586260989
1.98382104343 2.27687018702
1.99049284326 2.26292388338
1.99621531014 2.26547344913
2.00142577721 2.2608903221
2.00846182382 2.23627583555
2.01555041361 2.26569415562
2.02931277854 2.26076213677
2.03545717118 2.24285456163
2.04163751441 2.24666334591
2.04799998104 2.27214311115
2.05540699046 2.26843095945
2.06339908606 2.24688992054
2.06936807136 2.26548713693
2.07681419188 2.25807196561
2.08201438735 2.27697121324
2.08912786602 2.25347317284
2.09657043098 2.24403131435
2.10414415639 2.24895084525
2.11096410431 2.26522829751
2.1166308675 2.23129109197
2.12324301304 2.25885155102
2.12959086238 2.28589103059
2.13610266228 2.21959252641
2.14271638806 2.24282742272
2.14912942257 2.23118680315
2.15545317315 2.25948651406
2.16172872623 2.24410485975
2.17141405574 2.21155785026
2.17814867036 2.21480710915
2.18501602567 2.25746868668
2.19267152882 2.22282996571
2.2003637727 2.24229642157
2.20796001661 2.24449884953
2.21495616199 2.25078685279
2.22256149232 2.21396600766
2.22910608233 2.21706949399
2.23639931402 2.22534739747
2.24243664496 2.19700468166
2.2492400003 2.2260802171
2.25550251634 2.19582089255
2.2610432549 2.17195715209
2.26690912912 2.18119076077
2.272657275 2.21325865294
2.27864127264 2.18472234475
2.286445714 2.18553085176
2.29319020516 2.19507642818
2.30088521447 2.19108287194
2.30684906396 2.17815234682
2.31295592575 2.19084519445
2.31877241728 2.11329111735
2.32429853855 2.21301998162
2.33090791865 2.1920234529
2.33652766952 2.18883685884
2.34304500028 2.15642496375
2.34883660293 2.17220758011
2.35576203229 2.1632304387
2.36112854869 2.21512730188
2.36824992859 2.1771207692
2.37449585205 2.17850835055
2.38124547901 2.15422470688
2.38744755064 2.18846837818
2.39384320243 2.14884933461
2.40031115049 2.15725369378
2.40663253071 2.11445944928
2.41285435542 2.13351132865
2.41931242694 2.1438887668
2.4253588443 2.14731678151
2.43119508891 2.17623295566
2.44294105958 2.16031369246
2.44947695823 2.12918121544
2.45586194336 2.14772821537
2.46237571857 2.12983099573
2.46899576534 2.14477598161
2.4744531459 2.08246854865
2.48069827923 2.10927131521
2.48722627665 2.11426653654
2.49354212601 2.11044543742
2.49999940741 2.17400273357
2.50639545426 2.08575146344
2.51253194567 2.08460107819
2.51986823906 2.17433616484
2.52622043409 2.16770729041
2.53249796247 2.10296682473
2.53878931801 2.15756550764
2.54565232764 2.12544904933
2.55197252268 2.11099507927
2.5582836313 2.1479869917
2.56383385132 2.16040441877
2.57154268779 2.10610242316
2.58229191811 2.13951382374
2.58848174282 2.14296668825
2.59554465361 2.11255248347
2.60221329295 2.0699709766
2.60896212979 2.09220823516
2.61484222624 2.07863075729
2.62109289043 2.08807494695
2.62729614724 2.04940170317
2.63378108295 2.07922030303
2.64118137632 2.08264882851
2.64776389224 2.08895009288
2.65420300081 2.10977766451
2.66042719588 2.12629586492
2.66723726726 2.06808518911
2.67344091913 2.03607564346
2.68104545934 2.12710148167
2.68756832096 2.03814467424
2.69436219482 2.04511315248
2.70000209383 2.04281848143
2.70628870863 2.05220484562
2.71339073051 2.06658141055
2.71969038234 2.10002031212
2.72616030571 2.06270504571
2.7334772411 2.03829998676
2.7397741275 2.06300273015
2.74671219883 2.03404689887
2.75425313412 2.00396255444
2.7609162426 1.99598226822
2.76707841301 2.04330811459
2.77396789177 2.03559795939
2.78160443196 2.05959939225
2.79086507028 1.99327054936
2.79709953695 1.99732413855
2.80276551002 2.05041354065
2.80797163142 1.99948860369
2.81369172792 2.03628483198
2.82124214469 2.06499272448
2.82712658681 2.06006567443
2.83352263367 2.02981246207
2.83986021141 2.01220319381
2.84544638205 2.03908943953
2.85300509511 2.0128365755
2.85937901852 1.99069665395
2.86510899156 2.05101944027
2.87109891512 1.97218901288
2.87865288745 1.99776038683
2.88434414446 2.03325070605
2.89094720358 2.03747650387
2.89619362126 2.0099136616
2.90257702614 1.96362091553
2.90781356728 2.0086189924
2.91325988612 1.97270181388
2.92350975861 1.9879060981
2.93121582964 1.98217803006
2.93654402507 2.03440404471
2.9426576029 1.98687560185
2.94835597102 1.97874892967
2.9546520673 1.9593906064
2.96016989228 1.93195058718
2.96595556901 1.98951725883
2.97312909704 1.97111643699
2.97942005751 1.91049585776
2.98658252382 1.95531629686
2.99317728665 1.90140328375
2.99983881488 1.91217622817
3.00619417039 1.925035961
3.01375051309 2.02639841015
3.01894675795 1.91255279393
3.02521085424 2.03362179625
3.03192413554 1.97673378613
3.03850704652 1.94520642312
3.04489756251 1.98647648173
3.05011830119 1.93378489191
3.06064274147 1.94220641571
3.06688945506 1.89711855123
3.07200431723 1.93431653532
3.07757903108 1.90636850589
3.08507808985 1.93165369803
3.0901171002 1.97497027139
3.09542870304 1.90392115925
3.10189823135 1.87367280964
3.10945654935 1.98569039276
3.11622237384 1.91262350474
3.12257298861 1.85610807885
3.13101189886 1.95177993006
3.13734118031 1.90384507465
3.14496191804 1.94976653825
3.15157919938 1.87645420009
3.15784803641 1.85572524866
3.16342986136 1.91922031638
3.16890897031 1.8512003819
3.17467726433 1.88249849527
3.18135499008 1.81869611842
3.18809553063 1.86435063068
3.20018441474 1.91006516514
3.20671043686 1.88257515706
3.21324040958 1.83253886303
3.21914420972 1.87751375733
3.2248974914 1.90494281074
3.23027902014 1.87328728699
3.23557640076 1.87873474483
3.24072089255 1.86321370503
3.24710943324 1.84150734205
3.25458755374 1.82604620884
3.26122814371 1.88037684316
3.27007317726 1.75269140867
3.27581421202 1.80820186087
3.28160620974 1.77959001373
3.28718013346 1.80185360317
3.29293539045 1.80917701033
3.29845005493 1.82167133106
3.30494012644 1.8841264803
3.31065903776 1.88177954185
3.31609113438 1.8780074746
3.32228569984 1.86679335611
3.32783591987 1.81756155561
3.33908411295 1.81073187973
3.34549003635 1.77866009549
3.35083798485 1.82960768803
3.35660232826 1.79485263699
3.36320380713 1.79611397209
3.3690763974 1.8493335802
3.37582167869 1.82702096383
3.38161723195 1.80412197877
3.38760280984 1.79531951729
3.39343154827 1.78171297165
3.40005159504 1.77227476653
3.40810453013 1.81509328155
3.41456457696 1.75241335736
3.42021514263 1.77924630634
3.42658748579 1.75785871843
3.43308466841 1.81435132571
3.43942935726 1.71835442322
3.44577720661 1.76260454052
3.45288238898 1.74482396534
3.45931952224 1.83996814799
3.46589532212 1.78127484611
3.47243201089 1.90145681652
3.48180010596 1.81759094902
3.48768336289 1.79641253525
3.49405136037 1.72574626879
3.50082508609 1.82368304122
3.50811673753 1.72437983465
3.51410271048 1.83351234809
3.51953796759 1.71436880519
3.5263642365 1.77058706145
3.53203653055 1.74150080938
3.53736156549 1.74022304017
3.54281420531 1.73753809263
3.55171454747 1.66986275023
3.55808531039 1.74040693238
3.56449636958 1.73279352693
3.56983128105 1.70518648167
3.57609853784 1.70035858498
3.58278535001 1.80063398099
3.58890564389 1.77001039796
3.59381112343 1.72036825304
3.60036242949 1.76776415197
3.60655778506 1.76810182078
3.61218109148 1.7924278809
3.6214006434 1.75489881277
3.62800133215 1.72144051032
3.63441634196 1.74820883932
3.64016014216 1.77659303744
3.64553811534 1.72353179794
3.65117880447 1.77734418761
3.65764517229 1.85637101273
3.66279242951 1.68659921318
3.66863143955 1.73620084512
3.67521593078 1.70864417031
3.68195726145 1.79264805065
3.69273572633 1.77854311646
3.69915982255 1.6825306354
3.7047396722 1.67192102495
3.71051468227 1.78585019059
3.71705927227 1.73221726204
3.72359280056 1.75119036903
3.72907467493 1.76658476509
3.73520049967 1.79923670737
3.74146617621 1.67934811211
3.74783259345 1.71283584912
3.75421678846 1.7366484592
3.76315031579 1.66763851653
3.76963643669 1.7354482351
3.77590803915 1.66237149195
3.78264304883 1.6127976368
3.78936304618 1.65327185636
3.79544146353 1.72675895063
3.80078585648 1.6460688708
3.8071123725 1.65445324608
3.81358861685 1.70393460942
3.82004431801 1.66370186941
3.82618001929 1.64519701077
3.83412154701 1.68625278759
3.83945487824 1.51866402903
3.84561072766 1.73497797926
3.85111472549 1.70446275754
3.85648558756 1.70161018874
3.8630791652 1.6141255464
3.86974582924 1.65306634886
3.87636745625 1.62839520375
3.8823893798 1.72351654403
3.88849861195 1.67563803773
3.89385051107 1.67840019683
3.90424181561 1.63523439316
3.91016734413 1.71787894993
3.91667005761 1.64365834264
3.9221333641 1.63963802655
3.92864476893 1.55036105354
3.93540980329 1.61088722645
3.94142777623 1.61217110422
3.94776772434 1.63645194611
3.95422184525 1.71316642789
3.95947892959 1.67585783448
3.96530648284 1.60948734056
3.97322904761 1.66093827181
3.97856593439 1.63043850594
3.98499319111 1.65099421568
3.99065047283 1.53168999352
3.99712158138 1.61491325896
4.00336671472 1.61363629919
4.00876246567 1.58563248865
4.01473816702 1.71224356886
4.02265915154 1.56668380399
4.02789845811 1.57233005948
4.03345815962 1.73553013702
4.04252047703 1.7370956217
4.04840926483 1.59349887774
4.05367899114 1.7150773272
4.06057281558 1.6409698805
4.06608589982 1.62571239894
4.07162189763 1.71383444609
4.07794090748 1.70768131984
4.08443097899 1.6187373942
4.08935779186 1.67863832444
4.09568035726 1.72027392272
4.10070079972 1.61460252802
4.11154365964 1.55409734576
4.11822415083 1.61673244477
4.12312805012 1.60164818744
4.12973229443 1.58720623294
4.13532478604 1.51724839685
4.14067787035 1.57087155731
4.1459863127 1.60551414536
4.15092142186 1.6161810719
4.15611134573 1.63818995955
4.16210442979 1.64679707346
4.16839025446 1.5731090153
4.17713296706 1.55424552148
4.18370521138 1.67469638955
4.18939488814 1.52445448716
4.19529671297 1.55921189597
4.20156199444 1.54322578338
4.20770046116 1.57156755211
4.21395705128 1.5820807638
4.22030529568 1.65797524553
4.22655951543 1.60619047623
4.23343121642 1.56515785279
4.23981620155 1.59938202421
4.24836770435 1.56880572938
4.25469896111 1.49894921779
4.26114518078 1.48712790626
4.26673490697 1.58923603287
4.27349045986 1.5737009676
4.27917816131 1.62717109359
4.28516650463 1.51070227568
4.29187306988 1.51806311851
4.29738299363 1.5863992426
4.3038734602 1.5047527027
4.31073014885 1.56848260695
4.31930930595 1.65323117456
4.32513014316 1.61904333841
4.33193310343 1.57220905305
4.33851759466 1.55007987972
4.344653691 1.61236017928
4.35121092298 1.54964697475
4.35876687061 1.54520606904
4.36534820134 1.62063771092
4.37144992733 1.4543033925
4.37781990012 1.51345462966
4.38438266296 1.5995274921
4.39078582092 1.60931977265
4.39731816402 1.55059887646
4.40265544586 1.48015127036
4.40853080157 1.57675882646
4.41501850271 1.52100649299
4.42219716654 1.54163398464
4.4278765717 1.51886621875
4.43417108773 1.60814947544
4.43982876451 1.55359603729
4.44557730545 1.52773749735
4.45232456204 1.50165325973
4.45906154704 1.46961387316
4.46504593973 1.56409880593
4.47116465337 1.53730722117
4.4769728486 1.4534102109
4.48284148826 1.5102893654
4.48866667114 1.44060022652
4.49568414985 1.45107542922
4.50194903627 1.46076464638
4.5086311077 1.64461241852
4.51427021658 1.45971460865
4.52563890345 1.66275043865
4.53126339506 1.55613771941
4.53793005909 1.51260268735
4.5447018095 1.60381713531
4.55017025178 1.50964252654
4.55572007675 1.50002662159
4.56227256799 1.44776146354
4.56894476289 1.50690177141
4.57572204416 1.43547910286
4.58240530078 1.50444615829
4.58885705132 1.59105554352
4.59749744296 1.48113821537
4.6040602058 1.4242141431
4.61094059815 1.61829989458
4.6176420276 1.49816214543
4.62417002502 1.42390154741
4.63099392356 1.53659426127
4.6379051307 1.48531190552
4.64385831354 1.53315078902
4.65030137272 1.43856162009
4.65659628381 1.41301341967
4.66718432901 1.53632487365
4.67267054907 1.40985774237
4.6792416082 1.46250350931
4.68519360585 1.39697361725
4.69101562824 1.42819965122
4.69730421835 1.50385022812
4.70334115424 1.45804862046
4.70938046049 1.41198830678
4.71609966771 1.47151009171
4.7224830726 1.50398044933
4.72754776196 1.4660111086
4.73735990623 1.48692996255
4.74240997831 1.44513167187
4.74875743259 1.40332541522
4.75406508481 1.41758028589
4.76065945258 1.46658556589
4.76666083292 1.28809164983
4.77198823823 1.38740171463
4.77770438412 1.33118450577
4.7840210236 1.3771571677
4.7904494655 1.42849235432
4.796143883 1.4265286867
4.80472975616 1.50383529661
4.81141538314 1.51067292861
4.8174989363 1.52021599754
4.82304125509 1.49452969057
4.83021083251 1.42307553054
4.8376972493 1.42027300216
4.84432717261 1.37078015395
4.85072914539 1.44599423427
4.85657013074 1.40198896306
4.86182523977 1.41203003779
4.8680221756 1.46822097067
4.87464340755 1.46872185791
4.88025960286 1.43167061709
4.88641071154 1.40184324749
4.89267362265 1.41593240716
4.89888715106 1.38231130003
4.90452033402 1.44242795733
4.90994215904 1.38974311909
4.91651242804 1.43576160875
4.92308625261 1.3826577135
4.92917336131 1.45471044745
4.93985503611 1.31919084895
4.94640278661 1.38867352764
4.9529331544 1.35714981579
4.95871725088 1.47764346028
4.96527724829 1.43812662944
4.9721446036 1.58107782028
4.97807329261 1.46643422825
4.9844156111 1.46805189027
4.9912399047 1.38635946336
4.99657442111 1.50210534015
5.00334380115 1.38158128095
5.00984493438 1.51325841543
5.01602053688 1.34568008639
5.02270063301 1.43363439053
5.02815248271 1.37577965595
5.03393302363 1.38081535409
5.03984946574 1.39030756417
5.04664887046 1.30826489527
5.05266526314 1.38511260376
5.05813568074 1.3829408895
5.06463404854 1.3651334962
5.07044856476 1.34863576087
5.07762327798 1.51611560386
5.08402011496 1.43640325004
5.0911667788 1.38140366636
5.09687739383 1.43336519026
5.103269095 1.46247895917
5.10877822863 1.46962887344
5.11511462119 1.43859561366
5.12130523603 1.38431231139
5.12802562843 1.42606577973
5.1333194535 1.46189814656
5.13887875995 1.4214116678
5.14545495488 1.4824860766
5.15271579152 1.5620857255
5.15774492534 1.36092227472
5.1639260587 1.41433390312
5.16917603193 1.37778463885
5.17541168379 1.49512513149
5.1841994334 1.49306332859
5.19012101131 1.36060448609
5.19677463831 1.34891213273
5.20339152459 1.4880648658
5.21291487885 1.44380455767
5.21941443184 1.44379846724
5.22572356515 1.4772669075
5.23105531613 1.51473749917
5.23763704192 1.35028633501
5.24369333582 1.39078793641
5.24928345707 1.42606975777
5.25598686183 1.3564336032
5.26129135356 1.43754822469
5.2673863635 1.35546916179
5.27412216331 1.30558041729
5.28368067805 1.34280746013
5.29005855208 1.44457388277
5.29581933992 1.33489061723
5.30122891803 1.34113297267
5.30776442162 1.4323800993
5.31500827061 1.3569065523
5.32097883616 1.34108664182
5.3266337475 1.3869490482
5.33252964641 1.20761548595
5.33915127342 1.44248995513
5.34576578933 1.41885921528
5.35601052602 1.42516560293
5.36171521512 1.3087080866
5.36726899071 1.36308965318
5.37360933388 1.31570050166
5.37909041814 1.42363450243
5.38543234156 1.39205398055
5.39249564741 1.38820867226
5.39844725 1.35508856342
5.40490058078 1.44676989996
5.4103018626 1.37040102418
5.41655647741 1.35342088726
5.426101165 1.24774014635
5.43244348348 1.332098378
5.43773651843 1.32138080957
5.4432883187 1.35610338979
5.44881878565 1.46385280766
5.45400831447 1.41622198199
5.4594135469 1.32670475535
5.46503329776 1.40292054228
5.47003161678 1.36190146103
5.47694874985 1.38109374306
5.48260326613 1.2485685295
5.49248612643 1.3561672261
5.49939259283 1.3683473108
5.50615367658 1.31394904974
5.5127105135 1.45033374291
5.51932068373 1.31243319486
5.52577243426 1.31767968334
5.53207129597 1.4900701058
5.53858823167 1.50512394617
5.5450790933 1.32709060493
5.55119978224 1.47799593537
5.55763849575 1.38812716712
5.5629643208 1.37944946962
5.56863740498 1.48382402897
5.57522031596 1.45995511687
5.58170367143 1.36124448999
5.58698959526 1.43240948393
5.59369023459 1.50916065564
5.59987571363 1.34687701557
5.60549625462 1.30319719947
5.61214790631 1.37371997625
5.61782217568 1.36752039525
5.62430000028 1.32178885748
5.63023935595 1.24546015904
5.63655955099 1.30254188811
5.6418581168 1.36183977393
5.64853465737 1.37808822226
5.65530798803 1.3825126611
5.66200309649 1.37664493336
5.66842363717 1.31342899429
5.67403706705 1.32329226464
5.67933918841 1.42124776985
5.68593395124 1.26280661487
5.6909698011 1.32357215371
5.70070569849 1.28791101979
5.70709226386 1.32563593389
5.71350213788 1.34974756579
5.71896860485 1.43969924689
5.72556573805 1.375652741
5.73149166163 1.32797237207
5.7379821282 1.36875834935
5.74432642199 1.34898349315
5.7512123452 1.25412611636
5.75666735539 1.23134269083
5.7639973278 1.37167695283
5.7721766826 1.35304748492
5.77867663065 1.41672921534
5.78523662805 1.28117441714
5.79158921814 1.28529912318
5.79799711684 1.35492753019
5.80363148499 1.25890813527
5.81033686505 1.34283647421
5.81604115909 1.44940808359
5.82171108278 1.38593997973
5.82731108057 1.3477483232
5.8333855473 1.33675822673
5.84278761766 1.41166176906
5.84918168921 1.3184338477
5.85466751421 1.33598716636
5.86018099351 1.40033082727
5.86592874432 1.19797590166
5.87264716142 1.27563683489
5.87828745549 1.38565186223
5.88541792181 1.39788144843
5.89155638852 1.33050708713
5.89688497901 1.2459152476
5.90336319867 1.37361191817
5.90941712221 1.31230932939
5.91583450239 1.33033697889
5.92156724086 1.30346690732
5.92724625096 1.39451254365
5.93460032213 1.35297978341
5.93996841878 1.30705879173
5.94652011989 1.28178990487
5.95241048794 1.25511475883
5.95905028778 1.35742312035
5.96482490279 1.33268771482
5.97141413475 1.24856209539
5.97782953962 1.30144578596
5.98435437655 1.23147260269
5.99071407774 1.23912324252
5.99711763077 1.24103489436
6.00254064097 1.46512682218
6.00919821859 1.2525729311
6.01576098143 1.48740711317
6.02236167018 1.36022717066
6.02756107553 1.31354631824
6.03340640656 1.43398612874
6.03863386128 1.31200521131
6.04421924179 1.29127804242
6.05053588127 1.24027116711
6.0569516812 1.31159252384
6.06263740735 1.21444040422
6.06855621983 1.30009317017
6.07391720537 1.41735972959
6.08037567195 1.28630027046
6.08616411411 1.21799861262
6.0916396675 1.44562755622
6.09700065304 1.30619499395
6.10361990968 1.22549549411
6.1097192653 1.33543081986
6.11553378152 1.28670546062
6.12129377924 1.33216858055
6.12722799912 1.23300968811
6.1342940704 1.21952428607
6.1399865126 1.36610588572
6.14499865877 1.20906335312
6.15134848342 1.26877238455
6.15767697474 1.21856480198
6.16303479979 1.21886860555
6.169304822 1.30672457163
6.17944486738 1.26007316131
6.18572239576 1.2232174669
6.19167715884 1.27649309657
6.19877483505 1.30965689996
6.20491014127 1.27783177773
6.21063695382 1.30712764763
6.21669403785 1.24656322246
6.221712505 1.1901158945
6.22703833006 1.23286766221
6.2333162535 1.26149375783
6.23855239958 1.0748648698
6.24380513825 1.20398293924
6.24913767935 1.12775054925
6.25459743028 1.18922340944
6.26102547713 1.26255543621
6.26701342538 1.24887264263
6.27347821295 1.32060884722
6.27953253154 1.34191048975
6.28477420848 1.36217159367
6.29130457627 1.32081996878
6.29651346311 1.24065055529
6.30144857227 1.2386148945
6.30779800186 1.18745558807
6.31352086379 1.27088846092
6.31995918224 1.22953907133
6.32627029086 1.24152709242
6.33235897981 1.28449429886
6.33900470558 1.30133102354
6.34544578945 1.2691123778
6.35106593538 1.21782552049
6.35730237736 1.25735778987
6.36322909107 1.20574247705
6.36847787912 1.26926650037
6.37377091407 1.23734462929
6.38229792304 1.28670892378
6.38766759993 1.21307355647
6.39408181962 1.28555688276
6.4003625085 1.14099903826
6.40582818535 1.22210906984
6.41241386176 1.18145891791
6.41752358814 1.30673619713
6.42294817859 1.28438873787
6.42921701562 1.42187609975
6.43484664302 1.29901525203
6.44004209776 1.3198069272
6.44791290947 1.24359325473
6.45433582051 1.35784404766
6.45993700348 1.2369058844
6.46604623564 1.37410157235
6.47237591215 1.17969920621
6.47819121849 1.28827677188
6.48356919168 1.21015468908
6.48950064612 1.21605630748
6.49487190326 1.23234653298
6.50135249329 1.14774853058
6.50795831784 1.21863874009
6.51804542497 1.22404714845
6.52429134843 1.21272270278
6.53078062982 1.18890009104
6.53612225733 1.39297730564
6.54193756368 1.27753565149
6.5474755368 1.23123500629
6.55401222558 1.27779807987
6.56052955633 1.32702256929
6.56718752901 1.32397604265
6.57353261293 1.29725503181
6.57895206757 1.22494178999
6.58870416249 1.27576142191
6.59406119741 1.32106723852
6.60037941713 1.29021176779
6.60578346438 1.35434437574
6.61147314115 1.42381376245
6.61706365746 1.20966427375
6.62327955624 1.26372949445
6.62946859083 1.22623225387
6.63583658831 1.3535255216
6.64228241293 1.35410407347
6.64867885484 1.21325859318
6.6578434932 1.20377828388
6.66417040428 1.34830638715
6.67034600678 1.3130591501
6.67712407817 1.30200724542
6.68324397699 1.34695928667
6.69009276441 1.3785564464
6.69645286066 1.19759876598
6.70282125321 1.22968241593
6.70851211516 1.27238284643
6.7140816932 1.20991852457
6.72000880197 1.29983679177
6.73047793364 1.21840791401
6.73650854854 1.175611601
6.74269205227 1.2004680725
6.74856187711 1.31900519098
6.75437599827 1.19211112409
6.76091900803 1.20123332131
6.76631594417 1.31197067468
6.77169470748 1.21510358232
6.77913213664 1.20283901752
6.78658734357 1.24548360081
6.79323030391 1.07445276792
6.80443385504 1.30565772252
6.80978851959 1.28062664148
6.81560461606 1.29547928495
6.82210653941 1.16779266805
6.8273600682 1.22589768233
6.83369843607 1.17161477766
6.84018376684 1.28236264241
6.8468018383 1.25950469871
6.85273131744 1.24943340746
6.85923245067 1.23032656596
6.86473763368 1.31903571141
6.87423214845 1.24066686958
6.87964291175 1.2248275323
6.88512992192 1.11472117811
6.89051895683 1.20382432625
6.89710621349 1.19018449735
6.902479841 1.22355733417
6.90913070257 1.35068798861
6.91579776166 1.29885006146
6.92163795688 1.19422334624
6.92776141125 1.28166649612
6.93349691516 1.23556624736
6.94175014647 1.25376566087
6.94792930452 1.11464279037
6.95435024026 1.23355541152
6.96083912658 1.25851514289
6.96633364293 1.18942691337
6.97209048016 1.32055496281
6.97752573727 1.19731895022
6.9840197594 1.19928793481
6.98940049801 1.36972735314
6.99516168092 1.39340757098
7.00144869079 1.20668053206
7.0102313046 1.36513886967
7.01688927728 1.2724389937
7.02258804046 1.26395504382
7.02839544557 1.37453481623
7.03418586304 1.34046271515
7.04052541609 1.24129634531
7.04633953725 1.31410619749
7.05149746114 1.40464235545
7.05794210057 1.21887357411
7.0630111356 1.19379506911
7.0684989359 1.25916505368
7.07855601835 1.26010147857
7.08442979381 1.19511439214
7.08993339657 1.11669115264
7.09581546832 1.17301286735
7.10152845372 1.24758857132
7.10791146354 1.2641610873
7.11301328869 1.25648852824
7.11939471826 1.24385747278
7.12544587637 1.18690213102
7.13117031855 1.21491431463
7.13743401978 1.29372796361
7.14525900434 1.13946891093
7.15076339723 1.21417581608
7.15623618519 1.1595936283
7.16263539254 1.20626406204
7.16899864928 1.24658224392
7.17537020232 1.33945367095
7.18064229901 1.25857980178
7.18713000015 1.21293741335
7.19289078799 1.26061440441
7.19844693395 1.24579525788
7.20667330107 1.13962086716
7.21377848345 1.10882079882
7.22098638183 1.26770745255
7.22765699648 1.24928115435
7.23358173488 1.31477304723
7.24098202825 1.17573663336
7.24758390219 1.17533467772
7.25304957904 1.23995800162
7.25909362604 1.14108547916
7.26559041359 1.23786495883
7.27216265791 1.34914399319
7.27876690222 1.26557720366
7.28742862719 1.24171658258
7.29259919305 1.23900009369
7.2990106473 1.31782475796
7.30546200278 1.20655434791
7.31081469202 1.23771949968
7.31722298579 1.29097050807
7.32363562523 1.07534338347
7.33011107946 1.16027286018
7.33613379313 1.28090712452
7.34220351913 1.29402530385
7.34790978848 1.22808785547
7.3548387734 1.134205738
7.36127630172 1.28040447532
7.36695531182 1.21303265781
7.37236014919 1.23054223731
7.37725022133 1.20417439853
7.38252231802 1.29070387273
7.38842651321 1.2578217299
7.39525317718 1.20172520938
7.40167924872 1.17488031251
7.40821475231 1.15429118449
7.41476684849 1.25718786226
7.42266294413 1.23437687408
7.42838146039 1.15093900643
7.43510106268 1.2009930332
7.44093809741 1.13146618045
7.44738589733 1.13749535079
7.45274727793 1.13141221834
7.45807428817 1.37741487906
7.46465324853 1.15484575772
7.47014104883 1.39930306556
7.47606697242 1.26723218755
7.48145561226 1.21907582204
7.48890686858 1.35393853705
7.49464908853 1.21787455529
7.50126874024 1.1901647723
7.50764542908 1.13732793108
7.51310478495 1.21741889224
7.519707449 1.10882417611
7.52614734769 1.19722380262
7.5333509004 1.33448118205
7.53857835513 1.19057698299
7.54371455063 1.11934936934
7.54935128915 1.35981552284
7.5549485215 1.21144656506
7.56112017338 1.12860314742
7.56822733107 1.23506776899
7.57367285978 1.1895036057
7.57886199354 1.23076278517
7.58511858366 1.13240472985
7.59174337116 1.12776258295
7.59808331928 1.28591043083
7.6035122554 1.11003753654
7.60911067294 1.17430726789
7.61549921363 1.13386412185
7.62370977829 1.11174243665
7.63067905948 1.20567950188
7.63604676107 1.16412764866
7.64239421535 1.13402068964
7.64879697825 1.17652949693
7.65519855597 1.20833712404
7.66046117118 1.18323581535
7.66646215646 1.21684904394
7.67205504314 1.14725040155
7.67864585535 1.07876625071
7.6840755816 1.13817922422
7.6934772569 1.15449271338
7.69962164953 0.968273820555
7.70606786921 1.11550201639
7.71242915065 1.0296900648
7.71770480288 1.10033167249
7.72394559054 1.17835775828
7.73053837806 1.16116386812
7.73615615362 1.22767880064
7.74196237355 1.25800227285
7.74767733425 1.28430459609
7.75411604776 1.22850308787
7.76337194533 1.14627688484
7.76916196774 1.1442209076
7.77545055785 1.0967364606
7.78032877814 1.18393073862
7.78679909657 1.14568836914
7.79332472362 1.15885004747
7.79898121522 1.18889609333
7.80535118801 1.21290119522
7.81072995132 1.18924089742
7.81666377613 1.12273277545
7.82306456373 1.17929262963
7.83330495474 1.11686673102
7.83896934757 1.18285254672
7.84485695018 1.16286442055
7.85051699733 1.21175233864
7.85631057528 1.125555501
7.86314553555 1.19573344543
7.86866889139 1.05429997103
7.87567728368 1.13738863876
7.88170197266 1.09278280415
7.88709456312 1.21891054997
7.89280122754 1.20782259425
7.903596285 1.33704636096
7.9102159367 1.21007348294
7.91613158869 1.24278332931
7.92263667254 1.17047952995
7.92891578117 1.28306372295
7.93543587736 1.16583654521
7.94177108473 1.30566633569
7.94768594659 1.09686158939
7.9529793766 1.21647146734
7.95947813947 1.12701723476
7.96480593983 1.13110162724
7.97675694745 1.15274886187
7.9824612415 1.06728711941
7.98801462202 1.13127122297
7.99300148425 1.14017876706
7.99829056858 1.13483913764
8.00348799862 1.10791115943
8.01000848987 1.32900736403
8.01596048752 1.19253399903
8.02175841116 1.15584726186
8.02737618672 1.19730792289
8.03376946814 1.25970166938
8.04555336472 1.24972522481
8.05213904113 1.22428627363
8.05856155711 1.13962651537
8.06491256695 1.196833055
8.07056787336 1.2507734655
8.07706031524 1.22449946739
8.08365547312 1.28884042219
8.09010564342 1.35533726102
8.09695048022 1.12856192294
8.10267334215 1.18326135493
8.10799877215 1.14875780294
8.11661308973 1.27639685487
8.12315214888 1.27606225468
8.12869328249 1.13723076362
8.1367110571 1.12751856187
8.14314858542 1.27311534331
8.14940241011 1.24294450188
8.15478314873 1.22416091815
8.16117603509 1.27926144578
8.1669474896 1.30474962414
8.1721073888 1.11692595329
8.17842284309 1.14180785168
8.18667962995 1.18926574447
8.19376110864 1.13121092154
8.19896446461 1.22686353412
8.20547547438 1.14701070761
8.211972657 1.11057400119
8.21740830917 1.12676415263
8.22261324539 1.25379271634
8.22932060076 1.11696823418
8.23539111688 1.1321905784
8.24133560836 1.24983756344
8.24770479103 1.13933524206
8.25417510946 1.12877016064
8.2591607865 1.16920744364
8.26567614196 1.00654120335
8.27122043606 1.23382774334
8.2772249769 1.20555871038
8.28377628295 1.2251929016
8.28982744106 1.09391369274
8.29624126568 1.15256791298
8.30254921381 1.0975870549
8.30838861891 1.20790740501
8.31502723357 1.18926097428
8.32145211992 1.17467327209
8.32644530313 1.16549167401
8.33270939942 1.25070895459
8.3386981378 1.16980448209
8.34524509817 1.15845219787
8.35199433008 1.04730206669
8.35727867367 1.13575487468
8.36253101727 1.12237717614
8.36898474312 1.1521894738
8.37550207388 1.28993430373
8.38131461479 1.23838847144
8.38933989557 1.12353879817
8.39572646095 1.21467197168
8.40135134761 1.16721752715
8.4068948516 1.18531531586
8.41282275049 1.04248624532
8.41875618024 1.16635849412
8.4252529678 1.19922541231
8.43110303956 1.12293909386
8.43726323466 1.24753907903
8.44409345419 1.13710433064
8.4511828341 1.13467805713
8.45828051031 1.30329113618
8.46468327321 1.33070531598
8.47017028339 1.14380558618
8.47652958952 1.3040682953
8.4819107232 1.21224446384
8.48785995541 1.20075314133
8.49433738495 1.31502552615
8.49967782729 1.27337045286
8.50581747918 1.17925843826
8.51162014356 1.24833496499
8.51754883257 1.34167332181
8.52442961998 1.14943496544
8.5296468031 1.1382953253
8.53569005997 1.19600554901
8.54154487248 1.20261534741
8.54719306778 1.12690594228
8.55386486761 1.0469019368
8.55908837172 1.1024562429
8.56576056661 1.18709254301
8.57134752737 1.20256177552
8.57691710542 1.18711958965
8.58255818961 1.17135461667
8.58959858189 1.11721260961
8.59600727071 1.15429568527
8.60118692299 1.22361531554
8.60655620482 1.07333624209
8.61304509114 1.15623353535
8.61866721238 1.08742999429
8.6254563455 1.14071172214
8.63265634265 1.19312249649
8.63937950049 1.28719428924
8.64604181885 1.19078364373
8.65568013603 1.14994486114
8.66212556558 1.20226603708
8.66853148898 1.18916084917
8.6741413633 1.07899413461
8.68068595331 1.04379077513
8.68667113613 1.20930388517
8.69376525678 1.19301494687
8.69955527919 1.25802102009
8.706342437 1.12002321905
8.71220831123 1.11650825209
8.71885759255 1.17513551554
8.72684968816 1.07826657459
8.73218578482 1.17993581384
8.73805481953 1.29306129423
8.74434340964 1.19686080528
8.7500259753 1.18435342063
8.7556299237 1.18580810514
8.76125915605 1.26593728478
8.76776977076 1.14621173853
8.774136188 1.18521711282
8.78043030897 1.22960892162
8.78620018323 1.00988234748
8.79567454986 1.09653649034
8.8013500044 1.22240761518
8.80876886567 1.23569925522
8.81398328336 1.17289847427
8.82050219437 1.07381213952
8.82701122884 1.23181498765
8.83248362173 1.15758551445
8.83776006409 1.17664705071
8.84354020996 1.15199360452
8.84981655316 1.23367928338
8.85584716806 1.20688628729
8.86375985629 1.14501690815
8.87029338458 1.1147206585
8.87727649293 1.10000871748
8.88498769976 1.2027515842
8.89186374642 1.18015137101
8.89821673157 1.09668899589
8.90435519828 1.1460339642
8.91014008488 1.07657507355
8.91545721858 1.08058075204
8.92178136423 1.06840240814
8.9283417567 1.32756548932
8.93499182815 1.1026811
8.94163794898 1.34835205041
8.94798461314 1.21597731409
8.95361977141 1.16738618829
8.9596567073 1.30905069432
8.96465423619 1.1670764121
8.97126282617 1.13465361102
8.97772010757 1.07926215181
8.98394272239 1.16459584779
8.99035970751 1.0511252625
8.9955618783 1.13862473439
9.00091022186 1.28881424528
9.00586231867 1.13695239287
9.01169895834 1.06618722639
9.01742063509 1.31104102883
9.02314626246 1.1577375967
9.02976946972 1.07484553664
9.03529598606 1.17875129286
9.04145460091 1.13701926769
9.04826941303 1.17362974457
9.05458328708 1.07676799572
9.06010506267 1.07726324231
9.06685034396 1.24116388189
9.07253251456 1.05464538054
9.07839996903 1.12192102799
9.0857303365 1.08599256565
9.09108579118 1.05073262324
9.09666880132 1.14746623367
9.10179788571 1.11156550221
9.10846375962 1.08660728432
9.11387017724 1.11986996265
9.12128192739 1.14954031671
9.1276846903 1.12927598707
9.13502651456 1.16551959166
9.14082522832 1.09197356959
9.14707431227 1.01360708746
9.15367065534 1.08214948092
9.15998215902 1.09305648727
9.166590749 0.908316966096
9.17300338844 1.06599906326
9.17963212657 0.9762565098
9.18567972911 1.05311469815
9.19259646712 1.12881596965
9.20055063682 1.11095012366
9.20694391824 1.17504215823
9.21342213791 1.21077016843
9.21983872797 1.23966167382
9.22578954043 1.17267499311
9.23241195757 1.09193540745
9.23763585674 1.0890746188
9.24400740977 1.04582097927
9.24955644462 1.13356442174
9.25556296077 1.0990387393
9.26191001999 1.11287968272
9.27228038626 1.1331278525
9.27885816144 1.16030616176
9.28515583796 1.14384722881
9.29049035437 1.06792434714
9.29692116665 1.13506110484
9.30295257167 1.06599305416
9.31015335895 1.13415267612
9.31641034413 1.12022011081
9.32261636637 1.16900854279
9.32899740089 1.07451036796
9.33451325056 1.14174678661
9.34356490131 1.00690381539
9.34896578806 1.08758315738
9.3543216378 1.04270723779
9.36093496852 1.1682525989
9.36663412676 1.1645647219
9.37313328469 1.28712465785
9.3783022703 1.15690752372
9.38405910753 1.19698800849
9.39022878411 1.12578232474
9.3965679421 1.23771264527
9.40334877892 1.12529220398
9.41303213312 1.26690913368
9.41973198233 1.05015452677
9.42633820194 1.17492117064
9.43202037254 1.08043950902
9.43790718502 1.08169614554
9.44354668897 1.10819066067
9.45076090834 1.02210272405
9.45742994274 1.07999518098
9.46425976721 1.09006625843
9.4701331476 1.09019135764
9.47670420673 1.06221140058
9.48371971014 1.29037715048
9.48958795473 1.14182301339
9.49586706336 1.11290171715
9.50177994991 1.15170868151
9.50727604651 1.22189179012
9.5127053777 1.2061914718
9.51810586939 1.18045416738
9.52446280515 1.08865409428
9.53020067943 1.15110412696
9.53696413355 1.21150950638
9.54237213141 1.18620271378
9.54962901743 1.24967181081
9.55632254565 1.31834433891
9.56174674104 1.07997985482
9.56906565173 1.13558096747
9.57438357555 1.10432226224
9.58103167169 1.2292498284
9.58748105186 1.22812146943
9.59399166657 1.09278461398
9.59948262736 1.08227704564
9.6047973907 1.22827279719
9.61027649964 1.1998274976
9.61908992826 1.17503575973
9.62544370353 1.23837882014
9.63189979974 1.26009542847
9.63817298245 1.06938335678
9.64435490593 1.09005567126
9.64981860748 1.14038793142
9.65513297575 1.08430604042
9.66147134362 1.18257660415
9.66705790931 1.10498423894
9.67323509206 1.0724893459
9.67993296595 1.08323286326
9.68750906172 1.21411990711
9.69249671408 1.07233076944
9.69796397117 1.09398420128
9.70357187019 1.21343334134
9.70898421373 1.09429775497
9.71579665549 1.08359334031
9.72080722141 1.12371472541
9.72737788548 0.96623526521
9.7326033649 1.19106835892
9.73790469614 1.16081014967
9.7443469652 1.18259907077
9.75567377554 1.0502759149
9.76232582229 1.10958004811
9.76811742494 1.05515639
9.77369134867 1.16380624574
9.77915663046 1.14800892097
9.78497746766 1.13022532151
9.79225055121 1.12708698228
9.79902427693 1.20949845828
9.80565894097 1.1272349534
9.81096501295 1.11997073851
9.81733261537 1.00822820698
9.82649211793 1.095139508
9.83304618941 1.08262463439
9.83877300197 1.10960619286
9.84416440724 1.25286269271
9.85055610842 1.20343054858
9.85546553858 1.0812239798
9.8615257831 1.17371013029
9.86710484263 1.12592047233
9.87354750675 1.1443977079
9.87955560314 0.999750900141
9.88584103275 1.12519066095
9.89254325233 1.1624181479
9.89888636093 1.08302209635
9.90493751904 1.20246849155
9.91101356602 1.10231591347
9.91751983505 1.0951659561
9.92460447423 1.26291979325
9.93009741033 1.29088771237
9.9367174571 1.10608026995
9.94226570182 1.26682230219
9.94779498359 1.17741925567
9.95426727733 1.16218050293
9.95972110233 1.27831002005
9.96614282819 1.23144023591
9.97272613423 1.14333884433
9.97915931688 1.20728562094
9.98590578335 1.29943424249
9.99232790427 1.10753426121
9.99762488983 1.10581488047
10.0033177271 1.15575243726
10.0096805888 1.16759819588
10.0152280434 1.0862878421
10.0243136694 1.00510273232
10.0306785064 1.06019524766
10.0370871952 1.15081740629
10.0436234889 1.16609690498
10.0493163262 1.14501601735
10.0553611633 1.12784502541
10.0615498028 1.07525038454
10.0683211582 1.11538332897
10.0737852548 1.18204134616
10.079169549 1.03369550609
10.0852803614 1.12209298974
10.0935276668 1.04379580029
10.0995223311 1.10134213772
10.1051021807 1.16197474135
10.1114749189 1.25704577524
10.1169959044 1.14818818181
10.1232394575 1.11196481717
10.1296971339 1.16691289579
10.1357850328 1.15445678736
10.1412665121 1.04357566333
10.1466401396 1.00631775438
10.1528888285 1.17273768028
10.1634579107 1.15857358153
10.1701933155 1.22258540475
10.1765016587 1.08707657239
10.1823240761 1.08170359529
10.1875329629 1.13533140171
10.1942047628 1.04187782019
10.1997269334 1.14319012501
10.2057275237 1.25854783443
10.2115230769 1.15489720858
10.216829939 1.14933347919
10.2231220847 1.15283514366
10.2328232167 1.2330044379
10.2383552639 1.11041271264
10.2446983725 1.15423373532
10.2502825678 1.19157107302
10.2560611334 0.971708946436
10.2631821182 1.05750100846
10.2701877451 1.18602224533
10.2766643845 1.19883310012
10.2826673451 1.13913243271
10.2884265527 1.03729191524
10.2944062047 1.20273262596
10.3045790402 1.12262864861
10.3111516795 1.14420381928
10.3166857021 1.12143379299
10.3226574528 1.19885600441
10.3276470804 1.17690082485
10.3334758189 1.11104275749
10.3399520632 1.07642644668
10.346007567 1.06730316051
10.3524925027 1.1699787127
10.3579080068 1.14702065463
10.3632500293 1.06303422197
10.3725568899 1.11287679132
10.3790971342 1.04335917051
10.3843475025 1.04462861668
10.3904049816 1.02870304733
10.3970992999 1.29610015796
10.4034345073 1.0719858245
10.4098518875 1.31614151247
10.415469268 1.18388113136
10.4217558828 1.13579737552
10.4268375598 1.28044240156
10.4330957301 1.13642695366
10.4423176524 1.10072823493
10.4482257982 1.04337626356
10.4547897463 1.13142024734
10.4605315711 1.01586011202
10.4671121118 1.10197729069
10.4733655414 1.26049318603
10.4786988726 1.10396319121
10.4857199069 1.03436466383
10.492400003 1.28028077962
10.4987581239 1.12380019911
10.5059407384 1.04177986827
10.5123435013 1.14408012256
10.5182690298 1.10592161748
10.5246077927 1.13855844178
10.5298854203 1.04305158416
10.5354498625 1.04629518944
10.5410688233 1.21244694754
10.547470401 1.02086652433
10.5539719293 1.08954843878
10.5609309389 1.05519345281
10.5674000721 1.01306539298
10.5737668844 1.11065999312
10.5816218937 1.07981689184
10.5872847063 1.05827346144
10.5931063336 1.08495417069
10.5987320104 1.11262175927
10.6054504275 1.09542567436
10.6107742772 1.13376013674
10.6155699297 1.05846046339
10.6210340263 0.972210584006
10.6268844931 1.04556565322
10.6324991081 1.05525522843
10.6383235009 0.87142440724
10.6477891762 1.03519436428
10.6544202847 0.943827868239
10.6600455664 1.02527703862
10.6663586503 1.09682255311
10.6726997836 1.07868896928
10.6790709416 1.14213134149
10.6850106923 1.18153332983
10.69083469 1.21115010203
10.697321206 1.13602562313
10.7037737467 1.05820704976
10.7093026334 1.05419274415
10.7189689999 1.01429396244
10.7252947258 1.10017955318
10.7316998591 1.07024396694
10.7369695854 1.08421732067
10.7431997064 1.0975595957
10.748734519 1.12612252015
10.75727417 1.1149246811
10.7629618714 1.0336949729
10.7682837459 1.10717656598
10.7740303115 1.03373035444
10.7804220127 1.10354579712
10.7902566755 1.09256424663
10.7969340061 1.14213192083
10.8024561768 1.04202323926
10.8089035817 1.10643424705
10.8151700483 0.97820545815
10.8204780956 1.05507377458
10.8278452038 1.01182132391
10.8332674239 1.13637295915
10.8387200637 1.137404284
10.8439265802 1.25510812894
10.8496573433 1.12233024947
10.8618015361 1.1671188406
10.8671996574 1.09531718164
10.8738323461 1.20692741854
10.8804911089 1.09919582737
10.885803897 1.24238233473
10.8915362404 1.02125826778
10.8965953989 1.14779316229
10.9022957423 1.05198457692
10.9078056661 1.05017070258
10.9154034902 1.08083873711
10.9221361295 0.994102670251
10.9327534093 1.04707881714
10.9386374563 1.05740010812
10.9444780466 1.06207573316
10.9506421923 1.03403652445
10.9566680665 1.26467744298
10.9630645084 1.10899793428
10.9689232715 1.08563025595
10.9743051953 1.12395337303
10.9802864275 1.19809468266
10.9860946228 1.17790377429
10.9927328424 1.15111732675
11.0029981223 1.05560914906
11.008495009 1.12245746775
11.0139271056 1.18753226355
11.0207652264 1.16096013256
11.0256849281 1.22338718261
11.0311711482 1.29625928035
11.037727195 1.04824921441
11.0436926247 1.10526728662
11.0494632891 1.07642471197
11.055102398 1.19815844019
11.0616955806 1.19683218864
11.0727442676 1.06395861302
11.0792122156 1.0532057608
11.0844392753 1.19914911265
11.090725495 1.17051745586
11.0965226285 1.14122009897
11.1026160582 1.21084004694
11.1089172903 1.23072122318
11.1140602019 1.03879633972
11.1204945697 1.05730247045
11.1267562956 1.10931484203
11.1321915527 1.05382735817
11.1420558451 1.15280393097
11.1485629043 1.07786900119
11.1545789019 1.0475541088
11.1611586524 1.05472337519
11.1666373663 1.18695211396
11.1730361786 1.04320165004
11.1784651147 1.070393817
11.1851096553 1.18988644977
11.1906859494 1.0652715447
11.1958715276 1.05375324976
11.2015197229 1.09457881445
11.2128382369 0.9395483108
11.2189723579 1.16294020736
11.2243969484 1.13217292201
11.2307661311 1.15475502573
11.2372305236 1.02187499348
11.2437419284 1.08202385758
11.2502055308 1.02861489985
11.2565494295 1.13502487127
11.2629126863 1.12166749251
11.2688864123 1.10162679623
11.2751868542 1.10212482131
11.2836905546 1.1825546963
11.2889851698 1.09984351496
11.296191883 1.09552964181
11.3025966212 0.983236170534
11.3091747914 1.06841460441
11.3173292574 1.05674791892
11.3228597243 1.08190357119
11.3281156235 1.22805181204
11.3338665348 1.18099487767
11.338956113 1.05349614158
11.3441740863 1.14681651511
11.350941886 1.09877134047
11.3574856859 1.11786404748
11.363203017 0.972284083808
11.3708644461 1.09788745991
11.3768346166 1.13718894434
11.3830374783 1.05671884384
11.3884276984 1.17268886326
11.3950868563 1.08046976296
11.4005991504 1.06896409028
11.4059759384 1.2365613312
11.4112685783 1.26338261031
11.4207879819 1.08100886805
11.4273424485 1.24171782994
11.4338064459 1.15538130697
11.4395735547 1.13654299245
11.4450846637 1.25346430262
11.4513677229 1.20333016119
11.4570123627 1.12031467259
11.4637205082 1.17954789665
11.4702121599 1.26936353362
11.4760752687 1.08000155331
11.4812007976 1.08442969958
11.4890818809 1.12726026994
11.4962933348 1.14404407264
11.503102221 1.05998109863
11.5099731319 0.977999395706
11.5158524382 1.03292319468
11.5222472999 1.12660522111
11.5290115441 1.14265739548
11.5354522329 1.11733081109
11.5410739591 1.0997852512
11.5476837342 1.04827620285
11.5536321763 1.08807643031
11.5608136056 1.15586680091
11.5673977018 1.0077532578
11.5728941934 1.10004669502
11.577831673 1.01573616805
11.584081152 1.07607948835
11.589284903 1.14200677284
11.5963817891 1.2379201097
11.602553441 1.11957422894
11.6073360564 1.08710177156
11.6139067204 1.14333694595
11.6205307178 1.13124500694
11.6310318495 1.02105596648
11.6367025633 0.983003541572
11.6420240427 1.14815592916
11.6484750031 1.13526235619
11.6538419145 1.19825254824
11.659330505 1.06590657007
11.6650083299 1.05944011467
11.6713087718 1.10910759997
11.6779754359 1.01924643792
11.6850051615 1.11760092439
11.692489603 1.23564991427
11.6978549342 1.12794422748
11.7040214503 1.12572910175
11.7100737936 1.13060150568
11.7156354704 1.20999901375
11.7212034682 1.08730416947
11.7275370953 1.13436303655
11.7343175371 1.16612216554
11.7408562011 0.94765357587
11.7466517544 1.03164209241
11.7530628136 1.16132358319
11.7585205892 1.17336713416
11.7645290807 1.11636101609
11.770575498 1.01310539696
11.7761363847 1.18306650408
11.7823266045 1.09870841342
11.7880992442 1.12282826646
11.7943585998 1.10171145149
11.8007823009 1.17585179605
11.8073671872 1.15767349956
11.8129051603 1.08883765865
11.819357701 1.04976813031
11.8249541432 1.04566718938
11.8334143868 1.14839125927
11.8397958164 1.12522282098
11.8453954191 1.04027676387
11.8519976881 1.09117404311
11.8581721054 1.0215270648
11.8636591156 1.0198664436
11.8705434586 1.00201987768
11.8759561972 1.27477285815
11.8813049358 1.05230646519
11.8879309085 1.29439588577
11.894196585 1.16166446737
11.9014262118 1.11480056298
11.9068049751 1.26053360331
11.9131231948 1.11611170009
11.9188314395 1.07805975005
11.9253424492 1.01953331965
11.9315239777 1.10870927154
11.9362951363 0.992266459779
11.9426291585 1.07730230474
11.9490200695 1.24121522093
11.9554579929 1.08217604357
11.960912213 1.01349302169
11.9698299378 1.25931570962
11.975785491 1.10060459197
11.9822281552 1.01955568826
11.9876511654 1.1211034009
11.9938560024 1.08580039711
12.0001556543 1.11542562835
12.0055217756 1.02108899494
12.0104300206 1.02556205587
12.0165637465 1.19220516306
12.0222988554 0.998820354449
12.0286751492 1.06783217834
12.0360872944 1.03357002988
12.0418516378 0.988159744674
12.0471407221 1.08561947602
12.0537137566 1.05907714485
12.0602682231 1.03946016994
12.0656734555 1.06173764153
12.0720580456 1.08770867751
12.0787104874 1.07260915006
12.0844384852 1.11274461163
12.0913275689 1.0365587134
12.0970788752 0.944206208988
12.1029743791 1.01990585209
12.1093842531 1.03066560651
12.1159687443 0.846998825867
12.1215090878 1.01441606653
12.1268594067 0.922231157565
12.1322053799 1.00726747806
12.1376900197 1.07475458881
12.1441615233 1.05622758298
12.1493079904 1.11991804517
12.1558446792 1.16196840894
12.1624441827 1.19159980959
12.1703513401 1.11055904149
12.1767367203 1.03575376987
12.1832042733 1.0307731213
12.1884190861 0.993139890138
12.1943742442 1.07602449942
12.2005028344 1.05095131937
12.206775227 1.06475981889
12.2127390764 1.07327808922
12.2190742838 1.10227180942
12.2245091459 1.09479253418
12.2296982796 1.01099250762
12.2385595107 1.08805021912
12.244111706 1.01156382406
12.2502746666 1.08264405009
12.2580040462 1.07284619419
12.2645047844 1.123817982
12.2710592509 1.01994821402
12.276705866 1.08188571024
12.283340135 0.959322287907
12.2892459104 1.03223841204
12.2945717355 0.991346941117
12.3010128194 1.11482976827
12.306900422 1.11879318624
12.3121981977 1.23314249427
12.3185199729 1.09847586316
12.3248844149 1.14631480547
12.3298112277 1.07313979603
12.3350789787 1.18446546059
12.340778137 1.0808656837
12.3469584802 1.22551645583
12.3528607001 1.00207412683
12.359334179 1.12854059577
12.3657796086 1.03329747963
12.3711346682 1.02855444829
12.3776808384 1.06265295239
12.3839879964 0.975230070285
12.3888753032 1.02432194565
12.3953029549 1.03457673585
12.4013157921 1.04299072751
12.4071050244 1.01529471766
12.41368596 1.24643960869
12.4193981553 1.0863529773
12.4260332144 1.06675246084
12.4312934592 1.10602893654
12.4365217041 1.18167497155
12.4429454053 1.15824632151
12.4495306866 1.13016312537
12.4562285605 1.03282226932
12.4618352743 1.10328461645
12.4671741364 1.17179218713
12.4726327022 1.14284203587
12.4780730951 1.20433148563
12.4831871671 1.28183017776
12.489698572 1.02601388183
12.4953345204 1.08497076051
12.5005785677 1.05763178912
12.5070062195 1.17663536007
12.51342597 1.17535866329
12.5201048809 1.04378033034
12.5262698168 1.03335869863
12.5316205307 1.17883668883
12.5381271948 1.14921873406
12.5442873899 1.11668381183
12.5504084739 1.19095200472
12.5562387926 1.21004134997
12.5618150867 1.01764490534
12.5685141458 1.03520801471
12.5748829334 1.08813155183
12.5810921161 1.03251433214
12.5871764594 1.1312848355
12.5934962594 1.05905608801
12.5998745284 1.02991250338
12.6062338346 1.03467449668
12.6130360047 1.16692410972
12.6190132863 1.02284195606
12.6264613821 1.05442330846
12.6333575769 1.17345697351
12.6388224637 1.04529513885
12.6440949554 1.03298496757
12.6508603848 1.07484973019
12.6574847773 0.920519017738
12.6646843794 1.14308680959
12.671354994 1.11278426151
12.6779750408 1.13562157761
12.6846970135 1.00202421964
12.6911906405 1.06291014632
12.6969324654 1.01085324912
12.705534141 1.11483667017
12.7118748793 1.10363107463
12.7183013459 1.08205260772
12.724911121 1.08480209066
12.7308808964 1.16401670844
12.7373998074 1.0812072938
12.7423475586 1.07881046349
12.747849186 0.966068183717
12.7537277022 1.04943825456
12.7594102679 1.03854707953
12.7655748087 1.06252648131
12.7759692737 1.2102575272
12.7812962839 1.1653414779
12.7872585532 1.03412101434
12.7930070941 1.12810891468
12.7983965241 1.07972412147
12.8053997806 1.09952176993
12.8119190866 0.953403776388
12.818594047 1.0787084058
12.825061995 1.1186846259
12.8315445604 1.03811104052
12.8382594219 1.15195047555
12.8483931463 1.06574831182
12.8543253909 1.05053934525
12.8612472647 1.21836198875
12.8671593611 1.24343183194
12.8728838033 1.06319547963
12.8787872084 1.22350073892
12.884687453 1.14036060763
12.8902353026 1.11834206639
12.8966965346 1.23555865606
12.9030645321 1.18356228792
12.9089185545 1.10436063941
12.9187591432 1.15980956481
12.9253847208 1.24720679798
12.9319735577 1.06069244741
12.9385789872 1.06911364536
12.9449398736 1.10588195689
12.9505608097 1.12711779699
12.9571705848 1.04175075055
12.9635196194 0.959259492898
12.9704889005 1.01429430092
12.9761683057 1.10920197102
12.9825122044 1.12653686367
12.9916483984 1.09795722682
12.9974771368 1.08066401329
13.0041114058 1.03008705901
13.0103798478 1.06791957356
13.0168971785 1.13862901759
13.0228985589 0.989669192614
13.0299982104 1.084701793
13.036200282 0.996660458084
13.0412357368 1.05897074322
13.0476416602 1.12819488674
13.0539353861 1.22467026349
13.0616604201 1.09929868604
13.0673500968 1.06971172538
13.0738437239 1.12638226114
13.0791335984 1.11459272901
13.0847031764 1.00567267034
13.0904177421 0.967501250611
13.0961058386 1.13082413877
13.1026950705 1.11829390108
13.1081236116 1.18035400081
13.1144793622 1.05140847223
13.1197016811 1.04429207809
13.1308989112 1.09082720473
13.1373036495 1.00429757073
13.1431422644 1.0987112557
13.1497307063 1.21955465251
13.1554346053 1.1099591344
13.1619819607 1.10861756382
13.1670573167 1.11488409288
13.1727063021 1.1929942404
13.1788534602 1.071347161
13.185364865 1.12071470327
13.1910486159 1.14810568176
13.2009156737 0.931473265386
13.2076194735 1.01352460446
13.2143525079 1.14340814641
13.2196810984 1.15477283298
13.2255525035 1.09996271386
13.2314634147 0.996001373307
13.2377761036 1.16858484354
13.2438406938 1.08145836661
13.2495900249 1.10772078012
13.2559058742 1.08795886379
13.2621770816 1.15984289005
13.2686932272 1.14443967987
13.2752267555 1.07339000648
13.2816121357 1.03010957548
13.2868095657 1.03030267142
13.2928433411 1.13314635398
13.2993910916 1.11008779696
13.3051657066 1.02387841152
13.3123807161 1.07599539692
13.3190090592 1.00615728767
13.3251846617 1.00181890273
13.3308751285 0.983227711389
13.3376034222 1.25961351116
13.3441626295 1.03878833891
13.3502908246 1.27898954829
13.3557529459 1.14519627909
13.3616812398 1.09994602271
13.3669802007 1.2458910745
13.3736251363 1.10163334399
13.3789944182 1.06188215707
13.3854580206 1.00282961577
13.3918351045 1.0921549966
13.3971814727 0.975405268116
13.40560142 1.05975424491
13.4106653192 1.22722339023
13.4171384031 1.06701059531
13.4228450675 0.998820729823
13.4279702013 1.2442089735
13.4339632853 1.08387107501
13.4393325672 1.00352052935
13.4457487622 1.1050175554
13.4516450561 1.07181099584
13.4569534985 1.09926482089
13.4634261873 1.00593722895
13.4741193189 1.01069838097
13.4808780322 1.17712118392
13.4862315116 0.983599958016
13.4925876572 1.05241000763
13.4980043465 1.01758106828
13.5032286407 0.970723316227
13.5084233053 1.06764660915
13.5138032538 1.04468920856
13.5200803871 1.02595568641
13.5265755944 1.04531334825
13.533162061 1.06979164086
13.5430208225 1.05639962926
13.5491253139 1.09806837128
13.5546443241 1.02132583678
13.5599065442 0.924310220968
13.5655673815 1.00096341676
13.5710682188 1.01389006566
13.5773690559 0.829862247706
13.5838188311 0.999513811449
13.5901524582 0.906766386226
13.595636703 0.994727312993
13.601674824 1.05881068068
13.611658425 1.03975733897
13.618311657 1.10412077424
13.6247740742 1.1480466414
13.6301097758 1.17755138338
13.6353719959 1.09215724003
13.6417324872 1.01985183427
13.6480289786 1.0143193313
13.6546324327 0.978013572645
13.6609336648 1.05771721605
13.6674861561 1.03719181312
13.674107388 1.05075870277
13.6815606196 1.05585067853
13.6878006172 1.08473881915
13.6943471825 1.07988306348
13.6999203161 0.995265100478
13.7064392271 1.07407868658
13.7129533974 0.995432413872
13.7198412959 1.06756632524
13.7253034172 1.05790242387
13.7319092417 1.11057706881
13.7381531899 1.00422612164
13.744224101 1.06406410621
13.7506244936 0.946112974436
13.7559364915 1.01538967905
13.7614476004 0.977015310723
13.7667722403 1.0994112595
13.7727807317 1.1051805474
13.7781681864 1.21732292345
13.7835686781 1.08134378854
13.7894918363 1.13113649501
13.7947011181 1.05635792669
13.8011852637 1.16738198966
13.8079060512 1.06727238149
13.814936962 1.21327858929
13.8203927623 0.988640951508
13.8270021424 1.11413386791
13.832344165 1.02030087129
13.8387070267 1.01295036993
13.8441802097 1.04977071744
13.8512146761 0.961699333033
13.8565132419 1.00768268857
13.8628958566 1.01778300296
13.8683812866 1.02930874019
13.874857926 1.00203016486
13.8852002429 1.23292258101
13.8909930307 1.06994664448
13.8972267073 1.05292058328
13.9030455692 1.09391748581
13.9083322831 1.16963455698
13.913470849 1.14398490683
13.919842007 1.1146599122
13.9265588438 1.01639475492
13.9320667923 1.08976509012
13.9392691598 1.16086699916
13.9448810094 1.12918637631
13.9541001663 1.18986582986
13.9603148799 1.27175612793
13.9666394206 1.00961862869
13.9720983814 1.07086431028
13.9777983298 1.044284927
13.9841635618 1.16126148749
13.9901605965 1.16000239703
13.9960873102 1.02892870638
14.0025777768 1.01916707083
14.0083097251 1.16390251324
14.0144841424 1.13314748398
14.0242101633 1.09832775008
14.0305315435 1.17598237276
14.0360098623 1.19471641889
14.0423960326 1.00219840761
14.0489026967 1.01954289477
14.055807978 1.07287890451
14.0620357286 1.01677133514
14.068383973 1.11497635486
14.0738346375 1.04530021682
14.078733401 1.01676195056
14.084283226 1.01993189562
14.0942502344 1.15151892008
14.0996720594 1.00791435719
14.1050682054 1.04287292615
14.1114231659 1.16136845149
14.1177346695 1.03085498096
14.1242772842 1.01796622826
14.1308937754 1.06091212031
14.1374028099 0.906324737178
14.1433334742 1.12840882761
14.1488422128 1.09907895364
14.1543604328 1.12205852189
14.1630774664 0.98746377494
14.1697461058 1.04885795978
14.17551598 0.998374505149
14.182143928 1.09996863947
14.1882424935 1.09059011377
14.1938590839 1.06802476144
14.2007497479 1.07220162806
14.2065180419 1.15081131639
14.212267768 1.06794381186
14.2183043088 1.06672680403
14.2251092444 0.953657268917
14.2354428699 1.03525291078
14.2421715586 1.02507787331
14.2476779268 1.04820253722
14.2533118999 1.19685195822
14.2600714034 1.15377876596
14.2655971296 1.01999642773
14.2722053246 1.11449420818
14.2774126311 1.06572034217
14.2836727768 1.08620420204
14.2902146014 0.939765722388
14.296006204 1.0646646763
14.305719978 1.10451578368
14.3120168644 1.02425731401
14.3189075283 1.1369239249
14.3252980443 1.055282105
14.3309276717 1.03703646592
14.3372158668 1.20523657131
14.3432168521 1.22856199404
14.3487161091 1.0499976508
14.3553578843 1.20962193539
14.3609401043 1.12952073383
14.3674384721 1.10480048186
14.3747854322 1.22210438849
14.3801914547 1.16920585539
14.3850783664 1.09271341793
14.3913930306 1.14527514362
14.3971305098 1.23056735749
14.4026009274 1.04651367964
14.4090657149 1.0575186851
14.4152093174 1.08939527344
14.4218672901 1.11448427682
14.4283929172 1.02846687173
14.4337780015 0.945658286508
14.4433712816 1.00101448005
14.4491123164 1.09611082148
14.4548592771 1.11488501227
14.4611612993 1.0837602699
14.4678532473 1.0670755646
14.4741892448 1.0174144819
14.4809692915 1.05261553367
14.4858724006 1.12690542017
14.4918425711 0.976524581479
14.4974721985 1.07341679923
14.5040566898 0.983064296712
14.5124075013 1.04686762416
14.5188110543 1.11810847856
14.5252770271 1.21480146962
14.5318480862 1.08437684807
14.5379703554 1.05694508396
14.5447654144 1.11350070785
14.5501117827 1.10201003454
14.5564300024 0.994556233641
14.5630990368 0.956650373702
14.5704590339 1.11819067824
14.5771999695 1.10535291364
14.5827332019 1.16660832254
14.5891624339 1.04097544936
14.5947375428 1.03345832471
14.6012378859 1.07754627366
14.6073783279 0.993927939907
14.614070671 1.08424451711
14.620422866 1.20773840068
14.6254168393 1.09762102184
14.6312127877 1.09559622612
14.6378197974 1.10348901381
14.6478591021 1.18003421302
14.6545064081 1.05977243923
14.660498307 1.11082676178
14.6656104037 1.13482383794
14.672208327 0.920021545598
14.6779770161 1.00032837456
14.6842379519 1.12980709195
14.6916591835 1.14075814292
14.6980741934 1.08767491936
14.7052828819 0.983360915498
14.7119155706 1.15736553683
14.7214898878 1.06859173364
14.7288581812 1.09649574644
14.7343953642 1.07783107094
14.7407001518 1.14833188033
14.7471084456 1.13483624424
14.7539362947 1.06219508416
14.7595430086 1.01511048012
14.7658505616 1.01885674377
14.7716883865 1.12185226274
14.7770063103 1.09916946998
14.7822752465 1.01154317896
14.7918104526 1.06483556695
14.7971248209 0.994760132938
14.8034884727 0.988207009582
14.809367779 0.969556181116
14.8144810609 1.24849188958
14.8209245152 1.0290200991
14.8266193278 1.26769804915
14.8323346835 1.13246851486
14.8388915204 1.0889410574
14.844310185 1.23476106115
14.8501349728 1.09076927894
14.8588772903 1.04981654134
14.8642568438 0.990699845528
14.8704340265 1.07956034291
14.8760762959 0.962810186969
14.8813926394 1.04679195134
14.8879459208 1.21664917613
14.8936747087 1.05605947669
14.899483299 0.988015779876
14.906181963 1.23288856764
14.9125483802 1.07133532734
14.9183415631 0.991341138965
14.9284622505 1.09332105496
14.9348910875 1.06156591984
14.9407613074 1.08746218133
14.9462265891 0.995008890293
14.9529860926 0.999508474022
14.9594208555 1.1655011524
14.9650777422 0.972598522986
14.9716254927 1.04102202537
14.9782273666 1.00540896744
14.9845894382 0.957955094756
14.9907101271 1.05426340291
14.9980005934 1.03426229414
15.004497776 1.0157707972
15.0103778724 1.03315252797
15.0170575735 1.05624282776
15.0237198919 1.04443302389
15.029591692 1.08737930526
15.0359936648 1.01020953655
15.0425058598 0.909624599052
15.0479695613 0.986477283695
15.053633164 1.00196686813
15.0590265446 0.817308001173
15.0656501469 0.988338601951
15.0713718237 0.895102623117
15.0774913274 0.985517299658
15.0840770038 1.0469220315
