0.000358716 2.29533
0.000631704 2.28449
0.00095447 2.30126
0.00132109 2.28358
0.00158894 2.29842
0.00191368 2.28334
0.00220128 2.29515
0.00263111 2.28106
0.00300207 2.29209
0.00326044 2.29616
0.00349985 2.2849
0.00375111 2.30334
0.00406992 2.29503
0.00441718 2.28747
0.00465896 2.27953
0.00493313 2.27127
0.00537244 2.27961
0.00561738 2.29842
0.00584968 2.26597
0.00607802 2.28337
0.00633916 2.27941
0.0065999 2.29923
0.0068796 2.29402
0.00710598 2.29347
0.00749709 2.29592
0.00780207 2.28062
0.00814736 2.27614
0.00875654 2.28913
0.00904415 2.27867
0.00932741 2.28456
0.0096399 2.28598
0.00991447 2.29031
0.0102447 2.28499
0.0105383 2.27712
0.0108685 2.26477
0.0112494 2.28146
0.0115832 2.27699
0.0118329 2.28722
0.0122169 2.26673
0.0126451 2.28419
0.013052 2.27699
0.0133867 2.28593
0.0136889 2.27283
0.0140101 2.2787
0.014336 2.25632
0.014701 2.26759
0.0150882 2.29334
0.0154023 2.28768
0.0157475 2.27563
0.0161023 2.28699
0.0164571 2.27107
0.0168762 2.28544
0.0172855 2.27551
0.0176099 2.27422
0.0179725 2.25662
0.0183526 2.28706
0.0187247 2.27498
0.0191127 2.27579
0.0194331 2.2661
0.0197365 2.27514
0.0200754 2.26363
0.020333 2.26629
0.0205973 2.27748
0.0209691 2.26493
0.0213302 2.27239
0.0216913 2.27477
0.0220318 2.25693
0.022415 2.26249
0.0227579 2.2625
0.0230052 2.27227
0.0233659 2.26201
0.023714 2.26224
0.0241233 2.28149
0.0244926 2.2695
0.0248604 2.24919
0.0251631 2.2708
0.0255 2.24994
0.0258351 2.25203
0.0261732 2.2448
0.0266603 2.27303
0.0269321 2.25723
0.0272932 2.25367
0.0275962 2.25915
0.0279964 2.23643
0.0283923 2.28029
0.0286637 2.24314
0.0290777 2.25212
0.0293543 2.25717
0.0297071 2.24806
0.0300535 2.2656
0.0304257 2.25742
0.0307824 2.25776
0.0311447 2.25931
0.0315907 2.24295
0.0318542 2.24737
0.0321323 2.22809
0.0323725 2.26977
0.032619 2.24976
0.0329019 2.25264
0.0334345 2.25442
0.0337078 2.23634
0.0339698 2.26785
0.0343411 2.23107
0.0348191 2.24581
0.0351044 2.24396
0.0354252 2.26435
0.0357511 2.2791
0.0360549 2.23866
0.0363184 2.23438
0.0365598 2.24972
0.0369584 2.25878
0.0372662 2.25221
0.0375249 2.25671
0.0378797 2.25468
0.0382854 2.26383
0.0387046 2.24374
0.0389661 2.25273
0.0392197 2.25039
0.0396211 2.23645
0.0398554 2.23441
0.0401386 2.25259
0.0403856 2.22136
0.0407403 2.23807
0.0409971 2.22518
0.0413886 2.24539
0.0417714 2.24457
0.0420792 2.22072
0.0423233 2.2054
0.0425876 2.24128
0.0428638 2.23672
0.0431146 2.2238
0.0433647 2.26064
0.0437827 2.22871
0.0440343 2.2103
0.0443038 2.21599
0.044576 2.24103
0.044926 2.26209
0.0452764 2.20841
0.0456178 2.24177
0.0460918 2.22191
0.0463395 2.20089
0.0467184 2.22487
0.0469669 2.23906
0.0472782 2.22746
0.0475204 2.22696
0.0478455 2.21362
0.0481888 2.25045
0.0485313 2.20006
0.0489256 2.20075
0.0492029 2.23584
0.0494996 2.21127
0.0497596 2.18191
0.050095 2.22223
0.0503581 2.22373
0.0507148 2.19244
0.0510759 2.2223
0.0513236 2.21074
0.0515986 2.21522
0.0518941 2.20054
0.0523287 2.22664
0.0526111 2.19276
0.0529552 2.18202
0.0532531 2.20866
0.0535723 2.22066
0.0539018 2.20454
0.0541847 2.21607
0.0544912 2.21171
0.0547978 2.2149
0.0550498 2.21499
0.0554054 2.18887
0.0557527 2.20533
0.0560976 2.20009
0.0563397 2.15455
0.0566198 2.18989
0.0568893 2.20913
0.0572531 2.18246
0.0576087 2.17656
0.058074 2.19479
0.0584616 2.17947
0.0587192 2.22674
0.0590716 2.18322
0.0594338 2.20592
0.0596938 2.20088
0.0599577 2.20261
0.0602963 2.19789
0.0606846 2.19408
0.0610528 2.19944
0.0614325 2.17534
0.0618512 2.19082
0.0621961 2.15296
0.0624699 2.17634
0.0628551 2.20244
0.0631727 2.17081
0.063819 2.18023
0.0641011 2.19974
0.0644081 2.1811
0.0647541 2.19068
0.0650718 2.18181
0.0654005 2.17766
0.0657616 2.16767
0.0660025 2.19807
0.0662811 2.16754
0.0667445 2.19331
0.0670092 2.17772
0.0673039 2.17545
0.0675895 2.16313
0.0680387 2.11369
0.0683433 2.18509
0.068593 2.19118
0.0688786 2.15391
0.0691895 2.13866
0.0694858 2.14808
0.0697398 2.11549
0.0700563 2.18222
0.0703367 2.1639
0.0706338 2.16402
0.0709499 2.15635
0.0713201 2.16991
0.0716219 2.17423
0.0721149 2.15477
0.0725815 2.14061
0.0729193 2.14756
0.0732547 2.15818
0.0736422 2.12458
0.0739741 2.17509
0.0742834 2.15127
0.0748322 2.16836
0.0752343 2