0.00101966 2.50761
0.00141274 2.50962
0.00177106 2.50587
0.00225343 2.5041
0.00268721 2.50998
0.00310835 2.51138
0.00351526 2.50979
0.00382025 2.49506
0.00415052 2.50365
0.00443457 2.49223
0.00476958 2.50948
0.00518242 2.50778
0.00553245 2.50443
0.0059923 2.5051
0.00630163 2.50142
0.0066007 2.50411
0.0068962 2.49972
0.00723872 2.4932
0.00761047 2.49892
0.00792336 2.49494
0.00822084 2.50146
0.00852978 2.49135
0.00887823 2.48508
0.00928949 2.50595
0.00961304 2.50021
0.00992238 2.49666
0.010212 2.49343
0.0104992 2.49603
0.0107868 2.4984
0.0111518 2.48922
0.011524 2.48648
0.0118471 2.49329
0.0124409 2.49027
0.0127656 2.48443
0.0131552 2.48636
0.0134957 2.48517
0.0138141 2.49592
0.0141594 2.48163
0.0144782 2.47588
0.0149464 2.4829
0.0153604 2.48084
0.0157424 2.47676
0.0161474 2.48899
0.0165045 2.4813
0.0168853 2.48304
0.0171852 2.48434
0.0176273 2.47902
0.0180686 2.46933
0.0184004 2.48628
0.0187248 2.48291
0.019061 2.48249
0.0193754 2.47383
0.019695 2.48023
0.0200889 2.48506
0.0205733 2.47601
0.0210205 2.48313
0.0213938 2.48358
0.021715 2.48151
0.022206 2.48186
0.0226047 2.4664
0.0229484 2.46973
0.0234268 2.46926
0.0238969 2.47819
0.024373 2.45213
0.0248257 2.47222
0.025329 2.47529
0.0257683 2.46138
0.0262329 2.4702
0.0266015 2.47401
0.0270325 2.47097
0.0274382 2.46016
0.0278906 2.47559
0.0283066 2.46152
0.0287159 2.4727
0.0290382 2.46361
0.0294381 2.45179
0.0298888 2.46692
0.0303084 2.45765
0.0308978 2.46133
0.0313687 2.46532
0.0318475 2.44777
0.0322442 2.46808
0.032725 2.46518
0.0332133 2.46584
0.0335696 2.46171
0.0340615 2.45986
0.0344115 2.44099
0.0347781 2.45471
0.0353861 2.45045
0.0357547 2.46482
0.0362564 2.45678
0.0367044 2.46167
0.037167 2.46257
0.037538 2.45488
0.0380097 2.4443
0.0385027 2.45355
0.038918 2.44555
0.0393134 2.45667
0.0398479 2.45696
0.0402015 2.44916
0.0407293 2.4561
0.0411896 2.45677
0.0416557 2.44569
0.0419911 2.4423
0.0425229 2.44968
0.043238 2.44027
0.0436409 2.43682
0.0441261 2.44832
0.0445385 2.44786
0.0450244 2.44478
0.0457596 2.44959
0.0462736 2.43491
0.0465853 2.45035
0.0470728 2.44605
0.047511 2.46053
0.0478788 2.4451
0.0482422 2.43315
0.0486171 2.43686
0.0490252 2.43885
0.0494558 2.43255
0.0498928 2.44241
0.0502701 2.42722
0.0506312 2.44346
0.0510851 2.44102
0.051432 2.42279
0.0517883 2.44299
0.052296 2.42217
0.0528419 2.42414
0.053237 2.43353
0.0535981 2.43421
0.0541034 2.42503
0.0545344 2.43789
0.0549286 2.4259
0.0554272 2.41528
0.0557804 2.43032
0.0562035 2.41823
0.0566302 2.42334
0.0570569 2.43535
0.0573915 2.42807
0.0577134 2.42676
0.0582164 2.41873
0.0586541 2.42585
0.0590681 2.41555
0.0594 2.42708
0.059944 2.42236
0.0604813 2.42286
0.060949 2.41626
0.0614409 2.41326
0.0618659 2.41604
0.0623139 2.42148
0.0627489 2.40799
0.0631297 2.41105
0.0635023 2.40812
0.0639669 2.40521
0.0647783 2.39299
0.0651548 2.41258
0.065623 2.41432
0.0661516 2.40792
0.0665099 2.40396
0.0668982 2.39412
0.0673419 2.4127
0.0677464 2.38716
0.0682126 2.40574
0.068584 2.39704
0.0689462 2.40796
0.0692986 2.39528
0.0697632 2.39358
0.0701397 2.39749
0.0704364 2.38973
0.0709433 2.4026
0.0713356 2.389
0.0718037 2.35189
0.0722138 2.40958
0.0726152 2.38758
0.0730193 2.39593
0.0733536 2.39146
0.0737735 2.39919
0.0741429 2.37593
0.074521 2.38043
0.0749496 2.37847
0.0753613 2.38655
0.0758251 2.37886
0.0762802 2.37198
0.0767215 2.39077
0.0772019 2.39377
0.0775835 2.39191
0.0780307 2.37398
0.0784218 2.38395
0.0788402 2.36292
0.0792629 2.39581
0.0796236 2.36159
0.0800036 2.37693
0.0804129 2.37835
0.0807764 2.38678
0.0811375 2.37751
0.0815349 2.35252
0.0818411 2.36652
0.0823053 2.36483
0.0827236 2.34246
0.0831041 2.35763
0.0834881 2.35968
0.0838753 2.35103
0.0842288 2.36494
0.0845919 2.34658
0.0850035 2.36065
0.0853267 2.37135
0.0857656 2.36089
0.0861812 2.36636
0.0865672 2.36385
0.0869164 2.35874
0.0872503 2.34014
0.0877603 2.35049
0.0882071 2.34628
0.0885559 2.34833
0.0889044 2.34676
0.0895981 2.33423
0.0900611 2.35352
0.0905111 2.33786
0.0908584 2.32336
0.0912467 2.31594
0.0915944 2.3212
0.0920005 2.326
0.0924015 2.32893
0.0927163 2.32552
0.0931845 2.3392
0.0935535 2.30188
0.0940347 2.34266
0.0943981 2.35943
0.0948054 2.32146
0.0951843 2.29472
0.0956355 2.29324
0.0960242 2.32475
0.0963802 2.35807
0.0967776 2.34634
0.0971963 2.3437
0.0976222 2.33014
0.098009 2.31545
0.0983203 2.30674
0.0987683 2.33157
0.0993862 2.33891
0.0997864 2.3275
0.100205 2.31172
0.100667 2.32268
0.101098 2.28899
0.101507 2.33864
0.102032 2.317
0.102428 2.32637
0.102778 2.3378
0.103102 2.30457
0.103596 2.30287
0.103917 2.31454
0.104379 2.32109
0.104707 2.3185
0.105047 2.31461
0.105501 2.287
0.105949 2.31094
0.106399 2.26884
0.106776 2.27871
0.107304 2.28857
0.107608 2.28553
0.10804 2.27445
0.108373 2.26963
0.108833 2.28313
0.109253 2.28475
0.109665 2.25541
0.110214 2.26909
0.110585 2.28211
0.111083 2.25596
0.111656 2.26459
0.112073 2.2718
0.112619 2.25795
0.113057 2.27716
0.113446 2.29773
0.113937 2.26551
0.114371 2.30251
0.114803 2.28198
0.115185 2.23394
0.115624 2.25523
0.116053 2.24136
0.116543 2.22437
0.116856 2.27561
0.11739 2.28793
0.117796 2.24373
0.118243 2.2212
0.118551 2.23707
0.119055 2.23765
0.119422 2.21944
0.119955 2.22644
0.120298 2.23704
0.120893 2.22926
0.121277 2.21668
0.12171 2.25088
0.122116 2.25592
0.12242 2.25362
0.122941 2.20996
0.12335 2.24833
0.123944 2.2076
0.124257 2.21936
0.124699 2.20566
0.125144 2.24728
0.125544 2.16637
0.125848 2.24278
0.126327 2.17346
0.126849 2.19085
0.127252 2.1823
0.127718 2.15718
0.128224 2.17539
0.128744 2.22386
0.129299 2.20581
0.129621 2.18149
0.129963 2.23624
0.130347 2.19189
0.130766 2.17378
0.131172 2.1538
0.131657 2.16336
0.132075 2.15582
0.13254 2.19256
0.132918 2.20132
0.133324 2.17356
0.133727 2.13941
0.13412 2.18216
0.13451 2.18874
0.134939 2.1905
0.135306 2.18358
0.135813 2.21906
0.136138 2.16548
0.136533 2.18722
0.136883 2.1606
0.137216 2.11166
0.137562 2.18535
0.138059 2.17909
0.138457 2.16616
0.138879 2.14497
0.139254 2.14772
0.139688 2.09208
0.140039 2.16845
0.140478 2.20176
0.140906 2.13967
0.141357 2.09846
0.141698 2.12739
0.142138 2.12859
0.142505 2.14219
0.142936 2.16702
0.143295 2.15357
0.143856 2.14443
0.144236 2.15644
0.144701 2.15374
0.145111 2.10594
0.145653 2.08416
0.145991 2.11733
0.146354 2.13552
0.14667 2.11696
0.147076 2.11733
0.147475 2.08171
0.148049 2.10165
0.148433 2.10629
0.148886 2.08775
0.149252 2.10826
0.149711 2.15442
0.150061 2.11447
0.150562 2.08451
0.151033 2.11439
0.151477 2.10867
0.15183 2.07263
0.152261 2.08469
0.15284 2.06765
0.153226 2.01717
0.153613 2.06663
0.154034 2.04668
0.154405 2.12678
0.15473 2.03816
0.15588 2.08418
0.156209 2.03427
0.156607 2.00778
0.156983 2.06479
0.157384 2.02591
0.1577 1.98552
0.15813 2.02275
0.158705 2.01173
0.159055 2.01533
0.159448 2.005
0.159793 2.02388
0.160173 2.11998
0.160594 2.09303
0.160973 2.05856
0.161354 1.94648
0.161813 2.08969
0.162171 2.11165
0.162571 2.06042
0.16306 2.05602
0.163619 2.05273
0.164111 1.9935
0.164457 2.02921
0.165026 2.08742
0.165526 2.00428
0.165909 2.0134
0.166328 2.0559
0.166717 1.97529
0.167082 1.92477
0.16744 2.01013
0.167835 1.99646
0.168195 1.99065
0.168737 1.94436
0.169181 1.98654
0.169502 1.9928
0.169947 2.00436
0.170288 1.99112
0.170636 2.05675
0.170988 2.00144
0.171532 1.92465
0.172149 1.902
0.17261 1.95561
0.173039 2.04395
0.173497 2.02514
0.17389 1.94421
0.17425 1.97363
0.17457 1.90812
0.175097 1.9179
0.175557 1.97983
0.176392 2.00958
0.176812 1.93313
0.177207 1.97114
0.177646 2.01198
0.178079 1.96938
0.178441 1.92829
0.178922 1.89695
0.179353 1.88728
0.17981 1.89332
0.180211 1.94018
0.180733 1.9538
0.181079 1.87535
0.181637 1.88691
0.182238 1.87878
0.182618 1.95495
0.183078 1.83434
0.183459 1.85049
0.18402 1.87174
0.184462 1.89517
0.184919 1.89571
0.185262 1.96057
0.18569 1.89725
0.185975 1.89166
0.18641 1.89861
0.186733 1.8212
0.187259 1.87234
0.187581 1.9122
0.187907 1.88147
0.1883 1.94113
0.188744 1.84287
0.189167 1.89976
0.189625 1.87313
0.189974 1.89744
0.190689 1.87654
0.191084 1.85166
0.191624 1.81989
0.192051 1.86751
0.192481 1.78502
0.192889 1.8536
0.193561 1.88301
0.193943 1.8871
0.194304 1.73196
0.194653 1.74935
0.195005 1.71559
0.195342 1.86766
0.196028 1.73878
0.19651 1.79003
0.196951 1.85326
0.197463 1.71754
0.198013 1.92563
0.198436 1.75155
0.19887 1.83631
0.199263 1.77849
0.199638 1.81815
0.199981 1.90359
0.200513 1.82039
0.20084 1.83301
0.201527 1.86566
0.201914 1.89583
0.202392 1.80637
0.202878 1.81198
0.203474 1.86307
0.203812 1.84258
0.204238 1.73088
0.204554 1.77148
0.204976 1.78778
0.205411 1.69819
0.20575 1.77662
0.206179 1.80007
0.206529 1.77926
0.206878 1.74736
0.207311 1.76363
0.207645 1.70086
0.208112 1.81865
0.208502 1.82113
0.208855 1.79387
0.209202 1.78064
0.209628 1.78821
0.210041 1.75347
0.210468 1.75125
0.210835 1.71529
0.211229 1.75761
0.211602 1.7352
0.212172 1.7235
0.212727 1.78575
0.213201 1.63339
0.213639 1.74881
0.214157 1.7846
0.21463 1.67246
0.215113 1.72337
0.215528 1.712
0.216106 1.71518
0.216541 1.68505
0.217036 1.70547
0.217619 1.73209
0.218054 1.77098
0.218412 1.69064
0.218882 1.58305
0.219215 1.70431
0.219592 1.67387
0.220076 1.73209
0.220504 1.60091
0.221058 1.72223
0.221353 1.81787
0.221802 1.67052
0.222121 1.75506
0.222558 1.86648
0.222974 1.81398
0.223382 1.7699
0.223869 1.72642
0.224237 1.75998
0.224569 1.68434
0.225026 1.68789
0.225373 1.61089
0.225806 1.76105
0.226186 1.72753
0.226622 1.58726
0.227021 1.69354
0.227325 1.75454
0.227739 1.75878
0.22819 1.55085
0.2287 1.70428
0.229095 1.68339
0.229484 1.68527
0.22984 1.70177
0.230296 1.59824
0.230751 1.69204
0.231184 1.60611
0.231573 1.66188
0.232037 1.63738
0.232373 1.5427
0.23281 1.61083
0.233158 1.62409
0.233591 1.66109
0.234019 1.63354
0.234476 1.64324
0.234903 1.54664
0.235194 1.65767
0.235576 1.58489
0.235903 1.61715
0.236573 1.7061
0.237083 1.71703
0.237577 1.6681
0.238039 1.65559
0.238412 1.59126
0.238781 1.64695
0.239152 1.6642
0.239502 1.66265
0.239893 1.68837
0.240349 1.64468
0.240721 1.65977
0.241021 1.70456
0.241478 1.68062
0.241797 1.60004
0.242202 1.67573
0.242613 1.54161
0.243127 1.62117
0.243546 1.66456
0.243943 1.64299
0.244268 1.68315
0.244711 1.6046
0.24517 1.64868
0.245666 1.68795
0.246156 1.6726
0.246529 1.78322
0.246975 1.75403
0.247384 1.57443
0.24784 1.57232
0.248185 1.65346
0.248754 1.56907
0.249171 1.62766
0.249683 1.53962
0.250084 1.63805
0.250515 1.71448
0.250892 1.61268
0.251223 1.72371
0.251603 1.57137
0.251993 1.54786
0.252354 1.55387
0.252775 1.54937
0.253276 1.61167
0.253631 1.71925
0.253961 1.65134
0.254391 1.5684
0.254804 1.66061
0.255419 1.57159
0.255798 1.57657
0.25621 1.71073
0.25665 1.73069
0.257042 1.64368
0.257505 1.56211
0.257982 1.51981
0.258326 1.5244
0.25882 1.65085
0.25918 1.6033
0.259615 1.61504
0.259952 1.56261
0.260479 1.51832
0.260867 1.59619
0.261308 1.61519
0.261743 1.52082
0.262112 1.51826
0.262407 1.4975
0.262769 1.44895
0.263135 1.45656
0.263657 1.58405
0.264088 1.63756
0.264522 1.57325
0.264916 1.53433
0.265398 1.46514
0.265702 1.53655
0.266302 1.4923
0.266701 1.56658
0.267066 1.58865
0.267484 1.55476
0.267857 1.47617
0.268425 1.48518
0.268973 1.52497
0.269334 1.55804
0.269833 1.55124
0.270172 1.40822
0.270508 1.34112
0.270883 1.63712
0.271376 1.56572
0.271764 1.51723
0.27231 1.61467
0.272625 1.63126
0.273059 1.49234
0.273494 1.4829
0.273893 1.43946
0.274407 1.53682
0.274772 1.46632
0.275265 1.44656
0.275753 1.50615
0.276221 1.56528
0.276587 1.56169
0.276952 1.5267
0.277319 1.52319
0.277768 1.42796
0.278116 1.61335
0.278529 1.46901
0.27887 1.51887
0.279181 1.54452
0.279834 1.61372
0.280182 1.54856
0.280649 1.44254
0.280959 1.46163
0.281588 1.50105
0.281902 1.35457
0.282324 1.42405
0.282666 1.4382
0.283054 1.48073
0.283383 1.49289
0.283753 1.40482
0.284221 1.46519
0.284625 1.51588
0.284989 1.58729
0.285374 1.55458
0.285874 1.56559
0.286468 1.50787
0.286998 1.44539
0.287462 1.46813
0.287885 1.54942
0.288262 1.48727
0.288677 1.5282
0.289006 1.43409
0.289492 1.51552
0.289826 1.47283
0.290222 1.36626
0.290572 1.37402
0.291025 1.44313
0.291457 1.49579
0.291818 1.44397
0.292176 1.48253
0.292608 1.45529
0.292915 1.37953
0.293323 1.4916
0.293655 1.62233
0.294029 1.4545
0.294506 1.37731
0.294849 1.36719
0.295247 1.48015
0.295707 1.59047
0.296065 1.5974
0.296498 1.55545
0.296898 1.63261
0.297227 1.42907
0.297527 1.4334
0.298011 1.57353
0.298376 1.5726
0.298746 1.50129
0.299339 1.45935
0.299845 1.50472
0.300308 1.43045
0.300729 1.62561
0.301093 1.51695
0.301428 1.48627
0.301768 1.61829
0.302485 1.46039
0.30285 1.45494
0.30325 1.47247
0.303641 1.56016
0.303976 1.58084
0.304421 1.59827
0.304912 1.42043
0.305316 1.46858
0.305672 1.38557
0.306076 1.37959
0.306563 1.48641
0.306892 1.44809
0.307241 1.45268
0.307675 1.44129
0.308017 1.424
0.308333 1.40844
0.308703 1.28804
0.309146 1.38602
0.309626 1.44656
0.310045 1.33227
0.310428 1.42517
0.310836 1.46342
0.311173 1.41619
0.311619 1.47724
0.312046 1.51684
0.312526 1.40272
0.312935 1.49449
0.313392 1.43718
0.313892 1.37697
0.314382 1.39264
0.314915 1.45682
0.315306 1.33335
0.315644 1.45282
0.316261 1.52834
0.31655 1.38355
0.316943 1.31981
0.317382 1.41004
0.317843 1.38445
0.318258 1.30816
0.31861 1.41686
0.319177 1.38942
0.319521 1.40751
0.319982 1.34197
0.320334 1.47794
0.320828 1.53513
0.321181 1.46555
0.321593 1.40232
0.321995 1.48698
0.322373 1.38382
0.322743 1.41505
0.323191 1.38307
0.323607 1.48949
0.324267 1.33866
0.324613 1.47074
0.32502 1.31423
0.325409 1.32523
0.32571 1.33935
0.326021 1.25578
0.326448 1.33033
0.326814 1.5324
0.327209 1.43664
0.327607 1.37296
0.328018 1.50071
0.328372 1.44315
0.328795 1.36503
0.329116 1.3122
0.329584 1.38847
0.33 1.30757
0.330465 1.39677
0.330858 1.42313
0.331336 1.36425
0.331669 1.26393
0.332012 1.39897
0.332445 1.39327
0.332981 1.49918
0.333401 1.49819
0.333706 1.50519
0.334071 1.37579
0.334542 1.42852
0.334951 1.37707
0.335394 1.31286
0.335873 1.44997
0.336316 1.48286
0.336792 1.43619
0.337213 1.35464
0.337699 1.38319
0.3381 1.32498
0.338548 1.4375
0.338963 1.53611
0.339471 1.35983
0.339852 1.22606
0.340483 1.27751
0.340929 1.29775
0.34135 1.35461
0.341766 1.4347
0.342153 1.42708
0.342566 1.45507
0.342929 1.42863
0.343345 1.46061
0.343717 1.299
0.344114 1.25548
0.344476 1.33585
0.344858 1.44741
0.345251 1.39379
0.345661 1.41818
0.346109 1.29123
0.346501 1.33198
0.347003 1.4145
0.347429 1.31018
0.34786 1.36156
0.348427 1.44781
0.348782 1.41522
0.349244 1.35383
0.349552 1.42323
0.350002 1.40624
0.350321 1.29497
0.350703 1.33756
0.351233 1.33656
0.351643 1.2486
0.351957 1.32513
0.35231 1.31744
0.352706 1.46629
0.353079 1.32976
0.353419 1.38398
0.353782 1.33511
0.354165 1.23955
0.354606 1.39494
0.354938 1.25863
0.355373 1.20564
0.355804 1.32356
0.356384 1.25404
0.356857 1.31452
0.357263 1.27475
0.357656 1.2693
0.358203 1.54676
0.358701 1.44957
0.359047 1.3849
0.359486 1.1773
0.359956 1.48571
0.36032 1.53671
0.360738 1.36679
0.361197 1.404
0.361605 1.37881
0.361888 1.30629
0.362351 1.35449
0.362695 1.56027
0.363116 1.31765
0.363508 1.35502
0.363902 1.38394
0.364389 1.26655
0.364754 1.18037
0.365084 1.34162
0.36549 1.3699
0.365862 1.28783
0.366185 1.21377
0.366551 1.25803
0.36704 1.31862
0.367513 1.32623
0.368 1.37042
0.368423 1.49249
0.368768 1.37141
0.369208 1.2367
0.369672 1.15396
0.37015 1.32652
0.370475 1.46571
0.37084 1.48983
0.371414 1.28755
0.371819 1.3707
0.372205 1.23458
0.372696 1.25564
0.373075 1.36868
0.373616 1.34337
0.37416 1.2478
0.374613 1.38024
0.374921 1.41414
0.375353 1.29383
0.375761 1.26556
0.376084 1.23874
0.376467 1.24428
0.376838 1.21737
0.377179 1.33504
0.377625 1.413
0.377994 1.20953
0.378347 1.24197
0.378722 1.2512
0.37917 1.33659
0.379554 1.22262
0.379913 1.22764
0.380287 1.25067
0.380737 1.21253
0.381145 1.28374
0.381513 1.35937
0.381936 1.26896
0.3823 1.27935
0.382733 1.32032
0.383121 1.18639
0.38362 1.2383
0.383977 1.34375
0.384419 1.23681
0.384951 1.3901
0.385335 1.25013
0.385667 1.30644
0.386086 1.3313
0.386485 1.29748
0.386918 1.26516
0.387247 1.2423
0.387669 1.15966
0.388044 1.22356
0.38847 1.19905
0.388866 1.25846
0.38934 1.25732
0.389775 1.28818
0.390176 1.05984
0.390624 1.09602
0.391212 1.09243
0.391534 1.32833
0.392052 1.12959
0.392408 1.12503
0.392799 1.33803
0.393184 1.06098
0.393634 1.40101
0.393974 1.22605
0.394408 1.31729
0.39475 1.19777
0.395086 1.30177
0.39554 1.3902
0.3959 1.26001
0.396325 1.31192
0.3967 1.36451
0.397095 1.46087
0.397432 1.2566
0.397912 1.31877
0.398379 1.32976
0.398785 1.30508
0.399126 1.17094
0.399626 1.22894
0.399949 1.25347
0.400301 1.15066
0.400714 1.22356
0.401117 1.2815
0.401517 1.25581
0.401911 1.20887
0.402344 1.25389
0.402714 1.18283
0.403106 1.3176
0.403571 1.2785
0.404015 1.28673
0.40442 1.29463
0.404816 1.28811
0.405236 1.24939
0.405573 1.27577
0.405947 1.1838
0.406366 1.23393
0.406676 1.2641
0.407182 1.2374
0.407564 1.27041
0.407926 1.12474
0.408409 1.24475
0.408851 1.29461
0.409279 1.22813
0.409618 1.24832
0.410069 1.28726
0.41039 1.2742
0.410795 1.16702
0.411188 1.2527
0.411567 1.26094
0.412045 1.29034
0.412422 1.1998
0.412801 1.06097
0.413139 1.22224
0.413661 1.19215
0.414182 1.26253
0.414588 1.0829
0.414931 1.22598
0.415473 1.36995
0.41593 1.27826
0.416281 1.27153
0.416645 1.46063
0.416957 1.3712
0.417342 1.3191
0.4179 1.264
0.418254 1.31046
0.418599 1.3024
0.419004 1.28845
0.419341 1.19016
0.419763 1.37559
0.420222 1.29886
0.42062 1.14991
0.421047 1.30063
0.421365 1.36392
0.4218 1.38135
0.422352 1.09705
0.422824 1.25124
0.423325 1.27044
0.423737 1.29362
0.424178 1.25158
0.424572 1.15
0.425047 1.25504
0.425384 1.15774
0.425893 1.22671
0.426268 1.22549
0.426754 1.14313
0.427107 1.14341
0.427495 1.15574
0.4279 1.24423
0.42833 1.23278
0.42869 1.19842
0.429061 1.13954
0.429653 1.25615
0.430004 1.17469
0.430329 1.17652
0.430754 1.39169
0.431098 1.37816
0.431557 1.2594
0.431982 1.25019
0.432445 1.17672
0.432823 1.25758
0.433205 1.24366
0.433519 1.28511
0.434113 1.34103
0.43456 1.27544
0.434936 1.25536
0.435249 1.35713
0.435575 1.35282
0.435909 1.19895
0.43633 1.26589
0.436823 1.14728
0.437233 1.22616
0.437665 1.30087
0.438147 1.26272
0.43853 1.34215
0.438909 1.2503
0.439211 1.3215
0.439735 1.37092
0.440092 1.32538
0.440616 1.41942
0.440904 1.42921
0.441281 1.21843
0.441826 1.16495
0.442276 1.29034
0.442698 1.1888
0.443093 1.21361
0.443452 1.1867
0.443782 1.28084
0.444122 1.38146
0.444619 1.28597
0.44512 1.39204
0.445518 1.21997
0.445943 1.16474
0.44628 1.18081
0.446781 1.203
0.447243 1.27922
0.447724 1.37191
0.448128 1.34059
0.448516 1.23637
0.448979 1.3203
0.449357 1.22852
0.449647 1.24212
0.450209 1.40145
0.450525 1.40421
0.451062 1.31423
0.451398 1.19337
0.451811 1.15611
0.452183 1.13583
0.45258 1.28495
0.453107 1.23411
0.453421 1.2587
0.453879 1.20536
0.454345 1.17085
0.454767 1.25151
0.455106 1.29632
0.45548 1.19333
0.455801 1.19012
0.456148 1.21214
0.456475 1.08798
0.456953 1.12339
0.457418 1.2438
0.457823 1.33045
0.458153 1.27901
0.458573 1.21759
0.45896 1.11946
0.459375 1.16905
0.459707 1.19201
0.460188 1.24487
0.460629 1.33536
0.461068 1.23107
0.4614 1.13602
0.461972 1.16793
0.462336 1.19877
0.462748 1.2542
0.463147 1.20807
0.463566 1.04856
0.463948 1.06861
0.464323 1.3117
0.464637 1.26021
0.465066 1.17853
0.465407 1.33295
0.465875 1.34074
0.466298 1.19235
0.46662 1.16579
0.466967 1.11429
0.467334 1.2397
0.467785 1.14402
0.46818 1.10787
0.468589 1.18591
0.468897 1.23704
0.469303 1.26008
0.469692 1.23127
0.470027 1.22707
0.470542 1.11319
0.471013 1.31657
0.471426 1.18328
0.471758 1.24468
0.47218 1.26531
0.472474 1.32839
0.472861 1.25977
0.473209 1.15875
0.47352 1.14692
0.473844 1.2358
0.474193 1.05172
0.474514 1.12572
0.474921 1.1451
0.475392 1.20782
0.475691 1.20907
0.47604 1.1157
0.476351 1.1634
0.476786 1.23248
0.477194 1.34058
0.477571 1.30459
0.477908 1.33221
0.478304 1.22968
0.478786 1.1582
0.479268 1.17537
0.479617 1.31304
0.480007 1.20328
0.480466 1.26151
0.480799 1.16012
0.481236 1.23398
0.481642 1.20946
0.482098 1.08394
0.482486 1.08377
0.48283 1.18107
0.483208 1.23906
0.483596 1.1922
0.484053 1.2679
0.484442 1.19354
0.48478 1.1113
0.485236 1.19359
0.485689 1.38079
0.486085 1.20662
0.486519 1.13732
0.486881 1.13472
0.487284 1.21079
0.487626 1.31495
0.488039 1.36722
0.48846 1.30245
0.488886 1.41719
0.489188 1.17284
0.48956 1.18311
0.489939 1.33345
0.490394 1.34127
0.490809 1.25053
0.491147 1.22495
0.491534 1.24412
0.491877 1.21344
0.49221 1.39657
0.492687 1.29509
0.493127 1.21886
0.493537 1.39726
0.494037 1.21493
0.494398 1.20456
0.494733 1.21615
0.49515 1.32781
0.495595 1.35653
0.496024 1.40115
0.496344 1.15543
0.496772 1.21691
0.497192 1.17676
0.497604 1.14377
0.497919 1.25679
0.49831 1.2044
0.498806 1.25088
0.499279 1.21202
0.499754 1.1662
0.50017 1.1491
0.500559 1.02222
0.500995 1.13116
0.501334 1.19478
0.501797 1.06375
0.502192 1.18339
0.502645 1.24996
0.503031 1.19214
0.503431 1.25103
0.50382 1.28633
0.50415 1.13659
0.504472 1.22813
0.504901 1.18216
0.505359 1.13409
0.505722 1.13925
0.506202 1.25279
0.506524 1.107
0.50696 1.20132
0.507298 1.28595
0.507694 1.14548
0.508099 1.07358
0.508507 1.20472
0.508897 1.15766
0.509281 1.04756
0.509739 1.17908
0.510123 1.1351
0.510468 1.19576
0.510863 1.1183
0.511248 1.29858
0.511728 1.36574
0.512041 1.24461
0.512345 1.19142
0.512658 1.25138
0.512995 1.17429
0.513311 1.17901
0.513767 1.17949
0.514238 1.27769
0.514628 1.14183
0.514954 1.27
0.515409 1.1168
0.515745 1.08527
0.516123 1.10758
0.516541 1.02779
0.516909 1.11471
0.517254 1.35293
0.517693 1.23968
0.518113 1.18207
0.518437 1.3064
0.518851 1.25482
0.519314 1.17309
0.519648 1.11041
0.520001 1.18169
0.52038 1.10014
0.520702 1.18729
0.521044 1.20446
0.52136 1.14184
0.521682 1.05153
0.522086 1.21765
0.522392 1.18219
0.522815 1.32051
0.523235 1.3004
0.523564 1.28289
0.523879 1.15371
0.524342 1.22586
0.524734 1.18529
0.525166 1.13801
0.52567 1.26698
0.526075 1.31402
0.526536 1.25538
0.526899 1.16095
0.527322 1.1744
0.52777 1.15171
0.528088 1.2504
0.528508 1.33435
0.528948 1.17137
0.529433 1.00915
0.52982 1.05363
0.530221 1.07942
0.530542 1.15174
0.530928 1.25226
0.531262 1.23134
0.531624 1.27978
0.532003 1.22933
0.532377 1.27782
0.532805 1.11192
0.533189 1.04734
0.533618 1.1458
0.53404 1.27466
0.534444 1.2319
0.534889 1.24801
0.535245 1.09819
0.535537 1.13374
0.535818 1.25713
0.536234 1.14208
0.536592 1.18185
0.536944 1.25174
0.53732 1.24005
0.537857 1.18222
0.538325 1.26284
0.538771 1.22557
0.539143 1.10273
0.539476 1.1502
0.540001 1.14121
0.540443 1.07969
0.540855 1.14379
0.541401 1.14979
0.541975 1.28529
0.542537 1.16565
0.542907 1.20754
0.543298 1.17036
0.543611 1.0593
0.544019 1.2453
0.544373 1.06045
0.544835 1.00276
0.545177 1.17537
0.545661 1.07711
0.546017 1.13773
0.546452 1.08312
0.546793 1.08489
0.54731 1.41443
0.547636 1.2731
0.548275 1.21831
0.548626 1.0104
0.549219 1.32583
0.549717 1.39068
0.550001 1.18929
0.5505 1.25493
0.551089 1.21655
0.551579 1.14622
0.552056 1.2014
0.552551 1.44224
0.552875 1.15186
0.553391 1.20111
0.553805 1.20022
0.55422 1.1018
0.554563 1.00733
0.555017 1.17353
0.555388 1.22344
0.555805 1.1174
0.556204 1.04375
0.556626 1.07799
0.556943 1.15147
0.557377 1.1449
0.557784 1.23511
0.558172 1.35242
0.558498 1.20639
0.558931 1.08707
0.559259 0.974888
0.559608 1.17831
0.560018 1.29059
0.560387 1.37322
0.560687 1.12323
0.561063 1.22208
0.561374 1.07571
0.561836 1.09653
0.562161 1.22172
0.562552 1.15929
0.56294 1.0748
0.563596 1.22986
0.563968 1.24551
0.564382 1.12256
0.56473 1.1027
0.565116 1.0775
0.565492 1.1202
0.565889 1.04785
0.566403 1.18953
0.566808 1.2936
0.567154 1.0492
0.567608 1.07731
0.568001 1.11218
0.568511 1.16438
0.568933 1.09669
0.569426 1.08619
0.569873 1.09189
0.570306 1.0292
0.570676 1.1225
0.571039 1.1943
0.571549 1.11113
0.571924 1.13332
0.572514 1.18782
0.572837 1.02989
0.573268 1.07227
0.573677 1.18994
0.574176 1.06413
0.574559 1.24008
0.574984 1.09856
0.575345 1.15884
0.57581 1.20141
0.576253 1.13837
0.57667 1.10328
0.577115 1.09271
0.577538 0.982583
0.577901 1.0445
0.578421 1.0604
0.578774 1.10096
0.579211 1.08302
0.579535 1.12338
0.58006 0.895424
0.580473 0.933698
0.580966 0.954957
0.581318 1.18683
0.581762 0.991557
0.582107 0.959231
0.582523 1.22674
0.5829 0.904275
0.583299 1.2131
0.583601 1.09353
0.584003 1.18289
0.584378 1.06573
0.584879 1.16865
0.585167 1.2419
0.585536 1.12001
0.585857 1.19139
0.586393 1.23102
0.586764 1.35623
0.587236 1.12414
0.587665 1.19208
0.588253 1.16498
0.588822 1.16078
0.589436 1.02811
0.589805 1.08121
0.590186 1.10658
0.590585 1.01723
0.590998 1.08431
0.59153 1.14676
0.591963 1.11697
0.592334 1.07494
0.592688 1.13651
0.593129 1.05969
0.593479 1.18565
0.593853 1.1262
0.594273 1.14786
0.594707 1.15422
0.595058 1.1554
0.595461 1.12213
0.595954 1.16611
0.596347 1.0326
0.596756 1.10203
0.597097 1.15443
0.597441 1.11664
0.597836 1.13264
0.598213 0.997593
0.598578 1.1155
0.599076 1.16111
0.599393 1.12729
0.599856 1.1241
0.600307 1.17555
0.600716 1.16397
0.601243 1.03289
0.601669 1.12567
0.602156 1.12275
0.60255 1.15984
0.602981 1.06823
0.603325 0.945865
0.603749 1.09634
0.604095 1.07219
0.60453 1.12651
0.60509 0.961959
0.605508 1.09542
0.605843 1.24284
0.606292 1.19521
0.606693 1.13324
0.60742 1.33998
0.607792 1.23446
0.608245 1.18773
0.608936 1.13168
0.609346 1.17096
0.609825 1.20884
0.610434 1.17466
0.610867 1.08144
0.611222 1.27256
0.611567 1.1831
0.612178 1.04749
0.612465 1.20011
0.612922 1.26908
0.613267 1.27624
0.613922 0.983733
0.614275 1.12596
0.614777 1.16736
0.615157 1.18893
0.615731 1.12465
0.616126 1.03758
0.616711 1.12149
0.617079 1.0477
0.61751 1.10772
0.617919 1.11693
0.618236 1.04793
0.618629 1.00766
0.619063 1.01766
0.619401 1.13618
0.61976 1.11851
0.620073 1.06371
0.620459 1.03122
0.620854 1.14063
0.621283 1.06211
0.621588 1.06244
0.622021 1.30171
0.62239 1.28285
0.62282 1.14082
0.623309 1.12931
0.623755 1.06487
0.624089 1.15342
0.624667 1.1212
0.625131 1.18052
0.625623 1.26357
0.626172 1.16795
0.626597 1.13741
0.627114 1.26565
0.6275 1.25785
0.627934 1.08787
0.628493 1.13391
0.628969 1.03877
0.629533 1.1167
0.629862 1.18415
0.630367 1.16168
0.631354 1.25419
0.63189 1.16507
0.632274 1.22
0.632675 1.2816
0.633099 1.22388
0.633594 1.30801
0.634058 1.3444
0.634595 1.11097
0.635046 1.04495
0.635485 1.17758
0.636061 1.07832
0.636561 1.09386
0.637049 1.09677
0.637609 1.17266
0.638151 1.27022
0.638576 1.18213
0.639 1.27628
0.639396 1.11595
0.639777 1.06004
0.640172 1.07006
0.640489 1.10223
0.640977 1.1819
0.641349 1.25828
0.641722 1.24163
0.642085 1.14427
0.642528 1.21075
0.642998 1.11882
0.643417 1.14765
0.643898 1.30983
0.644337 1.29011
0.644687 1.22441
0.645066 1.07764
0.645446 1.05179
0.645897 1.0168
0.646393 1.15861
0.646764 1.12284
0.64713 1.14588
0.647527 1.09454
0.647933 1.06746
0.648345 1.14452
0.648747 1.20245
0.649118 1.0993
0.649609 1.09252
0.649943 1.14134
0.650354 0.984179
0.650749 1.02498
0.651124 1.13955
0.651509 1.23815
0.651972 1.18786
0.652376 1.12189
0.652789 1.01544
0.653295 1.06249
0.653741 1.11981
0.654163 1.14739
0.654541 1.26698
0.654952 1.13237
0.655262 1.03579
0.655859 1.06756
0.656241 1.09518
0.656815 1.15045
0.657196 1.10234
0.657681 0.93797
0.658189 0.995965
0.658523 1.20154
0.659218 1.16915
0.659532 1.07146
0.659918 1.2396
0.660289 1.24304
0.660665 1.09985
0.661048 1.06532
0.661497 1.01988
0.661917 1.14869
0.662292 1.04443
0.662678 1.01139
0.663202 1.09172
0.663583 1.13519
0.664124 1.16773
0.664549 1.13966
0.665047 1.13681
0.665507 1.01862
0.665918 1.21855
0.666453 1.08764
0.666856 1.16491
0.667349 1.18005
0.668146 1.22945
0.668515 1.16394
0.669021 1.07254
0.669405 1.05913
0.66975 1.1565
0.670126 0.956754
0.670482 1.04789
0.671045 1.05381
0.671467 1.12254
0.671854 1.11952
0.672173 1.03175
0.672645 1.05971
0.673028 1.14597
0.673443 1.25746
0.673803 1.23072
0.67415 1.26207
0.674521 1.14294
0.675031 1.06998
0.675423 1.0763
0.675886 1.2305
0.676301 1.10817
0.67666 1.16995
0.677048 1.07244
0.677423 1.13945
0.67793 1.12862
0.678488 0.990695
0.678942 0.992477
0.679305 1.09399
0.679663 1.15102
0.68 1.10659
0.680416 1.20244
0.680816 1.11476
0.681178 1.02283
0.681509 1.08844
0.681825 1.29733
0.682358 1.12995
0.682787 1.06379
0.683137 1.05767
0.683787 1.11919
0.68417 1.21426
0.684598 1.29369
0.684968 1.21704
0.685304 1.33576
0.685647 1.0914
0.68608 1.10547
0.686565 1.24564
0.68691 1.26945
0.687342 1.16816
0.687687 1.16072
0.68821 1.14804
0.688581 1.15301
0.688933 1.31653
0.689369 1.22191
0.689846 1.12609
0.690211 1.31664
0.690745 1.1404
0.691133 1.12598
0.691566 1.13389
0.691895 1.24185
0.692287 1.26608
0.692598 1.31969
0.692961 1.06292
0.693347 1.13155
0.693894 1.11625
0.694222 1.07208
0.694539 1.16911
0.695023 1.1193
0.695412 1.18616
0.695918 1.13228
0.696292 1.07977
0.696685 1.06639
0.696999 0.937166
0.697482 1.04544
0.697882 1.1083
0.698278 0.978141
0.698691 1.09776
0.699074 1.18641
0.699439 1.12242
0.699835 1.17507
0.700238 1.21125
0.700647 1.045
0.701067 1.12946
0.701517 1.1048
0.701997 1.04746
0.702501 1.06134
0.70301 1.17366
0.703417 1.03005
0.70381 1.11853
0.704328 1.20516
0.704795 1.06578
0.705259 0.987361
0.705627 1.13762
0.706256 1.08332
0.706646 0.95957
0.707056 1.09296
0.707514 1.04797
0.707904 1.12386
0.708248 1.04878
0.708781 1.24674
0.709147 1.31735
0.709597 1.17264
0.710041 1.11504
0.710428 1.15756
0.711047 1.10379
0.71145 1.09654
0.711887 1.11065
0.712367 1.201
0.712735 1.074
0.713122 1.20157
0.713496 1.05735
0.713898 1.00556
0.714253 1.02924
0.71485 0.961434
0.715157 1.03735
0.715581 1.28565
0.715935 1.17129
0.716392 1.11721
0.717009 1.23551
0.717579 1.18556
0.718143 1.10865
0.718656 1.04956
0.719039 1.10557
0.719446 1.03477
0.719851 1.11461
0.720348 1.12222
0.720741 1.0691
0.721153 0.986654
0.721635 1.15198
0.722097 1.1044
0.722414 1.25504
0.722929 1.22798
0.723274 1.19736
0.723714 1.07528
0.724108 1.15798
0.724536 1.1159
0.725078 1.08193
0.725505 1.19512
0.725815 1.25067
0.726242 1.1864
0.726738 1.09937
0.727193 1.1005
0.72769 1.09291
0.728239 1.19059
0.728676 1.25309
0.72911 1.1073
0.729421 0.940769
0.729867 0.978325
0.730264 1.00368
0.730759 1.07976
0.731275 1.1869
0.731674 1.15923
0.73216 1.20772
0.732506 1.15843
0.732889 1.20646
0.733317 1.05087
0.733627 0.976658
0.734073 1.07794
0.734543 1.21173
0.735378 1.17943
0.73579 1.18322
0.736226 1.02916
0.736769 1.06152
0.737149 1.20577
0.737618 1.09004
0.738023 1.12031
0.738384 1.1789
0.738782 1.18075
0.739216 1.11955
0.739928 1.21135
0.740395 1.16488
0.740758 1.03483
0.741085 1.07658
0.741377 1.0653
0.741883 1.02579
0.742208 1.07827
0.742706 1.09355
0.7431 1.21843
0.743482 1.10722
0.743784 1.14242
0.744197 1.10163
0.744521 0.998036
0.744881 1.1935
0.745425 0.990903
0.745846 0.92997
0.746172 1.12398
0.746718 1.01085
0.747088 1.06622
0.74752 1.01096
0.748065 1.01135
0.748412 1.35923
0.748741 1.20579
0.74903 1.15928
0.74931 0.956813
0.74977 1.26608
0.750349 1.32991
0.750797 1.12208
0.751147 1.19994
0.751522 1.15739
0.751881 1.0885
0.752317 1.15141
0.752905 1.3859
0.753285 1.09414
0.753642 1.14851
0.753959 1.1332
0.754317 1.04068
0.754851 0.948965
0.75537 1.10619
0.755653 1.16656
0.756061 1.05675
0.756469 0.985944
0.756895 1.0114
0.757266 1.08738
0.757679 1.07752
0.758066 1.18633
0.758427 1.29954
0.75899 1.14106
0.759507 1.03665
0.759949 0.914364
0.760471 1.12433
0.760827 1.21925
0.761262 1.32556
0.761647 1.06242
0.761961 1.15844
0.762501 1.01782
0.762949 1.03618
0.763389 1.16726
0.763812 1.08969
0.764148 1.01568
0.764877 1.17307
0.765187 1.1801
0.765594 1.06146
0.765936 1.0461
0.766282 1.01446
0.766734 1.07853
0.767101 0.982777
0.767469 1.13413
0.767857 1.24556
0.76821 0.990004
0.768713 1.018
0.769093 1.05995
0.769555 1.09651
0.769892 1.04511
0.770301 1.03305
0.770744 1.02966
0.771184 0.960323
0.7716 1.05621
0.772006 1.13051
0.772441 1.05087
0.772876 1.08102
0.773245 1.13821
0.773881 0.97095
0.774332 1.01022
0.774726 1.12841
0.775101 0.997921
0.77562 1.18026
0.775991 1.03889
0.776417 1.10324
0.776767 1.1497
0.777221 1.07766
0.777748 1.04207
0.778173 1.03791
0.778573 0.914648
0.778862 0.972667
0.779349 1.00648
0.779703 1.03422
0.780182 1.01732
0.780677 1.05852
0.781105 0.836474
0.781531 0.869719
0.781917 0.904343
0.782398 1.12997
0.782787 0.938978
0.783138 0.903926
0.78353 1.18703
0.78406 0.847381
0.784515 1.03952
0.784968 1.12556
0.785485 1.0115
0.785991 1.11268
0.786415 1.18032
0.786845 1.06737
0.787358 1.14874
0.787825 1.17482
0.788189 1.31522
0.788523 1.07132
0.788888 1.13969
0.789309 1.09141
0.789712 1.10409
0.790042 0.974591
0.790412 1.02255
0.790838 1.0452
0.791273 0.966402
0.791695 1.02942
0.792121 1.09003
0.79246 1.05626
0.792983 1.0225
0.793374 1.091
0.79383 1.01216
0.794205 1.13162
0.794805 1.06635
0.79515 1.08952
0.795529 1.09483
0.795908 1.10162
0.796376 1.0722
0.796859 1.11966
0.797284 0.972236
0.797689 1.05165
0.798019 1.11072
0.798681 1.06846
0.79906 1.07519
0.799536 0.948195
0.799885 1.06639
0.800335 1.1051
0.800789 1.08262
0.801536 1.07143
0.801841 1.12875
0.802222 1.12039
0.802734 0.981498
0.803133 1.06943
0.803709 1.06375
0.804085 1.10343
0.804596 1.01417
0.804905 0.908063
0.805251 1.04229
0.805695 1.02251
0.806175 1.06789
0.806499 0.919781
0.806924 1.04069
0.807348 1.1922
0.807723 1.16569
0.80821 1.07455
0.808593 1.28788
0.808974 1.1782
0.80952 1.12981
0.809927 1.07627
0.810381 1.10988
0.810857 1.16935
0.811679 1.11426
0.812078 1.0361
0.812393 1.22589
0.812864 1.13156
0.81321 1.00873
0.813649 1.15398
0.813981 1.23064
0.814426 1.23041
0.814851 0.936971
0.815375 1.07806
0.81571 1.12513
0.816099 1.1394
0.816459 1.07528
0.81695 0.993618
0.817252 1.06615
0.817768 1.00272
0.818164 1.06023
0.818543 1.07465
0.818961 1.01035
0.819273 0.952403
0.819636 0.959322
0.820098 1.09068
0.820473 1.06676
0.820872 1.00522
0.821201 0.987647
0.821521 1.09259
0.821949 1.01546
0.822305 1.01926
0.822785 1.26172
0.823283 1.23835
0.823718 1.09335
0.824041 1.07326
0.824372 1.01871
0.824787 1.10949
0.825184 1.072
0.825603 1.14062
0.825982 1.23397
0.826371 1.12256
0.826683 1.08503
0.827257 1.22808
0.827736 1.21172
0.828058 1.04043
0.828472 1.07604
0.82887 0.992511
0.82922 1.07651
0.829658 1.1307
0.829995 1.12223
0.830486 1.21911
0.830832 1.13031
0.831205 1.16973
0.831697 1.23771
0.832118 1.17933
0.832586 1.26147
0.832954 1.31332
0.833241 1.05953
0.833696 0.995306
0.834114 1.13003
0.834697 1.03183
0.835095 1.04556
0.835499 1.05969
0.835903 1.1251
0.83638 1.21888
0.836755 1.13863
0.837177 1.22077
0.837647 1.06816
0.837968 1.01599
0.838439 1.02105
0.838963 1.05784
0.839344 1.14086
0.839753 1.20701
0.840141 1.19108
0.840745 1.1048
0.841063 1.15947
0.841425 1.0637
0.841802 1.10521
0.842205 1.26502
0.842657 1.23381
0.843056 1.1869
0.843489 1.02611
0.843951 1.00645
0.844526 0.967142
0.844991 1.10361
0.845405 1.07751
0.845797 1.09622
0.846151 1.04441
0.846542 1.02194
0.8469 1.09499
0.847393 1.158
0.847849 1.0587
0.84829 1.04906
0.848851 1.10721
0.849466 0.941264
0.849794 0.979275
0.85015 1.09333
0.850643 1.1935
0.851012 1.1434
0.851347 1.07681
0.851815 0.969989
0.852359 1.02025
0.852881 1.08919
0.853251 1.10342
0.853802 1.23753
0.854109 1.08809
0.854618 0.993559
0.855051 1.02139
0.855478 1.04682
0.855823 1.10182
0.856352 1.05749
0.856819 0.887138
0.857253 0.960252
0.857663 1.14693
0.85809 1.13147
0.858391 1.02527
0.858943 1.19824
0.859381 1.19875
0.859874 1.0598
0.86022 1.02006
0.860765 0.978083
0.861055 1.1091
0.861478 1.00274
0.861877 0.974548
0.862304 1.04967
0.862626 1.0895
0.862986 1.12565
0.863398 1.1003
0.863954 1.09791
0.864381 0.979024
0.864746 1.17355
0.865203 1.04056
0.865589 1.13052
0.865923 1.14142
0.86645 1.18417
0.866866 1.1212
0.867198 1.03532
0.867525 1.02632
0.868101 1.11877
0.868586 0.911618
0.869065 1.01783
0.869443 1.01117
0.869976 1.08316
0.870405 1.07754
0.870784 0.994105
0.871122 1.0107
0.871508 1.10847
0.87182 1.21578
0.872178 1.19696
0.872566 1.23022
0.873014 1.10477
0.873386 1.03181
0.873749 1.02934
0.874076 1.19259
0.874563 1.06391
0.874962 1.125
0.875374 1.03326
0.875794 1.09535
0.876236 1.09385
0.876761 0.948679
0.877093 0.952911
0.877502 1.05364
0.877969 1.11
0.878358 1.06254
0.878708 1.17109
0.879133 1.07806
0.879582 0.981488
0.880036 1.04114
0.880434 1.25694
0.880813 1.09768
0.881268 1.03024
0.881725 1.01873
0.882134 1.07841
0.882557 1.16681
0.882915 1.2625
0.883351 1.17828
0.883843 1.29264
0.88428 1.05239
0.884599 1.06831
0.885066 1.20086
0.885429 1.23648
0.885929 1.12964
0.886278 1.13521
0.886802 1.10205
0.88721 1.12545
0.887634 1.27795
0.88802 1.18433
0.888667 1.08244
0.889294 1.27612
0.889977 1.10683
0.890528 1.0908
0.89092 1.09595
0.891572 1.20021
0.891976 1.21919
0.892378 1.27407
0.89272 1.02061
0.893315 1.09018
0.89361 1.08864
0.894087 1.03752
0.894476 1.12075
0.894915 1.07712
0.89543 1.15217
0.895801 1.0946
0.896196 1.04053
0.896612 1.02899
0.896948 0.900232
0.897339 1.00494
0.897861 1.06884
0.898217 0.942181
0.898712 1.05514
0.899033 1.15763
0.899378 1.09316
0.899676 1.14011
0.900084 1.17657
0.9004 1.00238
0.900892 1.08279
0.901233 1.07227
0.901687 1.00726
0.90226 1.03026
0.902729 1.1305
0.903135 0.991905
0.903585 1.08166
0.903886 1.17246
0.904558 1.02811
0.904957 0.946768
0.905277 1.10678
0.905766 1.0494
0.906131 0.922426
0.906532 1.05431
0.906885 1.00957
0.907261 1.09124
0.907854 1.01953
0.908236 1.22258
0.908746 1.29789
0.909125 1.13998
0.909608 1.07868
0.910105 1.11079
0.910531 1.06931
0.910979 1.05913
0.911374 1.07722
0.911807 1.16249
0.912272 1.0423
0.91283 1.16763
0.913312 1.03054
0.913757 0.970416
0.914122 0.993796
0.914604 0.934641
0.914981 0.999224
0.915347 1.25333
0.915746 1.13838
0.916138 1.08309
0.916609 1.19745
0.917123 1.15015
0.917507 1.07749
0.917954 1.02419
0.918315 1.0693
0.918724 1.00653
0.919198 1.08042
0.91966 1.08236
0.919974 1.0382
0.920373 0.959497
0.920714 1.1159
0.921224 1.06429
0.921777 1.22354
0.922373 1.19539
0.922926 1.15687
0.923464 1.0425
0.923792 1.12713
0.924322 1.0777
0.924846 1.05473
0.925358 1.15959
0.925787 1.21717
0.926135 1.1507
0.926518 1.07176
0.926932 1.06536
0.927373 1.06404
0.927888 1.16508
0.928301 1.21271
0.928781 1.07524
0.929143 0.910927
0.929616 0.944518
0.929991 0.968211
0.93034 1.04508
0.930708 1.15244
0.931035 1.12308
0.931443 1.16727
0.932216 1.12384
0.932565 1.1686
0.933125 1.02215
0.933521 0.943628
0.934087 1.04276
0.93443 1.17949
0.935016 1.15185
0.935528 1.149
0.935898 0.99631
0.936402 1.02548
0.936723 1.18256
0.937167 1.06662
0.937583 1.08996
0.937971 1.14326
0.938262 1.15439
0.938769 1.0898
0.939132 1.18783
0.939502 1.13852
0.93998 1.00055
0.940445 1.03567
0.940884 1.02602
0.941379 1.0009
0.94172 1.04374
0.942311 1.06572
0.942752 1.186
0.943304 1.08108
0.94361 1.10993
0.944183 1.06352
0.944623 0.96941
0.944999 1.16669
0.945472 0.958861
0.945994 0.895981
0.946435 1.09859
0.946934 0.974868
0.947413 1.02827
0.947784 0.977257
0.948086 0.97258
0.948619 1.32836
0.949129 1.17318
0.949546 1.1317
0.949942 0.931791
0.950356 1.23738
0.950666 1.29827
0.951151 1.08632
0.951456 1.17085
0.952009 1.12812
0.952406 1.05991
0.952851 1.12806
0.953313 1.35181
0.953776 1.06476
0.954085 1.12334
0.954642 1.10039
0.954999 1.00882
0.955435 0.922201
0.955875 1.07169
0.956318 1.13652
0.956638 1.02525
0.957207 0.958403
0.957609 0.976861
0.958018 1.05335
0.958609 1.04556
0.958951 1.16057
0.959339 1.27364
0.959907 1.10744
0.960426 1.01294
0.960804 0.886576
0.961197 1.09671
0.961609 1.1832
0.961968 1.29823
0.96248 1.03276
0.962905 1.12278
0.963374 0.988353
0.963683 1.00494
0.964222 1.13972
0.964601 1.05605
0.965258 0.98804
0.96574 1.14453
0.966113 1.14796
0.966609 1.03235
0.966951 1.02003
0.967321 0.982229
0.967856 1.05625
0.968226 0.950336
0.968739 1.1057
0.969095 1.21852
0.969477 0.960793
0.969875 0.99079
0.970557 1.03228
0.970978 1.06295
0.97147 1.01415
0.971882 1.00593
0.972324 0.997925
0.972742 0.926922
0.973248 1.0207
0.973611 1.0987
0.974074 1.01949
0.974401 1.05759
0.974966 1.11194
0.975328 0.940789
0.975802 0.97884
0.976137 1.09692
0.976606 0.965025
0.977082 1.14857
0.977679 1.00881
0.978042 1.07578
0.978345 1.12226
0.978761 1.04953
0.979135 1.01197
0.979706 1.0113
0.980031 0.88049
0.980507 0.936925
0.981074 0.977775
0.981532 0.99742
0.981854 0.986763
0.982371 1.02709
0.982809 0.807903
0.983138 0.836685
0.983666 0.878462
0.983993 1.10093
0.984357 0.910083
0.984777 0.878963
0.98518 1.16586
0.985639 0.819715
0.986104 1.12815
0.986559 1.00489
0.986996 1.0964
0.987479 0.980599
0.987905 1.08477
0.988306 1.15007
0.988663 1.04011
0.989029 1.1283
0.989469 1.14651
0.989806 1.29461
0.990259 1.04295
0.990862 1.11241
0.991374 1.05157
0.991697 1.07456
0.992134 0.945906
0.992467 0.993241
0.992922 1.01533
0.993326 0.94146
0.993773 0.99964
0.994141 1.05822
0.994591 1.02131
0.995068 0.995858
0.995409 1.06657
0.995784 0.987342
0.996165 1.10255
0.996587 1.03646
0.99706 1.05739
0.997458 1.06197
0.997896 1.07294
0.998267 1.04513
0.998689 1.09222
0.999126 0.943809
0.999543 1.02645
1.00013 1.08713
1.00069 1.04222
1.00101 1.04393
1.00168 0.923122
1.002 1.04158
1.00257 1.07522
1.00322 1.05455
1.00356 1.04193
1.00398 1.1033
1.00428 1.09644
1.00476 0.95515
1.00507 1.03922
1.0057 1.03303
1.00628 1.07155
1.00715 0.985825
1.0076 0.89029
1.00799 1.01191
1.00836 0.995443
1.00879 1.03689
1.00911 0.899735
1.00954 1.01017
1.00991 1.16682
1.0103 1.14879
1.01082 1.04279
1.01114 1.2596
1.01168 1.14963
1.01221 1.09854
1.01255 1.04771
1.01316 1.0778
1.01358 1.14655
1.01397 1.0756
1.0143 1.01248
1.01476 1.19841
1.01511 1.10065
1.01539 0.98851
1.01578 1.1257
1.01629 1.21018
1.01691 1.20558
1.0173 0.912612
1.01775 1.05466
1.01813 1.10265
1.01849 1.1092
1.01891 1.0514
1.01928 0.971282
1.0197 1.0369
1.02006 0.97758
1.02046 1.03567
1.02085 1.05267
1.02127 0.989572
1.02165 0.924438
1.02198 0.927756
1.02235 1.06464
1.02277 1.03713
1.02323 0.973249
1.02358 0.96513
1.02392 1.06701
1.02422 0.990158
1.02456 0.99758
1.02496 1.23939
1.02549 1.21198
1.02614 1.06939
1.02652 1.04076
1.02697 0.993402
1.02751 1.08509
1.02803 1.04777
1.02854 1.122
1.02899 1.21751
1.02934 1.09814
1.02967 1.05523
1.03021 1.20928
1.03057 1.18462
1.03089 1.01504
1.03124 1.04588
1.03162 0.966757
1.03205 1.05748
1.0327 1.10193
1.03304 1.102
1.03359 1.20118
1.03423 1.11176
1.03459 1.13941
1.03505 1.21084
1.03558 1.15529
1.036 1.238
1.03635 1.29801
1.03685 1.02866
1.03723 0.969906
1.03765 1.10661
1.03806 1.0082
1.03844 1.02212
1.03888 1.03846
1.03929 1.09948
1.03961 1.19202
1.04006 1.11693
1.04036 1.18919
1.04096 1.04051
1.04137 0.992229
1.04169 0.994599
1.0421 1.03375
1.04247 1.11922
1.0429 1.17809
1.04355 1.1599
1.04396 1.08315
1.04437 1.1305
1.04476 1.0309
1.04516 1.08136
1.04555 1.2376
1.0459 1.20051
1.04619 1.16638
1.04653 0.997866
1.04715 0.980967
1.04761 0.941056
1.04795 1.07537
1.04831 1.05421
1.04871 1.06826
1.04921 1.0159
1.04952 0.99615
1.04996 1.06716
1.05039 1.13032
1.05077 1.03631
1.05121 1.02535
1.05162 1.08532
1.05193 0.919593
1.0524 0.953055
1.05271 1.06876
1.0532 1.16679
1.05363 1.11695
1.05411 1.05056
1.05458 0.945169
1.05512 0.999114
1.05547 1.07035
1.05584 1.07811
1.05618 1.22071
1.05657 1.06316
1.05706 0.971471
1.05746 0.996321
1.05785 1.02067
1.05819 1.07572
1.05861 1.03421
1.05903 0.858118
1.05984 0.938938
1.06019 1.11439
1.06064 1.11257
1.06098 1.00047
1.06138 1.17705
1.06172 1.17572
1.06209 1.03873
1.06246 0.994999
1.06307 0.95424
1.06357 1.08661
1.06402 0.980308
1.06442 0.957655
1.06488 1.02639
1.06531 1.06323
1.06571 1.10201
1.06625 1.07937
1.06667 1.07682
1.06702 0.958778
1.06746 1.14819
1.06779 1.01372
1.06825 1.11199
1.06864 1.1202
1.06898 1.16064
1.06937 1.09882
1.06971 1.01497
1.07012 1.01037
1.07053 1.0967
1.07097 0.885928
1.07149 1.00251
1.07181 0.986086
1.07239 1.06098
1.07279 1.05347
1.07327 0.972979
1.07363 0.982574
1.07409 1.08726
1.07444 1.19071
1.07481 1.17696
1.07572 1.21235
1.07606 1.08354
1.07649 1.01141
1.07687 1.00319
1.07738 1.17216
1.07794 1.0393
1.07826 1.09845
1.07857 1.01196
1.07903 1.07044
1.07937 1.07549
1.07982 0.925758
1.0803 0.931322
1.08075 1.03122
1.08116 1.08728
1.08177 1.03581
1.08218 1.15204
1.08257 1.05567
1.08302 0.958213
1.08337 1.01615
1.08379 1.23404
1.08416 1.08093
1.08456 1.01126
1.08488 0.995995
1.08543 1.05634
1.08596 1.14029
1.08631 1.24593
1.08665 1.15692
1.08702 1.26652
1.08746 1.03054
1.08778 1.04691
1.08815 1.17352
1.08858 1.21752
1.08923 1.10719
1.08952 1.122
1.08999 1.07571
1.09048 1.10886
1.09097 1.25521
1.09133 1.1615
1.09187 1.05843
1.09223 1.2531
1.09258 1.08819
1.09306 1.07207
1.09366 1.07462
1.09398 1.17686
1.09449 1.19183
1.09501 1.24656
1.09542 0.997448
1.09574 1.0667
1.09618 1.07247
1.09665 1.01687
1.09702 1.09061
1.09751 1.05242
1.09806 1.1309
1.09846 1.07398
1.09889 1.01857
1.09935 1.00801
1.09975 0.880723
1.10015 0.981553
1.10079 1.04713
1.10111 0.924027
1.10149 1.03003
1.10214 1.14119
1.10252 1.07804
1.10296 1.11999
1.1034 1.15643
1.10377 0.978551
1.10406 1.05778
1.10445 1.05465
1.10476 0.986342
1.10518 1.01516
1.10562 1.10388
1.106 0.969987
1.10647 1.06205
1.10693 1.15796
1.10739 1.00751
1.10784 0.924151
1.10815 1.08957
1.1086 1.03003
1.10904 0.903038
1.10947 1.03405
1.10979 0.989244
1.1101 1.07373
1.11063 1.00426
1.111 1.20746
1.11149 1.2867
1.11187 1.12106
1.11224 1.05861
1.11255 1.08368
1.11295 1.04874
1.11344 1.03863
1.11391 1.05717
1.11438 1.13861
1.11477 1.02391
1.11513 1.14694
1.11558 1.01472
1.11609 0.951582
1.11659 0.974333
1.11694 0.921358
1.11736 0.977193
1.11776 1.23576
1.1182 1.11912
1.11861 1.06113
1.11904 1.17309
1.1194 1.12905
1.11978 1.05936
1.12031 1.01067
1.12082 1.04923
1.12117 0.991371
1.12165 1.06102
1.12202 1.05946
1.12235 1.02233
1.1227 0.945742
1.12325 1.09299
1.12382 1.03996
1.12433 1.20447
1.12473 1.17871
1.12521 1.13545
1.12568 1.02688
1.1262 1.10997
1.12656 1.05267
1.12696 1.03879
1.12725 1.14103
1.12757 1.19704
1.1283 1.1303
1.12863 1.05679
1.12904 1.04522
1.12948 1.04621
1.12979 1.15211
1.13026 1.19056
1.13069 1.05541
1.13126 0.894612
1.13157 0.926364
1.13198 0.948881
1.13232 1.02524
1.1329 1.13072
1.13331 1.10122
1.13382 1.14125
1.13414 1.10438
1.1345 1.14578
1.13483 1.00557
1.13529 0.925299
1.13567 1.02149
1.13615 1.16018
1.1365 1.1337
1.13699 1.12855
1.13747 0.978254
1.13784 1.00392
1.13812 1.16965
1.13847 1.05324
1.13883 1.07212
1.13929 1.12346
1.13972 1.14094
1.1402 1.0731
1.14052 1.17437
1.14081 1.12501
1.14118 0.980293
1.14174 1.01031
1.14214 1.00239
1.14256 0.9867
1.1429 1.02216
1.14323 1.04889
1.14358 1.16763
1.14397 1.06823
1.14448 1.09083
1.14481 1.04
1.14515 0.953002
1.14567 1.1498
1.1461 0.94122
1.14655 0.876867
1.14697 1.08362
1.14735 0.952525
1.14773 1.00555
1.14804 0.959747
1.14866 0.949883
1.14896 1.30951
1.14929 1.15492
1.1498 1.11654
1.15036 0.917253
1.15064 1.22135
1.15101 1.27994
1.15149 1.06408
1.152 1.15302
1.15245 1.11158
1.153 1.04246
1.1534 1.11467
1.1537 1.33041
1.15406 1.04677
1.15441 1.10896
1.15498 1.0816
1.15538 0.98946
1.15571 0.907908
1.15611 1.05178
1.15661 1.11783
1.15701 1.0058
1.15743 0.942577
1.15782 0.955954
1.15838 1.03254
1.15894 1.02813
1.15935 1.14405
1.15969 1.25934
1.16023 1.08766
1.16058 0.999979
1.16092 0.871163
1.16154 1.08026
1.16191 1.16219
1.16233 1.28078
1.16263 1.01591
1.16306 1.10023
1.16342 0.970017
1.16378 0.985904
1.16423 1.12346
1.16456 1.03779
1.16493 0.972496
1.16533 1.12736
1.16579 1.12916
1.16614 1.01597
1.16652 1.00559
1.16704 0.963464
1.16758 1.04183
1.16794 0.931429
1.16834 1.08874
1.16866 1.20118
1.16915 0.943825
1.16951 0.975727
1.16982 1.01536
1.1702 1.04414
1.17063 0.994072
1.17096 0.989944
1.17133 0.979166
1.17171 0.908065
1.17216 0.999048
1.17249 1.08046
1.1729 1.00048
1.17324 1.04581
1.17369 1.09562
1.17407 0.923177
1.17447 0.960306
1.17483 1.07815
1.17527 0.945839
1.1757 1.12815
1.17613 0.990988
1.17657 1.0602
1.17696 1.10536
1.17734 1.03477
1.17776 0.994715
1.17808 0.995982
1.1784 0.86041
1.17882 0.916208
1.17919 0.960089
1.17967 0.974275
1.17999 0.970455
1.18044 1.00931
1.181 0.791204
1.18135 0.817208
1.18177 0.862624
1.18216 1.08391
1.18262 0.891718
1.18305 0.864597
1.18344 1.15212
1.18386 0.803623
1.18423 1.12791
1.18461 0.983747
1.18492 1.08026
1.18535 0.96063
1.18568 1.06899
1.18605 1.13289
1.18648 1.02353
1.18689 1.11686
1.1873 1.12822
1.18771 1.28306
1.18817 1.02584
1.18855 1.09576
1.189 1.02842
1.18943 1.05729
1.18991 0.928417
1.19037 0.976578
1.19071 0.998892
1.19102 0.926868
1.19143 0.980235
1.1918 1.03889
1.19214 0.999615
1.19259 0.980375
1.19298 1.0514
1.19336 0.972635
1.19376 1.08527
1.1941 1.01988
1.19443 1.03716
1.19482 1.04146
1.19512 1.05534
1.19566 1.02796
1.1961 1.07405
1.19646 0.928829
1.1969 1.01215
1.19736 1.07245
1.1978 1.02569
1.1983 1.02471
1.19863 0.908136
1.19899 1.02721
1.19935 1.05718
1.19976 1.03501
1.20019 1.02363
1.20067 1.08818
1.20106 1.08153
1.20138 0.939505
1.20183 1.02194
1.20223 1.01564
1.20267 1.05172
1.20307 0.969368
1.20342 0.880207
1.20387 0.992651
1.20429 0.978595
1.20461 1.01895
1.20493 0.888539
1.20526 0.990914
1.20566 1.15195
1.20619 1.13707
1.20658 1.02388
1.20704 1.24283
1.20748 1.13322
1.20797 1.07964
1.20828 1.03146
1.20881 1.05999
1.20923 1.13196
1.20973 1.05001
1.21014 0.998833
1.21052 1.18165
1.21089 1.08055
1.21134 0.976346
1.21165 1.1069
1.21221 1.19791
1.21258 1.19112
1.21302 0.898507
1.21345 1.04121
1.21383 1.08873
1.21414 1.08959
1.21473 1.03808
1.21519 0.958076
1.21564 1.01934
1.21611 0.962161
1.21654 1.021
1.2169 1.03936
1.21736 0.976383
1.21768 0.908582
1.21798 0.908397
1.2185 1.04807
1.21892 1.01844
1.21929 0.953978
1.21976 0.952026
1.22012 1.0517
1.22057 0.974289
1.22105 0.984726
1.2215 1.22557
1.22201 1.19491
1.22242 1.055
1.22293 1.02031
1.22329 0.977938
1.22375 1.07026
1.22419 1.03534
1.22458 1.11199
1.22499 1.20727
1.22543 1.08333
1.22587 1.03628
1.22626 1.19928
1.22664 1.16826
1.22705 1.00087
1.22737 1.02876
1.22773 0.950758
1.22814 1.04657
1.22856 1.08539
1.229 1.09037
1.22937 1.19103
1.22976 1.10085
1.23013 1.11992
1.23056 1.19362
1.23099 1.14079
1.2314 1.22454
1.23183 1.2888
1.23222 1.00833
1.2326 0.955443
1.23302 1.09446
1.23354 0.995116
1.23395 1.0099
1.23446 1.02446
1.23487 1.08444
1.23532 1.17773
1.23563 1.10484
1.23598 1.16933
1.2364 1.02322
1.2368 0.977675
1.23717 0.978835
1.23753 1.01906
1.23789 1.1062
1.23839 1.16035
1.23877 1.13978
1.23919 1.07023
1.23957 1.11346
1.23997 1.01059
1.24029 1.06693
1.2408 1.2201
1.24142 1.17908
1.24193 1.15327
1.24226 0.980842
1.24269 0.964638
1.24309 0.92551
1.24359 1.05899
1.24405 1.04033
1.24452 1.05057
1.24484 0.997832
1.24522 0.979927
1.24558 1.05049
1.24606 1.11151
1.24639 1.02269
1.24673 1.01118
1.24708 1.07009
1.24746 0.907351
1.2478 0.93666
1.24824 1.05419
1.24859 1.14922
1.24896 1.09976
1.24927 1.03387
1.24986 0.930191
1.25038 0.987151
1.25085 1.05721
1.25117 1.06223
1.25159 1.21032
1.25202 1.04777
1.25238 0.9584
1.25269 0.981262
1.25309 1.00499
1.25346 1.06044
1.25384 1.02071
1.25421 0.840145
1.25461 0.925679
1.25519 1.09341
1.25551 1.1019
1.25583 0.985333
1.25618 1.16549
1.25657 1.16381
1.25712 1.0263
1.2575 0.980081
1.25795 0.939412
1.2583 1.0723
1.25871 0.966651
1.25905 0.949034
1.25957 1.01215
1.26004 1.04658
1.26043 1.08795
1.26077 1.06669
1.26121 1.06366
1.26149 0.947016
1.26192 1.13274
1.26243 0.997576
1.26283 1.10045
1.26314 1.10733
1.26367 1.14732
1.26402 1.08583
1.26455 1.00235
1.26504 1.00131
1.26549 1.08288
1.2658 0.869942
1.26613 0.993382
1.26654 0.969748
1.26701 1.04748
1.26744 1.03838
1.26774 0.959823
1.26809 0.964721
1.26844 1.07342
1.26888 1.17451
1.26931 1.16358
1.26978 1.2012
1.27014 1.07015
1.2706 0.999341
1.27112 0.987574
1.27154 1.15973
1.27188 1.02436
1.27224 1.08147
1.27272 0.999063
1.27311 1.05481
1.27353 1.06453
1.27384 0.911905
1.27425 0.918131
1.27478 1.01757
1.27518 1.07351
1.27562 1.01846
1.27605 1.13933
1.27641 1.04063
1.27679 0.944182
1.27721 1.00164
1.27776 1.22021
1.2781 1.07136
1.27868 0.999471
1.27903 0.982003
1.27936 1.04304
1.27983 1.12422
1.28032 1.236
1.2808 1.14447
1.28143 1.25047
1.28177 1.01732
1.28232 1.03333
1.28273 1.15572
1.28324 1.20546
1.28374 1.0927
1.28426 1.11396
1.28475 1.05921
1.28508 1.0978
1.2856 1.24095
1.28624 1.14674
1.28667 1.04416
1.28728 1.23937
1.28764 1.07657
1.28799 1.06115
1.28836 1.06171
1.28876 1.16321
1.28918 1.17519
1.28962 1.23019
1.29003 0.983415
1.29066 1.0524
1.29095 1.06171
1.29131 1.00324
1.29171 1.07172
1.29202 1.03706
1.29259 1.11729
1.29311 1.06194
1.29352 1.00482
1.29393 0.99499
1.29439 0.869073
1.29475 0.966877
1.29523 1.03417
1.29553 0.913711
1.29592 1.01412
1.29628 1.13057
1.2966 1.0692
1.29712 1.10753
1.29749 1.14379
1.29794 0.963905
1.29839 1.04377
1.29877 1.04387
1.29912 0.975289
1.29955 1.00727
1.30003 1.08685
1.30053 0.956518
1.30099 1.05081
1.30147 1.15144
1.30202 0.99567
1.30233 0.910275
1.30269 1.07928
1.30311 1.01771
1.30353 0.891346
1.30398 1.02238
1.30437 0.977485
1.30472 1.06341
1.30503 0.995461
1.30559 1.19716
1.3059 1.27891
1.30637 1.10846
1.30686 1.0467
1.30719 1.06708
1.30762 1.03551
1.30806 1.02623
1.30841 1.04407
1.30886 1.12249
1.3092 1.01194
1.30968 1.13327
1.31018 1.00434
1.31062 0.940179
1.31094 0.962506
1.31134 0.913939
1.3117 0.963543
1.31213 1.22546
1.31265 1.10695
1.31322 1.04594
1.31368 1.15674
1.31429 1.11581
1.31466 1.04766
1.31506 1.00235
1.31538 1.03702
1.31579 0.982085
1.31627 1.0492
1.31671 1.04544
1.31703 1.01334
1.31742 0.937776
1.31786 1.07755
1.31833 1.02448
1.31881 1.19176
1.31916 1.16993
1.31954 1.12405
1.32002 1.01878
1.32046 1.09922
1.32088 1.03564
1.32137 1.02868
1.32168 1.1314
1.32217 1.18465
1.3225 1.1179
1.32298 1.04767
1.32335 1.0326
1.32383 1.03415
1.32423 1.1448
1.32469 1.17766
1.32521 1.0421
1.32553 0.884589
1.32587 0.915715
1.32624 0.937601
1.32664 1.01288
1.32702 1.11635
1.32745 1.08685
1.32783 1.12413
1.32825 1.09308
1.32857 1.13184
1.3292 0.99518
1.32958 0.914121
1.33 1.00766
1.33065 1.14785
1.33103 1.12079
1.33143 1.11567
1.33189 0.967471
1.33239 0.990008
1.33298 1.1617
1.33352 1.0445
1.33407 1.06083
1.33448 1.11183
1.33481 1.13385
1.33522 1.06282
1.33557 1.16592
1.33598 1.11757
1.33633 0.967564
1.33673 0.993916
1.33714 0.987295
1.33753 0.977701
1.33804 1.0082
1.33852 1.03782
1.33889 1.15634
1.33934 1.06187
1.33975 1.07892
1.34034 1.02474
1.34071 0.942753
1.34122 1.1385
1.3417 0.930528
1.34219 0.864976
1.34252 1.07391
1.34299 0.938118
1.3433 0.991383
1.34383 0.950293
1.34437 0.935963
1.34477 1.29767
1.34514 1.14412
1.34571 1.10752
1.34612 0.90781
1.34649 1.21207
1.34686 1.26886
1.34741 1.0497
1.34775 1.14137
1.34812 1.10138
1.34854 1.03057
1.34898 1.1061
1.34933 1.31686
1.34974 1.035
1.35026 1.09973
1.35064 1.06993
1.35093 0.976955
1.35137 0.899689
1.35187 1.03973
1.35235 1.10566
1.35267 0.993017
1.35317 0.932575
1.35353 0.942634
1.35398 1.01926
1.35434 1.01782
1.35486 1.13259
1.35529 1.25157
1.35577 1.07532
1.35605 0.992468
1.3566 0.861725
1.35694 1.07007
1.35733 1.14896
1.35771 1.26908
1.35822 1.0056
1.35858 1.08529
1.35916 0.95752
1.3595 0.973338
1.35986 1.11313
1.36017 1.02736
1.36063 0.962877
1.36102 1.11634
1.36139 1.11714
1.36181 1.0058
1.3624 0.996624
1.36272 0.951782
1.36309 1.03172
1.36372 0.91951
1.36414 1.07805
1.36458 1.18965
1.36496 0.933085
1.36553 0.966253
1.36591 1.00426
1.36628 1.03273
1.36662 0.981045
1.36704 0.979853
1.36738 0.96723
1.36782 0.896444
1.36833 0.985312
1.36891 1.06908
1.36922 0.988088
1.36961 1.03933
1.37002 1.08462
1.37041 0.912366
1.37076 0.948514
1.37123 1.06612
1.37152 0.933783
1.37226 1.11405
1.37257 0.979627
1.37304 1.05104
1.37338 1.0943
1.37377 1.02626
1.37426 0.983898
1.37464 0.986272
1.375 0.847754
1.37545 0.903272
1.37587 0.948501
1.3763 0.958916
1.37663 0.96091
1.37714 0.998194
1.37754 0.780458
1.37799 0.80513
1.37834 0.852266
1.37892 1.07335
1.37947 0.8794
1.37997 0.855179
1.3803 1.14287
1.38086 0.793459
1.3814 1.09094
1.38195 0.969854
1.38232 1.07079
1.38277 0.947592
1.38312 1.05873
1.38351 1.12218
1.38399 1.0135
1.38436 1.10949
1.38472 1.11582
1.38516 1.27623
1.38547 1.01487
1.38595 1.08537
1.38648 1.01494
1.38693 1.04607
1.38732 0.91665
1.38771 0.966128
1.38809 0.989293
1.38858 0.917524
1.38892 0.966735
1.38927 1.02659
1.38962 0.985961
1.3901 0.970736
1.39042 1.04094
1.39095 0.962757
1.39132 1.07455
1.39179 1.00979
1.39218 1.02427
1.39273 1.02815
1.39305 1.04382
1.39345 1.01627
1.39375 1.06136
1.39429 0.920266
1.39459 1.00344
1.39513 1.06247
1.39551 1.01456
1.39589 1.01213
1.39633 0.898428
1.39694 1.0182
1.39728 1.04593
1.39776 1.02118
1.39833 1.01176
1.39871 1.07848
1.39922 1.07178
1.39963 0.929452
1.40002 1.0116
1.40052 1.00519
1.40093 1.0389
1.40138 0.959237
1.40186 0.873898
1.40253 0.979808
1.40288 0.967628
1.40334 1.00796
1.40388 0.881672
1.40436 0.978093
1.40493 1.14254
1.40537 1.12846
1.40582 1.01199
1.40639 1.23229
1.40674 1.12297
1.4072 1.06774
1.40785 1.02157
1.40841 1.04945
1.40881 1.1221
1.40927 1.03301
1.40966 0.990285
1.41028 1.17111
1.41065 1.067
1.41112 0.968746
1.41155 1.0941
1.41203 1.19014
1.4124 1.18254
1.41282 0.889798
1.41327 1.0327
1.41373 1.07926
1.41416 1.0764
1.41455 1.02975
1.41493 0.949457
1.4154 1.00801
1.41583 0.952407
1.41617 1.01149
1.41655 1.03078
1.41706 0.967728
1.4174 0.898996
1.41773 0.895668
1.4181 1.03713
1.41844 1.00625
1.41883 0.942003
1.41919 0.943999
1.41964 1.04191
1.42003 0.963716
1.42049 0.976256
1.42086 1.21662
1.42129 1.18344
1.4217 1.04545
1.42217 1.00695
1.42255 0.968174
1.42293 1.06097
1.42333 1.02887
1.42382 1.10583
1.4242 1.20068
1.4247 1.07381
1.42499 1.02371
1.42553 1.19355
1.42586 1.15811
1.42634 0.992699
1.42667 1.01837
1.42707 0.940389
1.42745 1.03943
1.4279 1.07535
1.42825 1.08305
1.42874 1.18489
1.42914 1.09412
1.42959 1.10715
1.42991 1.18228
1.43041 1.13136
1.43089 1.21624
1.43146 1.28275
1.43179 0.994551
1.43224 0.946633
1.4326 1.08815
1.43303 0.987439
1.43337 1.00302
1.43381 1.01472
1.43423 1.07497
1.43459 1.16984
1.43504 1.09761
1.43537 1.15615
1.43577 1.01192
1.43621 0.96813
1.43655 0.96894
1.43692 1.00944
1.43747 1.09774
1.43786 1.14877
1.43825 1.12672
1.43866 1.06219
1.43913 1.10305
1.43962 0.997755
1.44003 1.05777
1.44041 1.20865
1.44078 1.16484
1.44124 1.14435
1.44155 0.970049
1.44213 0.953485
1.44247 0.915672
1.44293 1.04876
1.44341 1.03145
1.44374 1.0388
1.4441 0.985781
1.44455 0.96927
1.44485 1.04006
1.44522 1.0983
1.44568 1.014
1.446 1.00216
1.44651 1.05921
1.44694 0.899974
1.4473 0.926124
1.44773 1.04504
1.44814 1.13733
1.44863 1.08795
1.44903 1.0229
1.4495 0.920601
1.44984 0.97995
1.45024 1.04783
1.45068 1.05184
1.4511 1.20349
1.4515 1.03778
1.45184 0.950015
1.45215 0.971606
1.45263 0.995016
1.45303 1.05077
1.45338 1.01232
1.45381 0.828687
1.45414 0.917452
1.4546 1.07934
1.455 1.0955
1.45536 0.975437
1.45577 1.15897
1.45619 1.15808
1.45657 1.01836
1.45691 0.970823
1.45728 0.929802
1.45781 1.06259
1.45828 0.957931
1.45881 0.944328
1.45913 1.0031
1.4596 1.03549
1.46002 1.07928
1.46041 1.05842
1.46092 1.05479
1.46132 0.939461
1.46167 1.12284
1.4623 0.987434
1.46266 1.09255
1.46308 1.09899
1.46343 1.13924
1.46387 1.0777
1.46425 0.99395
1.46466 0.995654
1.46515 1.07411
1.46561 0.859503
1.46593 0.987455
1.46627 0.958631
1.46666 1.03897
1.46715 1.02854
1.46773 0.951102
1.46808 0.952894
1.4684 1.06373
1.4688 1.1636
1.46924 1.15404
1.46963 1.19382
1.47015 1.06117
1.4706 0.991869
1.47105 0.97801
1.47146 1.1516
1.47184 1.01494
1.47237 1.07024
1.47284 0.990645
1.47318 1.04436
1.47351 1.05739
1.47392 0.903036
1.47428 0.909647
1.47464 1.00877
1.47537 1.06468
1.47581 1.00698
1.4763 1.13044
1.4767 1.03003
1.47714 0.935247
1.47745 0.99262
1.47789 1.21134
1.47824 1.06548
1.47888 0.991755
1.4793 0.973254
1.47975 1.03447
1.48033 1.11405
1.48069 1.22955
1.48103 1.13678
1.48147 1.24042
1.48183 1.00901
1.48229 1.0242
1.4827 1.14387
1.48307 1.19719
1.48337 1.08287
1.48375 1.10865
1.48428 1.04833
1.48474 1.09015
1.48511 1.2317
1.48548 1.13691
1.48596 1.03522
1.48633 1.23095
1.48697 1.06893
1.48742 1.05449
1.48783 1.05349
1.48832 1.15478
1.48866 1.16489
1.48908 1.22047
1.48954 0.974388
1.48995 1.04339
1.49032 1.05413
1.49089 0.993772
1.49129 1.05995
1.49164 1.02715
1.4921 1.10856
1.49249 1.05473
1.49301 0.995726
1.49349 0.986497
1.49406 0.861562
1.49446 0.957255
1.49486 1.0258
1.49519 0.907345
1.4956 1.00367
1.496 1.12324
1.49646 1.06343
1.49682 1.09942
1.49736 1.13559
1.49791 0.954333
1.49837 1.03563
1.49882 1.03676
1.49942 0.969349
1.49988 1.00303
1.50041 1.07568
1.501 0.94788
1.50138 1.04409
1.50186 1.14851
1.50227 0.988709
1.50266 0.901296
1.50319 1.07288
1.50352 1.00937
1.50388 0.883641
1.50447 1.0152
1.5048 0.970388
1.50523 1.05688
1.50572 0.990084
1.50621 1.18977
1.50654 1.27294
1.50686 1.09957
1.50741 1.03933
1.50792 1.05646
1.50832 1.02672
1.50875 1.0183
1.50907 1.03501
1.50944 1.11127
1.50992 1.00366
1.51041 1.12372
1.51094 0.997194
1.51137 0.932648
1.51173 0.954881
1.51214 0.909408
1.5125 0.954735
1.51286 1.21894
1.51317 1.09892
1.51366 1.03516
1.51403 1.14564
1.51447 1.1073
1.5149 1.03958
1.51541 0.996849
1.51581 1.02911
1.51629 0.975891
1.5166 1.04165
1.51705 1.0365
1.51745 1.0079
1.51789 0.932596
1.51844 1.06692
1.51884 1.01424
1.51917 1.1828
1.51952 1.16506
1.51992 1.11803
1.52032 1.01409
1.52064 1.09197
1.52105 1.02382
1.52135 1.02195
1.52186 1.12655
1.52215 1.17695
1.52273 1.10996
1.52312 1.04163
1.52349 1.02428
1.52394 1.02564
1.52434 1.14031
1.52477 1.16979
1.52515 1.03281
1.52555 0.878028
1.52606 0.909042
1.52641 0.930731
1.52683 1.00478
1.52715 1.10669
1.52761 1.07701
1.52801 1.11256
1.52839 1.08628
1.52887 1.12327
1.52939 0.988489
1.5298 0.90688
1.53027 0.998309
1.53082 1.13979
1.53127 1.11138
1.53188 1.10729
1.53226 0.960666
1.53278 0.980658
1.5332 1.15648
1.53374 1.0384
1.5341 1.05333
1.53446 1.10466
1.53481 1.13005
1.53526 1.0561
1.53563 1.1603
1.53595 1.11317
1.53638 0.959397
1.53675 0.983095
1.53719 0.977384
1.53757 0.971676
1.5381 0.999045
1.53853 1.03018
1.53901 1.14906
1.53933 1.05875
1.53969 1.07115
1.54005 1.01454
1.54047 0.936071
1.54089 1.13068
1.54123 0.923725
1.54153 0.857206
1.54188 1.06722
1.54235 0.92866
1.54292 0.982244
1.54334 0.945094
1.54381 0.927225
1.54416 1.29013
1.54453 1.13732
1.5449 1.10183
1.54531 0.90127
1.54561 1.20652
1.54606 1.26176
1.54666 1.04018
1.54708 1.13351
1.54754 1.09475
1.54793 1.02195
1.54829 1.10017
1.54869 1.30812
1.54908 1.02704
1.54946 1.0934
1.54986 1.06234
1.55026 0.968644
1.55067 0.894742
1.55116 1.03212
1.55155 1.09757
1.55189 0.984325
1.55237 0.92592
1.55279 0.933893
1.55313 1.01052
1.55345 1.01129
1.55387 1.12427
1.55434 1.24737
1.55471 1.06733
1.5551 0.987895
1.55543 0.855608
1.55585 1.0636
1.55629 1.14014
1.55668 1.26098
1.55712 0.998914
1.55769 1.07503
1.55802 0.948657
1.55835 0.964717
1.55869 1.10624
1.55907 1.02119
1.55945 0.956642
1.55984 1.10895
1.56023 1.109
1.56074 0.999078
1.56104 0.990631
1.56157 0.944193
1.56199 1.02448
1.56239 0.911665
1.56275 1.07102
1.56315 1.18171
1.56348 0.925945
1.56386 0.959733
1.5643 0.996709
1.56471 1.0254
1.56503 0.972604
1.56547 0.973194
1.56589 0.959293
1.56627 0.888812
1.56672 0.97639
1.56719 1.06163
1.56755 0.979691
1.56792 1.03549
1.56833 1.07688
1.5687 0.905564
1.56922 0.940711
1.56965 1.05806
1.5701 0.925793
1.57043 1.104
1.57084 0.97204
1.57124 1.04542
1.57157 1.08683
1.57197 1.02089
1.57227 0.97676
1.57281 0.979743
1.5731 0.839433
1.57347 0.894638
1.5739 0.940653
1.57433 0.948379
1.57488 0.954901
1.57527 0.990667
1.57564 0.773177
1.57601 0.797343
1.57648 0.845192
1.57697 1.06663
1.57749 0.871006
1.57796 0.848585
1.57827 1.13661
1.57883 0.786629
1.57911 0.964772
1.57967 1.06431
1.58006 0.938502
1.58043 1.05088
1.5808 1.11401
1.58128 1.00812
1.58173 1.10436
1.58209 1.10668
1.58259 1.27203
1.58324 1.00697
1.58363 1.07796
1.58408 1.00678
1.58448 1.03896
1.58482 0.909358
1.58524 0.959343
1.58556 0.982599
1.58597 0.911085
1.58636 0.95685
1.58675 1.01856
1.58716 0.977174
1.58762 0.964211
1.588 1.03337
1.58836 0.955854
1.58876 1.0676
1.58917 1.00334
1.58955 1.01582
1.58986 1.01948
1.59018 1.03575
1.59049 1.00823
1.5909 1.05242
1.59129 0.914778
1.59172 0.99774
1.5923 1.05543
1.59266 1.00694
1.59302 1.00352
1.59338 0.891845
1.59374 1.01203
1.59426 1.03842
1.59471 1.01163
1.59507 1.00395
1.59548 1.07216
1.59581 1.06518
1.59615 0.922619
1.59661 1.00517
1.59701 0.998833
1.59736 1.03055
1.59774 0.952792
1.59819 0.869599
1.59862 0.970818
1.59903 0.960271
1.59948 1.00094
1.59992 0.87721
1.60041 0.969512
1.60075 1.13627
1.60116 1.122
1.60153 1.00443
1.60194 1.22544
1.60234 1.11609
1.6027 1.0598
1.60304 1.01538
1.60343 1.04309
1.60391 1.11534
1.60437 1.02173
1.60478 0.984761
1.6052 1.16445
1.60554 1.05774
1.60586 0.96402
1.60625 1.08529
1.60657 1.18507
1.60699 1.17745
1.60751 0.884192
1.60792 1.02688
1.60823 1.07262
1.60865 1.06744
1.609 1.02415
1.60935 0.94352
1.60977 1.00028
1.61022 0.946018
1.61066 1.00488
1.61107 1.0253
1.61138 0.961982
1.6118 0.892864
1.61212 0.886887
1.61249 1.02971
1.61289 0.998178
1.61325 0.934333
1.61384 0.938765
1.61421 1.03541
1.61451 0.956409
1.61498 0.970248
1.61546 1.21051
1.6159 1.17534
1.61623 1.03879
1.61657 0.997916
1.61694 0.961697
1.61744 1.05496
1.61787 1.0256
1.61817 1.10157
1.61868 1.19624
1.61901 1.06751
1.61948 1.01517
1.61993 1.18994
1.62034 1.15166
1.62075 0.987944
1.62122 1.01158
1.62165 0.933555
1.62213 1.0343
1.62247 1.06901
1.62301 1.07807
1.6234 1.181
1.62385 1.08971
1.6243 1.09861
1.62468 1.17433
1.62511 1.12507
1.62559 1.21054
1.62595 1.27852
1.62627 0.985124
1.62665 0.941022
1.62705 1.08491
1.62754 0.98281
1.62793 0.998928
1.62829 1.00792
1.62869 1.0687
1.62912 1.16531
1.62944 1.09304
1.6298 1.14683
1.63017 1.00427
1.63055 0.961551
1.63091 0.962492
1.6313 1.00288
1.63161 1.09183
1.63203 1.14089
1.6326 1.1182
1.63306 1.05701
1.63349 1.09668
1.63393 0.989559
1.63433 1.05175
1.63487 1.20109
1.63526 1.1551
1.63563 1.13815
1.63597 0.963062
1.63628 0.94565
1.63676 0.909195
1.63713 1.04184
1.63746 1.02539
1.63791 1.03084
1.63835 0.977401
1.6387 0.962039
1.63916 1.03317
1.63954 1.08877
1.63985 1.00831
1.64042 0.996072
1.6409 1.05133
1.64127 0.895147
1.6417 0.919172
1.642 1.03872
1.64239 1.12905
1.64275 1.07959
1.64319 1.01547
1.64349 0.91413
1.64398 0.975242
1.64433 1.04104
1.64474 1.04494
1.64513 1.19885
1.64548 1.03108
1.64578 0.944245
1.64622 0.965222
1.64666 0.988272
1.64712 1.04433
1.64741 1.00682
1.64777 0.821221
1.64814 0.912305
1.64853 1.06969
1.64889 1.09138
1.64928 0.968723
1.64974 1.15516
1.65032 1.1556
1.65064 1.01294
1.65104 0.964864
1.65147 0.923404
1.65189 1.05573
1.65225 0.952147
1.65267 0.94154
1.653 0.997098
1.65345 1.02784
1.65388 1.07376
1.65435 1.05278
1.65495 1.04854
1.65529 0.934231
1.65576 1.11634
1.65618 0.980826
1.65655 1.0867
1.65714 1.09323
1.65748 1.13392
1.65787 1.07232
1.65821 0.988083
1.65869 0.991977
1.65908 1.06845
1.6595 0.852362
1.65998 0.98336
1.66039 0.950869
1.66072 1.03356
1.66111 1.02207
1.6615 0.944986
1.66204 0.944738
1.66246 1.05669
1.66286 1.15622
1.66336 1.14694
1.66375 1.18877
1.66412 1.05492
1.66458 0.98698
1.66494 0.971952
1.66533 1.14603
1.66568 1.0088
1.66605 1.0627
1.66656 0.984955
1.66705 1.03719
1.6675 1.05249
1.66783 0.897079
1.66821 0.903995
1.66852 1.00288
1.66888 1.05878
1.66942 0.999231
1.66986 1.12412
1.67035 1.02251
1.67073 0.929343
1.67119 0.986732
1.67168 1.20529
1.67213 1.06162
1.67247 0.98641
1.67291 0.967569
1.67324 1.02875
1.67372 1.10732
1.67413 1.2251
1.67457 1.13181
1.67499 1.23407
1.67533 1.00355
1.67562 1.01774
1.6761 1.13586
1.67654 1.1913
1.67696 1.07609
1.67744 1.10486
1.67788 1.04089
1.67834 1.08479
1.67878 1.2256
1.67926 1.13021
1.67979 1.02937
1.68021 1.22573
1.6807 1.06359
1.68106 1.05023
1.68146 1.04811
1.68187 1.14938
1.68237 1.15829
1.6828 1.21463
1.6832 0.968405
1.68353 1.03759
1.68392 1.04867
1.68433 0.986992
1.68476 1.0526
1.68522 1.02059
1.68573 1.10286
1.68611 1.05031
1.68665 0.989513
1.68704 0.980745
1.68753 0.856399
1.68792 0.950736
1.68838 1.0201
1.68872 0.903154
1.68908 0.996522
1.68947 1.11791
1.68979 1.05935
1.69015 1.09407
1.69066 1.13018
1.69101 0.947795
1.69144 1.03072
1.69188 1.03198
1.69237 0.966001
1.69289 1.00085
1.69334 1.06815
1.69394 0.942092
1.69463 1.04
1.69502 1.14711
1.69554 0.984439
1.69595 0.895284
1.69636 1.06874
1.69668 1.00346
1.69713 0.878328
1.69769 1.01046
1.69809 0.966036
1.69843 1.05254
1.69888 0.98667
1.69928 1.18428
1.6997 1.26824
1.70011 1.09314
1.70067 1.03457
1.70109 1.04947
1.70166 1.0207
1.70201 1.01302
1.70246 1.02852
1.70287 1.10346
1.7032 0.997796
1.70355 1.11695
1.70419 0.992158
1.70451 0.927305
1.70501 0.949731
1.70551 0.906372
1.70595 0.948871
1.70634 1.21457
1.70675 1.09338
1.70708 1.02733
1.70749 1.138
1.70797 1.10168
1.70843 1.03377
1.70886 0.992985
1.70939 1.02376
1.70979 0.971529
1.71032 1.03663
1.71064 1.03071
1.71103 1.00442
1.71159 0.928962
1.71199 1.05946
1.71234 1.00725
1.71277 1.17631
1.71318 1.16232
1.71381 1.11491
1.71438 1.01108
1.71495 1.08685
1.71544 1.0155
1.71592 1.01718
1.71633 1.12418
1.71679 1.17215
1.71712 1.10464
1.71756 1.03731
1.7181 1.01857
1.71856 1.01948
1.71897 1.13745
1.71932 1.16469
1.71972 1.02617
1.72019 0.873504
1.72057 0.9046
1.72107 0.926334
1.72159 0.999245
1.72199 1.10014
1.72231 1.07015
1.72275 1.10461
1.72322 1.082
1.72369 1.11795
1.72401 0.984046
1.72442 0.901919
1.72476 0.991779
1.72522 1.13438
1.72558 1.10437
1.72601 1.10155
1.72637 0.956125
1.72676 0.97417
1.72717 1.15284
1.7275 1.03398
1.72782 1.04817
1.72816 1.10007
1.72866 1.12793
1.72911 1.05149
1.7295 1.15639
1.72989 1.11036
1.7303 0.95405
1.73068 0.975723
1.73131 0.970681
1.73168 0.96743
1.73214 0.993003
1.73251 1.02477
1.73289 1.14415
1.73329 1.05726
1.73376 1.06597
1.73414 1.00756
1.73464 0.93161
1.73493 1.12512
1.73537 0.919254
1.73571 0.851941
1.73606 1.06251
1.73642 0.922324
1.73685 0.976157
1.73716 0.942182
1.73758 0.921538
1.7379 1.28518
1.73838 1.13282
1.7388 1.09805
1.73915 0.896523
1.73952 1.20315
1.73994 1.25697
1.74036 1.03371
1.74066 1.12804
1.74109 1.0902
1.74145 1.01554
1.7419 1.09584
1.74222 1.30239
1.74266 1.02155
1.74325 1.08884
1.74367 1.05717
1.744 0.962952
1.74443 0.891578
1.74475 1.02709
1.7451 1.09208
1.74549 0.978166
1.746 0.921248
1.74634 0.928004
1.74671 1.00461
1.74715 1.00682
1.74751 1.11807
1.74796 1.24516
1.74831 1.06197
1.74877 0.984939
1.74921 0.851371
1.74967 1.05933
1.75009 1.134
1.75048 1.25517
1.75078 0.9944
1.75142 1.06781
1.75175 0.942226
1.75226 0.958654
1.75255 1.10143
1.75291 1.01735
1.75327 0.952374
1.75368 1.10387
1.75405 1.1032
1.7545 0.994312
1.75489 0.986423
1.75543 0.939136
1.75585 1.01914
1.75624 0.906282
1.75657 1.06636
1.7571 1.17613
1.75751 0.920981
1.75792 0.954914
1.7583 0.991341
1.75884 1.02042
1.75938 0.967085
1.75987 0.968664
1.7603 0.953872
1.76069 0.883507
1.76116 0.970464
1.76164 1.05651
1.76196 0.973761
1.76233 1.03305
1.76266 1.07124
1.76308 0.901166
1.7634 0.935305
1.76381 1.05245
1.76413 0.92025
1.76451 1.09684
1.76491 0.966802
1.76524 1.04192
1.76565 1.08165
1.76605 1.01717
1.76636 0.971881
1.76681 0.975203
1.76713 0.83377
1.76757 0.888638
1.76801 0.935228
1.76845 0.941038
1.76892 0.950856
1.76945 0.985349
1.76986 0.76806
1.77031 0.792132
1.7706 0.840147
1.77122 1.06222
1.77159 0.86518
1.7722 0.843785
1.7726 1.13229
1.77323 0.781849
1.77356 1.08297
1.77388 0.957224
1.77429 1.06076
1.77492 0.932674
1.77536 1.0467
1.77579 1.10944
1.77635 1.00407
1.7767 1.10062
1.77706 1.10263
1.7775 1.26893
1.77784 1.00181
1.77824 1.07358
1.77884 1.00081
1.77935 1.0335
1.7797 0.903109
1.78013 0.954418
1.78055 0.978974
1.78099 0.906906
1.78149 0.950118
1.78188 1.01302
1.78222 0.970799
1.78262 0.959699
1.78305 1.02769
1.78348 0.950899
1.78378 1.06258
1.78421 0.998616
1.7847 1.00995
1.78518 1.01262
1.78566 1.02997
1.78611 1.00187
1.7865 1.04615
1.78684 0.911444
1.78726 0.99415
1.78769 1.05023
1.78826 1.00154
1.78866 0.997672
1.78899 0.887478
1.7894 1.00785
1.78987 1.03384
1.79028 1.00492
1.79067 0.998745
1.79113 1.06712
1.79147 1.06036
1.79182 0.917685
1.79224 1.00092
1.79256 0.9945
1.79294 1.0249
1.79326 0.94823
1.79369 0.866711
1.79402 0.964689
1.7944 0.955577
1.79476 0.996081
1.79519 0.874023
1.79551 0.963663
1.79592 1.13206
1.79638 1.11697
1.79689 0.998926
1.79732 1.2205
1.79772 1.11102
1.79831 1.05484
1.7988 1.01118
1.79929 1.0385
1.79966 1.11041
1.80006 1.01439
1.80052 0.980861
1.80105 1.15931
1.80157 1.05086
1.80199 0.960795
1.80234 1.07911
1.80292 1.18171
1.8033 1.17431
1.80365 0.880499
1.80409 1.02284
1.80448 1.06794
1.80495 1.06112
1.80539 1.0202
1.8058 0.939308
1.80895 0.994648
1.80928 0.941525
1.80978 0.999851
1.81018 1.02143
1.81054 0.958158
1.81093 0.889046
1.81155 0.880777
1.81201 1.02433
1.81269 0.99245
1.81305 0.92916
1.81351 0.935231
1.81382 1.03081
1.8144 0.951299
1.81484 0.965737
1.81523 1.2058
1.81557 1.16936
1.8159 1.03393
1.81622 0.991533
1.81663 0.957309
1.81697 1.05072
1.81736 1.02329
1.81779 1.0982
1.81827 1.19323
1.81873 1.06338
1.81921 1.00929
1.81955 1.18725
1.81994 1.14681
1.82032 0.984373
1.82081 1.00674
1.82125 0.92904
1.82166 1.03067
1.82205 1.06486
1.82247 1.0743
1.82281 1.17816
1.82324 1.087
1.8237 1.09298
1.82409 1.16883
1.82442 1.12097
1.82489 1.20703
1.82526 1.27562
1.82573 0.978729
1.82614 0.937305
1.82656 1.08322
1.82698 0.97977
1.82751 0.995941
1.82814 1.00313
1.82862 1.06418
1.82908 1.16202
1.82947 1.08961
1.82986 1.13974
1.8303 0.998794
1.8306 0.957086
1.83108 0.958174
1.83147 0.998339
1.83189 1.08783
1.83223 1.13461
1.83284 1.11241
1.83325 1.05348
1.8336 1.0923
1.83405 0.98398
1.83439 1.04758
1.83477 1.19555
1.83516 1.14848
1.83564 1.13397
1.83606 0.958121
1.8366 0.940154
1.83716 0.904963
1.83771 1.03714
1.83801 1.02126
1.8386 1.02533
1.83903 0.97151
1.83948 0.956994
1.83992 1.02829
1.84038 1.08188
1.84081 1.00432
1.84144 0.991861
1.84179 1.04582
1.84213 0.891999
1.84262 0.914714
1.84308 1.03462
1.84355 1.12367
1.84392 1.07335
1.84432 1.01042
1.84476 0.909578
1.8451 0.972088
1.84547 1.03632
1.84601 1.03982
1.8463 1.1952
1.84677 1.0263
1.84731 0.940348
1.84774 0.960764
1.84818 0.983972
1.84854 1.03985
1.84886 1.00315
1.84933 0.816334
1.84969 0.909332
1.85011 1.06312
1.85052 1.08888
1.85094 0.96395
1.85134 1.15252
1.85187 1.15431
1.8522 1.00909
1.85258 0.960648
1.85301 0.918788
1.85341 1.05066
1.85383 0.948339
1.85432 0.939918
1.85474 0.993266
1.85519 1.02213
1.85552 1.06992
1.8561 1.04891
1.85649 1.04398
1.85696 0.930364
1.85734 1.11155
1.85775 0.976175
1.85805 1.08257
1.85842 1.08915
1.8588 1.13019
1.85924 1.06857
1.8596 0.983754
1.86014 0.989502
1.86067 1.06488
1.86108 0.847583
1.86141 0.980459
1.86173 0.945528
1.86206 1.0301
1.86257 1.01775
1.86294 0.940709
1.8634 0.939132
1.86376 1.05151
1.86409 1.15112
1.86447 1.14174
1.86483 1.18526
1.86519 1.05043
1.86551 0.983781
1.86594 0.968222
1.86626 1.14222
1.8667 1.00493
1.8671 1.05747
1.86755 0.980844
1.8679 1.03211
1.86843 1.04906
1.86884 0.893033
1.86935 0.900191
1.8697 0.998763
1.87007 1.05477
1.87054 0.994065
1.87099 1.11943
1.87131 1.01692
1.87173 0.925055
1.87224 0.982559
1.87273 1.20091
1.87309 1.05884
1.87367 0.982562
1.87423 0.963943
1.87459 1.02473
1.87496 1.10255
1.87544 1.22172
1.87588 1.12809
1.87632 1.22916
1.87672 1.00016
1.87712 1.01324
1.87746 1.13047
1.87783 1.18682
1.87814 1.07118
1.8786 1.10212
1.87898 1.03561
1.87943 1.08105
1.87973 1.22102
1.88014 1.12545
1.88044 1.02524
1.8809 1.22242
1.8812 1.06004
1.88169 1.04757
1.88209 1.04442
1.88255 1.14525
1.88302 1.15378
1.88347 1.21071
1.88406 0.964306
1.88447 1.03392
1.8849 1.04498
1.88537 0.982257
1.8859 1.04779
1.88631 1.01606
1.88661 1.09892
1.88701 1.04746
1.88734 0.985196
1.88779 0.976766
1.88822 0.852844
1.88864 0.946048
1.88897 1.01569
1.88947 0.900344
1.88987 0.991548
1.89032 1.11419
1.89065 1.05618
1.89123 1.09009
1.89164 1.12631
1.89204 0.943005
1.8924 1.02748
1.89281 1.02836
1.89333 0.963825
1.89379 0.999497
1.89417 1.06273
1.89467 0.938257
1.89496 1.03736
1.89538 1.14619
1.89584 0.981804
1.89629 0.891145
1.8967 1.06588
1.89705 0.99908
1.89747 0.874488
1.89789 1.00731
1.89822 0.963098
1.89858 1.04936
1.89909 0.984282
1.89965 1.17988
1.90004 1.2643
1.9004 1.08855
1.90073 1.03158
1.90117 1.04439
1.90151 1.01657
1.90196 1.00937
1.90237 1.02354
1.90273 1.09781
1.90308 0.993467
1.90362 1.11182
1.90401 0.988376
1.9043 0.923388
1.90477 0.94608
1.90516 0.904245
1.90576 0.944783
1.9061 1.21137
1.90656 1.08931
1.907 1.02163
1.90743 1.13275
1.90784 1.09793
1.9083 1.02953
1.90857 0.990245
1.90898 1.01996
1.90931 0.968362
1.90987 1.03286
1.91026 1.0266
1.91083 1.00189
1.9112 0.926336
1.91171 1.05438
1.9122 1.00211
1.91261 1.17119
1.91297 1.1603
1.9133 1.1129
1.91368 1.00879
1.91413 1.08311
1.91452 1.00937
1.91503 1.01373
1.91554 1.12292
1.91612 1.16907
1.91657 1.1011
1.91694 1.03436
1.9174 1.01452
1.91792 1.0149
1.91833 1.13546
1.91878 1.16121
1.91911 1.02122
1.9196 0.870244
1.92001 0.901491
1.92047 0.923403
1.92088 0.995344
1.92129 1.09556
1.92168 1.06512
1.92203 1.09855
1.92241 1.07885
1.92276 1.11418
1.92312 0.981052
1.92353 0.898481
1.92391 0.987247
1.92431 1.13074
1.92472 1.09924
1.92513 1.09762
1.92576 0.953038
1.92615 0.969523
1.92663 1.15021
1.92693 1.0309
1.92742 1.04455
1.92783 1.09705
1.92839 1.12649
1.92871 1.0482
1.92913 1.15347
1.92943 1.10821
1.92987 0.950529
1.93031 0.970641
1.93077 0.966072
1.93121 0.964427
1.9316 0.988763
1.93196 1.02088
1.93247 1.1408
1.93295 1.05637
1.93356 1.06222
1.93386 1.00269
1.93448 0.9285
1.9348 1.12097
1.93524 0.916255
1.93564 0.848341
1.93607 1.05918
1.93647 0.917986
1.93687 0.971948
1.93723 0.940538
1.93766 0.917826
1.93804 1.28162
1.93838 1.12936
1.93867 1.09534
1.93903 0.893019
1.9394 1.2007
1.93976 1.25348
1.94015 1.02916
1.94067 1.12428
1.94118 1.08719
1.94163 1.01066
1.94202 1.09259
1.94248 1.29846
1.94301 1.01778
1.94356 1.0857
1.94397 1.05368
1.9444 0.959079
1.94475 0.889559
1.94513 1.02357
1.94555 1.08807
1.94604 0.973627
1.94648 0.917973
1.94685 0.923825
1.94766 1.00034
1.948 1.00359
1.94832 1.11335
1.94868 1.24353
1.94926 1.05815
1.94964 0.982884
1.95008 0.848416
1.95051 1.05639
1.95095 1.12945
1.95133 1.25096
1.95179 0.991195
1.95214 1.06237
1.9525 0.937522
1.95288 0.954348
1.95323 1.09801
1.95357 1.01477
1.95404 0.949487
1.95437 1.10007
1.95477 1.09879
1.95518 0.990901
1.9556 0.983383
1.95592 0.935718
1.95624 1.01537
1.95667 0.902436
1.95714 1.06307
1.95745 1.17189
1.9579 0.917446
1.95835 0.951237
1.95868 0.987514
1.959 1.01693
1.95943 0.963401
1.95975 0.965409
1.96022 0.950003
1.96064 0.879677
1.96102 0.966297
1.9614 1.05288
1.9618 0.969536
1.9621 1.03139
1.96248 1.0671
1.96286 0.898304
1.96358 0.931545
1.96389 1.04833
1.96442 0.916249
1.96481 1.09153
1.96526 0.962989
1.96578 1.0395
1.96618 1.07784
1.9665 1.01439
1.96693 0.968581
1.96731 0.971888
1.96774 0.829718
1.9682 0.88403
1.96872 0.93143
1.96908 0.935788
1.96953 0.947978
1.96993 0.981371
1.97045 0.764363
1.97079 0.788449
1.97136 0.836409
1.97188 1.05935
1.97229 0.861163
1.97269 0.840229
1.97311 1.12907
1.97354 0.778151
1.974 1.09429
Avg iter time = 0.000443345 seconds
