0.0177564584742 2.51386065113
0.0439344544667 2.51835784331
0.0700705738829 2.510321692
0.0978359291543 2.51413861402
0.119682069872 2.51175087043
0.122239306461 2.50732934768
0.14770224016 2.51086142052
0.173623840888 2.4900572483
0.197593045012 2.51218224735
0.223006595956 2.49717433021
0.247234565716 2.50672046429
0.249855012231 2.50644271193
0.27518046434 2.50284428602
0.302712337946 2.5052623808
0.331389496407 2.50053377842
0.356340034639 2.5053503022
0.384634773045 2.50130869211
0.413464820515 2.4955966811
0.440241335499 2.50136869022
0.465627627163 2.49676476047
0.493900637156 2.50502844688
0.521586980019 2.49514446558
0.549430952637 2.48524960356
0.575951072356 2.50742287976
0.602316722818 2.50267239499
0.628902817899 2.49498641256
0.656120617182 2.49506368867
0.679957475522 2.49849080657
0.711248364443 2.49989372463
0.73737302706 2.48978430852
0.764046430852 2.48834644392
0.766978581316 2.49749111443
0.769228854699 2.4921853329
0.794162405264 2.48622178767
0.818657041902 2.48874734663
0.846341409455 2.48959855683
0.876489383893 2.49869910104
0.906927728931 2.48415965016
0.932906613655 2.47578852858
0.958061398962 2.48584541601
0.988355546355 2.48555096968
1.01501038223 2.47906669996
1.04078462482 2.49090094195
1.0662175338 2.48249042326
1.09251286322 2.48738599465
1.12026913206 2.48309354595
1.14656485655 2.48285278028
1.17182196292 2.47510608178
1.19289773266 2.48888929078
1.2240906462 2.48523778686
1.24966459233 2.48764091777
1.27580703274 2.47569496672
1.30086502784 2.48218106832
1.33018258187 2.48781903168
1.35685914616 2.4797814563
1.38274203081 2.48443411381
1.4098306448 2.48383236243
1.43685249332 2.48342929804
1.46127088298 2.48382707362
1.49007841191 2.46824131117
1.51641759322 2.4749595888
1.54328062679 2.47550912654
1.56798109075 2.48261360013
1.5953012111 2.45479783702
1.62256799808 2.47600132154
1.64837503081 2.4761524332
1.67361356927 2.46297298187
1.69870198416 2.47352154651
1.72659099385 2.47653988463
1.75236681668 2.47336523953
1.77898254142 2.46421568961
1.80462957403 2.47687932869
1.83054524883 2.46341489082
1.85751731952 2.47458044085
1.88250657383 2.46609214389
1.90865810067 2.45674051806
1.93370740441 2.47136828883
1.96185438961 2.46196832978
1.98997332541 2.46495717319
2.01650450687 2.46749864092
2.04376062717 2.45117528768
2.06990938857 2.47245438574
2.09582071769 2.47026818315
2.12376345581 2.46945282556
2.15133286031 2.46416357808
2.17684675701 2.46293453778
2.20517468063 2.44705167504
2.23085568858 2.46014914383
2.25585639969 2.45401017556
2.28406422445 2.46795913004
2.3125821729 2.46173960366
2.340499232 2.46648551749
2.36692572202 2.46435477284
2.39174509965 2.45998987538
2.41781642889 2.4511836319
2.44444558573 2.45938709312
2.47068521141 2.45116562233
2.49794014652 2.46208289253
2.52275636366 2.46298624111
2.55077574382 2.45523003631
2.57734919692 2.4606268633
2.60360383495 2.46339745524
2.62751061927 2.45330574857
2.65617474068 2.45222931865
2.68070848846 2.45830103319
2.70750673186 2.44904975643
2.73410546892 2.44264943007
2.7608373419 2.45297193339
2.78560457134 2.45502351596
2.81103906057 2.451021057
2.83624599407 2.45637257734
2.86313154618 2.44097247526
2.88932613478 2.45388746511
2.91704803322 2.45225953881
2.94351047388 2.46957710122
2.97098822399 2.45492331655
3.00249797728 2.4355513254
3.0285258497 2.44022252191
3.05770829251 2.44644746454
3.08156213852 2.43854778606
3.10897272808 2.44909104482
3.13432069872 2.43621240838
3.16158353508 2.44917619253
3.1886531861 2.44917900062
3.21473834251 2.43001799581
3.24239979646 2.44710309325
3.27181888144 2.42920122284
3.29574067812 2.43177874022
3.32284548966 2.4411620154
3.34886190527 2.43761340332
3.37767733545 2.43064722407
3.4052305424 2.44629099456
3.43124735308 2.43259233081
3.45763749739 2.42425740037
3.48598991486 2.43980084949
3.51113126805 2.42728598865
3.53829770927 2.43234278083
3.56500074272 2.44242837206
3.58988886115 2.43400447558
3.61486586854 2.43184763703
3.64027033305 2.42382313129
3.66644753892 2.43275548164
3.69351481957 2.41935014136
3.71858111098 2.43508083442
3.7454145149 2.43229650989
3.77248298073 2.43533554045
3.79956527373 2.4210116606
3.8291779391 2.42093711421
3.85835406092 2.42476228976
3.88221659829 2.42967378814
3.90934590368 2.41603380362
3.93700972801 2.41776591947
3.96293804479 2.4180682828
3.98944670771 2.41578933706
4.01771616215 2.40396151575
4.04197376156 2.423373001
4.06770415226 2.42409736328
4.09298022161 2.41721148881
4.12061994716 2.41116828155
4.14550016435 2.40548637241
4.17232211146 2.42466834444
4.19704627915 2.40001861158
4.22188343457 2.41594275831
4.24880375214 2.40802813318
4.2746917726 2.41614482276
4.30201544851 2.40672982586
4.32930356883 2.40769010016
4.35647356561 2.40883993647
4.38214864762 2.40275567353
4.40820931019 2.41090920965
4.43983876728 2.40009899529
4.46799444385 2.36771615441
4.49511110725 2.42103038036
4.5209991277 2.40064566006
4.54667420972 2.40439103757
4.5714442046 2.40832617834
4.59908946101 2.41267620569
4.6269701744 2.3926830752
4.65045503246 2.39031410018
4.67709485598 2.3898056976
4.70532322396 2.39914604219
4.73089440466 2.39073218624
4.75851279685 2.38988413442
4.78560299109 2.40028661969
4.81158187582 2.40643406728
4.83932510761 2.40481316314
4.8644218188 2.39012430847
4.89200307516 2.39434885649
4.9193472943 2.37887140901
4.9434290911 2.40240945004
4.97063622371 2.37583215502
4.99511031712 2.38391965528
5.02083478189 2.39235414013
5.04871035947 2.39464660792
5.07432657725 2.38821146191
5.10049864731 2.3696820552
5.12813205186 2.38214505559
5.15392486236 2.37709500333
5.17745041181 2.35824108633
5.20534376719 2.37221751572
5.23030220666 2.37201920654
5.25539694254 2.3597005366
5.28291419885 2.37515749291
5.31070009734 2.36403467253
5.33676075991 2.37295446267
5.36375139852 2.37984835135
5.39256643363 2.3738096431
5.41846393558 2.38052400966
5.44425872139 2.37600158534
5.47102101414 2.37162436325
5.49920671542 2.34919589209
5.52628071212 2.36708319374
5.55223707831 2.36757380428
5.57998307554 2.37032554956
5.60753588744 2.36983669059
5.6350681561 2.35224458604
5.66055479352 2.3680958311
5.68893130977 2.35216155261
5.71633162772 2.34137359267
5.74553540388 2.33219511492
5.77459103178 2.34098635525
5.80246858467 2.34806838103
5.82777744417 2.34469098346
5.85434181084 2.34205540254
5.88056642415 2.3515630982
5.9085162734 2.32736704659
5.93380379955 2.36576009882
5.96086001846 2.36948272013
5.98732048381 2.33613493945
6.01438065334 2.31783055582
6.03993168587 2.30986313339
6.06734109024 2.34451549955
6.0907552322 2.36664854522
6.11805046364 2.3567593005
6.14458717597 2.35453598837
6.17222334595 2.35311750611
6.19885921885 2.32943349022
6.22530664716 2.33187322985
6.24850666549 2.3453279594
6.27416159934 2.34710768784
6.3015721889 2.33814867335
6.32577289938 2.32919644219
6.35122003059 2.33237013771
6.37499446913 2.31180511506
6.40019152608 2.34923468789
6.42514640999 2.32964242911
6.45010919515 2.33971458731
6.47439721434 2.35118677314
6.49965906146 2.31798010405
6.52440456249 2.3173168236
6.55048418804 2.33207053264
6.57760559218 2.34279841336
6.60209983376 2.33595162546
6.62739131053 2.33525213711
6.65447557884 2.31532583784
6.68042048823 2.32773207307
6.70633260747 2.29333676033
6.72943386029 2.30472381038
6.75390242284 2.3097809045
6.77854204724 2.3055257135
6.80205495471 2.29205217304
6.82650652959 2.29365632804
6.85313371112 2.30244102479
6.87784760719 2.30069727548
6.90311735555 2.27830398431
6.92770799226 2.28929358435
6.9518810484 2.30677923525
6.97825025442 2.28264837532
7.00158617409 2.28786576571
7.03006106079 2.28921818478
7.05450947517 2.27234521387
7.07976934698 2.2980537197
7.10540057711 2.31041492326
7.13159477064 2.28621493663
7.1569020499 2.31565709396
7.18398789846 2.30374395466
7.20857063393 2.25752422885
7.23590023577 2.28192355619
7.26284149163 2.26538005857
7.295090406 2.24961245396
7.32267047717 2.29408897787
7.34768699077 2.30766370963
7.37212473847 2.26231748593
7.39816683312 2.2511927741
7.42475529857 2.25701583577
7.45136430725 2.25841473256
7.47646299375 2.24808545492
7.50401185502 2.2509330435
7.53033404866 2.25460177138
7.55753841583 2.24824160387
7.58500628939 2.24807704614
7.61039495142 2.26574908345
7.63727220723 2.27685394915
7.66074718874 2.28054711227
7.68590157898 2.23582122104
7.71266505692 2.26488703767
7.73972009064 2.23020331858
7.76716386541 2.24423395766
7.79349396029 2.23628720573
7.81816123904 2.27017488184
7.84394338287 2.20524598605
7.86848108127 2.26336415152
7.89509127513 2.2011830091
7.92000349235 2.22209240522
7.94673694557 2.20990268441
7.97165666896 2.19271724136
7.97529202986 2.20517183936
8.00124405037 2.25733782003
8.02656002099 2.22654971871
8.05073189194 2.21072698942
8.07749260444 2.2462601178
8.10474832968 2.21059230734
8.13236316631 2.20649848296
8.15698382774 2.18618749001
8.18334671277 2.18825634688
8.2071898921 2.18702803072
8.23452344456 2.22422072683
8.25979635342 2.219089107
8.28891519124 2.20558616673
8.31725378153 2.18045699349
8.34393508657 2.21166049239
8.37813916297 2.21413202224
8.40586461698 2.21250732866
8.43236656385 2.22418242745
8.46298308186 2.24296996296
8.49017915273 2.19317041091
8.51489818461 2.21347763937
8.54243203353 2.1851542349
8.56938948693 2.14652936933
8.59628926127 2.20140903702
8.62154873801 2.20423343774
8.64646727622 2.19769671209
8.67292576626 2.16464813485
8.70848648572 2.17598370755
8.73623682863 2.12260452797
8.76178470067 2.20510876593
8.76474727091 2.22699654549
8.79175094657 2.1746047924
8.81878464694 2.1234097743
8.8449401244 2.16095042543
8.8714136268 2.15898224598
8.89532317655 2.17264552203
8.92370443354 2.17989175167
8.94898129302 2.17919735308
8.97564719063 2.16261147632
9.00292069367 2.18996647435
9.02896318338 2.18418692945
9.05529248813 2.13994035392
9.08193507708 2.11113079145
9.11044709961 2.15049847112
9.13878173928 2.1599087302
9.16541840231 2.14142128622
9.1926038065 2.14386318306
9.22048926063 2.11982714151
9.24527071231 2.12922168847
9.27170154801 2.13957082155
9.29660349361 2.11769242129
9.32454228112 2.14374119082
9.3506361289 2.18466828226
9.37791081711 2.14811136362
9.40493819649 2.09435339863
9.43201337838 2.13627203602
9.45910475781 2.14340431816
9.49568118177 2.1110818628
9.52156169605 2.11035847171
9.54756072894 2.08964595693
9.57403304615 2.05100904416
9.6009004254 2.10529293414
9.626827557 2.0781602512
9.65297908384 2.15916017514
9.68021347572 2.0874887621
9.70618169377 2.11646878993
9.73345164125 2.07745226811
9.75895842683 2.04484430533
9.78598738646 2.09125926621
9.81482138455 2.06258690735
9.84199217145 2.01944078577
9.86900730391 2.06094384846
9.89540811489 2.04827955063
9.92212576563 2.04714924691
9.94938149087 2.04817468456
9.9752260545 2.06448565977
10.0021428165 2.13162410963
10.0281560716 2.12160699802
10.0594821211 2.09411230463
10.0855751787 1.98647057848
10.1111546557 2.13014379018
10.1368064291 2.14100815321
10.1645212164 2.09339344421
10.1923643989 2.08938893739
10.219988322 2.09860797852
10.2476513562 2.02699478678
10.2729993268 2.06853523964
10.2974086301 2.11078416961
10.3279054443 2.02547522733
10.3544405763 2.05930145883
10.3828700309 2.08285935291
10.4113994362 2.01277579627
10.4394018287 1.96884104082
10.4653838739 2.04257501283
10.4908961903 2.0492177204
10.5208920659 2.03566291171
10.547968828 1.98969939324
10.5728269217 2.03070125591
10.6008518328 2.02498784825
10.628840003 2.03501652014
10.6555841229 2.02269433284
10.6813911557 2.09206987304
10.7064799656 2.02445473034
10.733405814 1.96079170755
10.759488205 1.94585809151
10.7885390922 1.99520514481
10.8148569401 2.07603660189
10.8415583933 2.04912696235
10.8680022661 1.97988578766
10.8935766073 2.00580184301
10.9218029999 1.94165200484
10.9496023305 1.96185157168
10.976426253 2.01513082654
11.0026473107 2.03822490541
11.0309309874 1.95669598026
11.058144441 2.01234151725
11.0846760175 2.03817839547
11.1099611733 2.0050345509
11.135169292 1.97827765817
11.1638488208 1.95182882992
11.1903424714 1.9310200215
11.2166725663 1.92647988121
11.2443249338 1.97907938882
11.2704614483 1.99590589509
11.2951970727 1.92369039819
11.3228960576 1.92784108706
11.3503777583 1.92132991118
11.3780190641 1.98213724509
11.404062739 1.87596983505
11.4294506109 1.89975540338
11.4567075213 1.91160301633
11.4851101117 1.93394939068
11.5107942801 1.92703462715
11.5389606234 1.99908639992
11.5642995076 1.93156507311
11.5900429353 1.95157107304
11.617237821 1.93080635698
11.6434944344 1.85377281229
11.669600134 1.90671914337
11.6978344279 1.94110523998
11.7250206222 1.92815393434
11.7539743241 1.97600615665
11.7820750871 1.88376019169
11.8104800478 1.9444018171
11.8350426351 1.90542408007
11.8601634451 1.93841025109
11.8870790219 1.92330986588
11.9130594869 1.90683012938
11.940092002 1.85691870237
11.959093301 1.9132871821
11.9894277447 1.83218887403
12.0137635664 1.8899618825
12.039085463 1.9090797981
12.063970816 1.93127438159
12.089550293 1.77325677531
12.1153553504 1.7905954972
12.1421524086 1.78110221129
12.1676872436 1.9140005189
12.1957931424 1.79583415034
12.2162399733 1.8356044326
12.2438563902 1.88604414055
12.270243374 1.76330477844
12.2992061623 1.79968019212
12.325057047 1.88752017588
12.3528998344 1.81717918214
12.3789265216 1.85950312594
12.4035831337 1.94438452923
12.4290851785 1.86892083513
12.4559118664 1.88623982471
12.4823427021 1.90052978058
12.5091899332 1.93359697606
12.5327486679 1.85142695804
12.5611737767 1.8507019156
12.5870049083 1.90670490377
12.6137122874 1.88637808763
12.6387690973 1.78049781284
12.6663183536 1.82287173299
12.6901322984 1.8270066344
12.7186909382 1.76136869818
12.7496713084 1.83038179787
12.7754206621 1.83920094063
12.8016377692 1.82811883459
12.8298155692 1.80367219556
12.8564277384 1.79837821397
12.8833286979 1.74838566694
12.9094861507 1.8677454869
12.935041924 1.86340465542
12.9637637245 1.82579434456
12.9914528328 1.82357941657
13.0170832728 1.83134818008
13.0450196899 1.81163345033
13.0723370448 1.79054273784
13.0992680291 1.76234090446
13.1256676548 1.80899922733
13.1548896039 1.77663538138
13.1796923889 1.76396237804
13.2092011529 1.82856544062
13.2339280861 1.68728037463
13.2620189725 1.79378081499
13.2883885735 1.8212973128
13.3118829131 1.71095820055
13.339257552 1.76271565485
13.3621968294 1.7577435569
13.388951616 1.76392718576
13.4154812172 1.73721290502
13.4404914098 1.74432091825
13.4682231848 1.78214195833
13.4917222651 1.81046783536
13.5183407552 1.74595675321
13.547230062 1.64160594704
13.5739247992 1.74573618411
13.5979098058 1.72709722338
13.634208106 1.7856996752
13.661990844 1.65147451213
13.6879045435 1.77166386728
13.7146368116 1.85475324031
13.7435280937 1.70159838688
13.7666234205 1.7939871308
13.7935935159 1.90087198717
13.8191184744 1.84731093455
13.8456148904 1.79842666798
13.8720093804 1.76650490942
13.8992745871 1.79801256424
13.9236783594 1.73110520466
13.9512971467 1.72643483534
13.9771741054 1.65611490607
14.0017153594 1.8047372577
14.0288280722 1.76403437611
14.0560328344 1.63403120553
14.0817426819 1.72769896899
14.1060488739 1.80107239157
14.1362308237 1.79163269873
14.1602213612 1.59750215329
14.1874332345 1.74299521982
14.2132461932 1.72705641523
14.2383891266 1.72165286547
14.2641949742 1.73785729702
14.2955945052 1.65272931636
14.3226902303 1.73164177747
14.348987535 1.65363694284
14.3750031605 1.69853097877
14.4004676744 1.68016161377
14.4235823594 1.58128036263
14.4500210963 1.65472178051
14.4771571178 1.66602673179
14.5122457381 1.7173792694
14.5384071415 1.67253641674
14.5644919028 1.6847434661
14.5936376048 1.58712824202
14.6181085378 1.6945815126
14.6447479662 1.61789173364
14.6705605298 1.65753736163
14.6970288964 1.7462507926
14.7248697085 1.76321482444
14.7520626189 1.71294161135
14.7798101964 1.70393283519
14.8063342667 1.64190844664
14.8328168556 1.69481253451
14.8601721364 1.71105382414
14.8846225261 1.70982497956
14.9105480775 1.73417774893
14.9379242966 1.69438671617
14.9674354311 1.69995856619
14.9916527341 1.74435326537
15.0203670284 1.71807228593
15.046987889 1.65794041501
15.0727159093 1.72220259811
15.0989594856 1.5911970984
15.1262116553 1.6593934601
15.1510258971 1.69445083576
15.1758579167 1.68658170956
15.2024566538 1.72348053338
15.2199804207 1.64784766371
15.2458755523 1.68153746129
15.2715131034 1.71692031605
15.2981493714 1.72184406117
15.326941888 1.8257998737
15.3521353893 1.79297122401
15.3773024216 1.60204790599
15.4040098007 1.61454365524
15.4317846375 1.70486107876
15.4587934489 1.62405366095
15.4850449265 1.67736137862
15.5103308724 1.5862833945
15.5354982997 1.67165901401
15.5619137279 1.74915170905
15.5900895527 1.65016191055
15.6158132273 1.74651637844
15.6421998161 1.60270127769
15.6675620089 1.59484459631
15.6898683969 1.60031711859
15.7187316296 1.58301173126
15.7452525395 1.64296465388
15.7704069297 1.76102115601
15.7945827513 1.68602374516
15.8219716124 1.61697754214
15.8481432874 1.7120518472
15.8746906664 1.62021288493
15.9009543909 1.61350293235
15.9294786603 1.74833703861
15.9599043634 1.76661066751
15.9845613705 1.67682188742
16.0125195161 1.60464375873
16.0372456591 1.55866653595
16.0629792103 1.54497242853
16.0904304912 1.68566586776
16.116008388 1.63221692492
16.1435003603 1.66659901627
16.1693081832 1.59800883776
16.1973805016 1.56074819728
16.2237832879 1.63806789079
16.2485252334 1.6473511547
16.2729989318 1.57391829334
16.3001799903 1.55627630714
16.3269873201 1.54019995456
16.3534311928 1.49442830625
16.379056497 1.49587841535
16.4041449119 1.61654964935
16.4306539699 1.65846369748
16.4579282631 1.61630101091
16.4848983584 1.57414258789
16.511201194 1.512608646
16.5395962782 1.57754210001
16.5653041504 1.53286184221
16.5913012079 1.60249255088
16.6148962883 1.61971936841
16.6393423323 1.59363877965
16.6666912922 1.53562880044
16.6931952144 1.52475711081
16.7191255065 1.56678601281
16.7481507146 1.58850362871
16.7747933035 1.58437374331
16.8032053754 1.44686770531
16.8307751749 1.38289328791
16.8544907492 1.67097920096
16.8821964501 1.6016587339
16.9111940039 1.54972805828
16.9374395555 1.65581822748
16.9653933554 1.66394566147
16.9914074006 1.53646278625
17.0167735441 1.51724623722
17.0440628496 1.47814386094
17.0695577834 1.57276141232
17.0877950323 1.50874130753
17.1149950538 1.48744368653
17.1440826817 1.53874514426
17.1688115902 1.6066360305
17.1974330449 1.60179016252
17.2262358331 1.56691075859
17.2555379797 1.5632844026
17.2831121249 1.47204109072
17.3093833556 1.64508656135
17.3359686605 1.50707649405
17.3628154965 1.54420390784
17.3898353697 1.57351534308
17.4148803278 1.63267556324
17.4419428677 1.58066063044
17.4671043691 1.4840666774
17.4908503631 1.51344849604
17.5184877183 1.53379017849
17.5420986012 1.38449694292
17.5661460276 1.46470226278
17.5918886652 1.47148348789
17.6216704171 1.5079871799
17.6474715239 1.52648003022
17.6753459163 1.44901536289
17.7030713703 1.50214383195
17.730253614 1.53544601089
17.7552112634 1.61601152796
17.7827087666 1.58455575387
17.8121073083 1.58827023517
17.8381189832 1.52597839473
17.8642389051 1.46682294971
17.8920907789 1.50646190537
17.9169133171 1.57784338861
17.94447245 1.52765236977
17.9721248175 1.56013419217
17.9982305171 1.46624471259
18.0251508347 1.55443133553
18.0514248308 1.50839722227
18.0543905615 1.4036991521
18.0798120137 1.40577055826
18.1065822077 1.47056532849
18.1344427729 1.52972563121
18.1612098064 1.47657067159
18.1881186672 1.50893569372
18.214340515 1.48426412126
18.2420007838 1.41645266365
18.2693635709 1.53120961488
18.2951216159 1.64594835235
18.323057638 1.47930211937
18.3516660556 1.40809321763
18.3746930368 1.39248833147
18.3996443652 1.5197743596
18.4277802886 1.61274746935
18.4525064316 1.617380381
18.4802990462 1.57697666326
18.5060385233 1.65925017407
18.5315449138 1.45223305606
18.5597847386 1.46632376242
18.5857944382 1.59211111345
18.6122778171 1.59817723421
18.6390199617 1.52785519486
18.6662630449 1.49866268483
18.6929486957 1.53239473119
18.7181504934 1.4670900072
18.7441748102 1.64316519543
18.7716766591 1.53654081824
18.7972711485 1.51147544705
18.8257179858 1.64016510133
18.8574292207 1.48412084874
18.8837107229 1.48737681959
18.9095742495 1.51396220667
18.9357941221 1.59015342917
18.9650164662 1.60848047554
18.9902925355 1.62304860608
19.0269029348 1.45240309635
19.0547611297 1.502852958
19.0808028293 1.42292055657
19.1059129726 1.42236427273
19.1317610918 1.5126350804
19.1556789378 1.47429497939
19.1806638465 1.48651433448
19.2060165578 1.46755775826
19.2307257132 1.45523803766
19.2543539787 1.43365892128
19.2798007149 1.32023926634
19.306851798 1.41819090169
19.3324229787 1.47507822664
19.3565225533 1.3710507564
19.3808970911 1.46214303452
19.4047509371 1.49391829238
19.4342755036 1.44189626278
19.4585271771 1.51300386811
19.4834303079 1.55098853105
19.5079063766 1.43571543039
19.5341957801 1.52232479964
19.5586564414 1.46354450451
19.5820571513 1.40461895658
19.6070977636 1.43369056954
19.6311673135 1.47276088949
19.6511428355 1.36098206859
19.6774120908 1.48621496741
19.7042166552 1.56261217673
19.7300789966 1.40326250121
19.7546032629 1.35001960516
19.7794210603 1.44027873485
19.809245874 1.40248763154
19.834068017 1.34182834751
19.857348628 1.44928026371
19.8820368451 1.41331763056
19.9062968149 1.43355433275
19.9304564389 1.37890962351
19.9553907796 1.50366034122
19.9793030948 1.55473659575
20.0063419309 1.49802828143
20.0294578011 1.42418317153
20.0542317466 1.50766871722
20.0889114777 1.40857398277
20.1175989077 1.4333727522
20.1433846071 1.41187299627
20.1690178126 1.51301098584
20.1967298345 1.36357260877
20.224484523 1.50652630609
20.2482502702 1.3379631077
20.2733213024 1.36324858781
20.303094758 1.36276866466
20.3287236178 1.28780568407
20.3523862537 1.34948040921
20.3812103753 1.55472057609
20.4062000247 1.4602687474
20.4295059196 1.40240981579
20.454126186 1.51403035287
20.4799585027 1.45546952258
20.5040802008 1.39628447391
20.5303684191 1.33795040999
20.5560699702 1.40626811426
20.5799866311 1.33268834815
20.606157911 1.43336294312
20.6331438089 1.4384590824
20.6559483701 1.39668852633
20.6818470573 1.29991996146
20.7079270779 1.42505792245
20.7322747514 1.41898434081
20.7578411914 1.51158203781
20.7853086699 1.51595720317
20.809959356 1.5293389898
20.8371364639 1.39700735598
20.863060435 1.44911779709
20.8888678628 1.39185725667
20.9160611682 1.3357648856
20.9179653673 1.45843099899
20.9420661271 1.49418531683
20.9707981991 1.45215423202
20.9977959489 1.37298874504
21.0249643654 1.41072618301
21.052197177 1.34251652975
21.0782388766 1.47283555778
21.1042963787 1.55758044412
21.1313083507 1.38474685679
21.1607302011 1.25282711124
21.1894705695 1.30746978113
21.2162241708 1.32022434099
21.243753279 1.37876850713
21.2697606082 1.45995935011
21.2968820124 1.45023034659
21.3242475648 1.45916347748
21.3505527708 1.45189097933
21.3751513088 1.46519457034
21.4008319216 1.32381683619
21.4260902132 1.27918070548
21.455323619 1.35762650077
21.4829266038 1.46068667675
21.506507857 1.409413701
21.5337995329 1.43554536016
21.5619666662 1.31660781606
21.5893665891 1.35452642459
21.6179414265 1.43045262314
21.6456404114 1.33064674378
21.6683825528 1.39718791983
21.6968080567 1.46714190336
21.7241325228 1.43822005032
21.7523913105 1.36182266204
21.7773762192 1.43925353228
21.8032808322 1.42292212234
21.8310058912 1.31089470762
21.8577211715 1.34618790164
21.8818539313 1.34472392348
21.9073792848 1.26985683529
21.9334608857 1.35027538094
21.9621566121 1.33506169865
21.9868610267 1.49155495068
22.0121493429 1.35478809819
22.0408043779 1.40174042627
22.066740991 1.355361781
22.0934357281 1.25527073595
22.1211248364 1.40483298982
22.1457486584 1.27847475919
22.1714107033 1.22491921955
22.1971110693 1.34407030628
22.2227640279 1.26337019655
22.2480333812 1.32625996161
22.26620584 1.30219914573
22.2905531185 1.28472295775
22.3174560533 1.54653355197
22.3428498511 1.45408271212
22.368421822 1.40513683579
22.391441692 1.19994540122
22.4200441837 1.50338857171
22.4463019823 1.5529419086
22.4734459049 1.38988656141
22.4996665676 1.42149621509
22.5244527601 1.40694792064
22.5530742148 1.31881487813
22.5794548776 1.36990663724
22.6029614641 1.57648625239
22.6285444966 1.33094129882
22.654151628 1.3787629506
22.6798081421 1.39664283238
22.7056538909 1.28419798682
22.7327160357 1.21599202298
22.7592069209 1.3656329424
22.7840369652 1.39414399771
22.8110074556 1.31093447456
22.8398055031 1.23780619319
22.8645703621 1.28260666193
22.8884301341 1.33625554292
22.912977314 1.34256960784
22.938531507 1.3859389366
22.9628902423 1.50214109003
22.9896110535 1.38911966241
23.0147642586 1.25700354092
23.042708577 1.17455849226
23.0709262783 1.34368447242
23.0954446186 1.47136776707
23.1216810838 1.4891479858
23.1473810547 1.2973127716
23.1746585084 1.38701974846
23.2032503334 1.25111820797
23.2313902075 1.27894712304
23.2583235621 1.38787890355
23.287270548 1.35437655261
23.3149636069 1.25895508775
23.3424583447 1.38832915198
23.3699534775 1.4287304289
23.3952493 1.29982906787
23.4222205805 1.28586367124
23.4498255406 1.26087681791
23.4740246708 1.26139680642
23.5024185698 1.24248498347
23.5259437242 1.34362697689
23.5513959912 1.43199676138
23.5792842108 1.23353628717
23.6066754423 1.25589001473
23.6316978818 1.26432763198
23.6569352351 1.34265228828
23.6873166912 1.24181748514
23.7135736996 1.25530683399
23.7377973237 1.26327953307
23.7648223327 1.23135472272
23.7890056604 1.29197557664
23.8132964451 1.37689236485
23.839614293 1.27493883698
23.8653304615 1.30379402227
23.8929844093 1.31424316755
23.9290903143 1.19177918632
23.9569761635 1.25341036627
23.984290753 1.35083079
24.0117139846 1.25675561165
24.0388492159 1.40999233318
24.0658702743 1.2688478176
24.0919396282 1.32715718628
24.1189405384 1.33862951946
24.1450470282 1.31072453793
24.1725982598 1.28143607652
24.1988845028 1.26614135117
24.2242913377 1.18177670661
24.2489017275 1.24211129444
24.2725710796 1.22964786378
24.3002345088 1.27528221091
24.3271489005 1.26993357113
24.3530701061 1.30267954039
24.3802480041 1.07590686552
24.4058875306 1.11201717752
24.4313631063 1.12106903701
24.4573092008 1.33185835577
24.4824430479 1.14942651426
24.5103849959 1.14552710761
24.5377110421 1.34206789534
24.565760447 1.06805794271
24.5909780472 1.23700558157
24.6189010322 1.3301262026
24.6460386339 1.21061402359
24.673165964 1.31018731942
24.6998828246 1.39981672546
24.7269264015 1.27043522793
24.7539612871 1.32714059055
24.7815449138 1.38056088069
24.8084758981 1.47749829782
24.8347550299 1.2738642923
24.8622667554 1.32498794125
24.8836455377 1.33824199268
24.9020068362 1.3229507529
24.9288244376 1.19064474556
24.9534150743 1.24587680791
24.9803243301 1.2658901372
25.0077831173 1.1705432934
25.0355567688 1.23850893178
25.0625730865 1.29281909593
25.0894013546 1.26245952455
25.1141950532 1.21827353881
25.1398491969 1.26595277449
25.167333268 1.18329378282
25.1920033122 1.33349765836
25.2183527651 1.29154110321
25.2462058242 1.29764637713
25.2716644122 1.30661755428
25.3001882866 1.30985474535
25.3254157633 1.26730550379
25.3519943522 1.28265981101
25.3782146198 1.19108665832
25.4049528138 1.26126204348
25.4280998938 1.27777859309
25.4546923099 1.24681629997
25.4821123809 1.28051243199
25.5085317598 1.13809553907
25.5357305961 1.25254413656
25.5633655809 1.30427203068
25.5909993805 1.23594030045
25.618358612 1.24736365796
25.6458000164 1.29550662414
25.671255839 1.28457542786
25.6970423285 1.1817330691
25.7232179541 1.26359535336
25.7499103209 1.27822357346
25.7785542942 1.30132673176
25.8056081427 1.21271000351
25.8341162146 1.07565937608
25.8594365309 1.23211355685
25.8885767021 1.21126284954
25.915747489 1.27894817777
25.9421878062 1.09214519547
25.9676483695 1.2376107588
25.9945196994 1.38107239542
26.0226078203 1.28406520101
26.0494965329 1.27793534566
26.0752360101 1.46263441412
26.1038499586 1.37422151179
26.1320467216 1.3235676781
26.1579315816 1.26976113159
26.1840072565 1.31958029333
26.20860935 1.32077157443
26.2347126793 1.29157888679
26.2625922075 1.19046757234
26.2654599628 1.38761487505
26.2678188783 1.31775529216
26.2703350284 1.16431338186
26.2731506356 1.30018722807
26.275942539 1.36715237373
26.2787786894 1.37404251415
26.28139321 1.10205852495
26.2838390391 1.2547324265
26.2863571645 1.27470053798
26.288868969 1.29564050785
26.2909932176 1.24818627678
26.2936037875 1.16021020853
26.2957833448 1.2628298087
26.2983528283 1.16919451243
26.3006117931 1.22927887368
26.302648733 1.23493500005
26.304960241 1.13992629896
26.30759649 1.15000688774
26.3103398008 1.16590043287
26.3131076054 1.26576820071
26.3159180768 1.23507057457
26.3185642023 1.20607739883
26.3210246487 1.13867275706
26.3234096382 1.26488271887
26.3259052452 1.17833021668
26.328101 1.18061367618
26.3309964097 1.40352039822
26.3329476211 1.38743511835
26.3351097956 1.27474030273
26.3369416983 1.25782064368
26.3395214534 1.18806531463
26.3419882208 1.26593054979
26.3438209136 1.25174711378
26.346421212 1.28670838283
26.3489405226 1.35693824249
26.3509411168 1.29354144892
26.3528603282 1.26009104299
26.355520676 1.35925472327
26.3581865546 1.34926056184
26.3606501615 1.20939967369
26.3626689285 1.27675108608
26.3649018192 1.15560121424
26.367543204 1.23318419586
26.3695035018 1.29565890192
26.3717988123 1.27102393183
26.3747040985 1.35147093483
26.3771432116 1.24901576998
26.3797842013 1.32527011329
26.3823607959 1.36330831796
26.3849342301 1.33888170593
26.3874152197 1.42524653459
26.3902920615 1.4320966115
26.3928323104 1.21810645507
26.3954571026 1.17460864521
26.3979274255 1.30315743282
26.4002065384 1.20899890299
26.4029755283 1.23194208847
26.4049555792 1.19839213228
26.407004371 1.27768319974
26.4095205211 1.38500379965
26.4117561772 1.28679126738
26.4135367218 1.38203801232
26.4159667484 1.22026274061
26.4177611202 1.17462863343
26.4195527266 1.18613910011
26.4224315436 1.20154170772
26.4247229035 1.27694584847
26.4265425592 1.38544489941
26.4287493758 1.35133097117
26.430641723 1.25238898788
26.4324277985 1.33232177929
26.4342292814 1.23499311406
26.436366567 1.24705615804
26.4383000006 1.41200370545
26.441021583 1.41623792091
26.4431426711 1.32542726074
26.4451839567 1.20467192071
26.4470285014 1.15834824557
26.4492625772 1.13029347033
26.4512868751 1.28610853202
26.4534454941 1.23251140759
26.4555385328 1.27042653638
26.4587480168 1.21520436414
26.4607260924 1.18353716747
26.4633457488 1.26237410111
26.4653562195 1.29406941423
26.4679114808 1.20655787091
26.4707579028 1.19080408821
26.4728280279 1.22324279084
26.4747397331 1.09823018556
26.4771263029 1.1258209516
26.4792110453 1.24049386785
26.4819748993 1.31976349122
26.4837530736 1.28625757965
26.4861262113 1.22054546348
26.488213324 1.12933692879
26.4902068071 1.16841825299
26.492250068 1.19633334217
26.4942392053 1.25023312989
26.4970054297 1.34271655
26.499388444 1.23355163886
26.5014510629 1.15882123524
26.5033971385 1.16895713768
26.5052357572 1.20287861854
26.5071119069 1.24658366071
26.5092274641 1.21401515683
26.5112588731 1.04952336361
26.5138074183 1.06898470283
26.5162248029 1.31099938253
26.5188973976 1.2659853955
26.5215261405 1.17903024783
26.5240995746 1.33874712925
26.526343527 1.34520637643
26.5286455535 1.20380018793
26.5312505926 1.1750458429
26.5339283231 1.11712904335
26.5357724727 1.24318311577
26.5376300544 1.15286670171
26.5394425991 1.11669388166
26.5419437368 1.18700456855
26.5438578124 1.24657746836
26.5456490237 1.26290017924
26.5484638408 1.24236355568
26.5514718431 1.22917856481
26.5544111047 1.12299922815
26.5569039462 1.32177726654
26.5591135282 1.18716135908
26.5611275545 1.24251567506
26.5631510622 1.26431245094
26.5651765453 1.31978461323
26.5679929426 1.26808979227
26.5706671176 1.16459042719
26.5729083045 1.16409211304
26.5754880596 1.24262657797
26.5777537404 1.0509378025
26.5804085574 1.13206227005
26.5833000164 1.14259424292
26.5859753766 1.21047099118
26.5879479213 1.2076824549
26.5907090099 1.12226900885
26.5930864933 1.17378570041
26.5954564705 1.23020023412
26.5973950399 1.34752631308
26.6004563757 1.30673219248
26.6033920817 1.32557486146
26.606119195 1.22127683573
26.6090983578 1.15473424262
26.6120083848 1.18746672111
26.614473967 1.31656192953
26.6170857221 1.20791876748
26.6197946626 1.25587975728
26.6222562941 1.15618868012
26.6247384689 1.23920157137
26.6269713596 1.21920768408
26.6298568927 1.08551056404
26.6319396598 1.08788356003
26.6344479087 1.1821196079
26.6369687996 1.2438809424
26.6393111224 1.1930971717
26.6418130503 1.26866092652
26.6443031264 1.19495212447
26.6469022395 1.12004156712
26.6493800686 1.19423244082
26.6520214534 1.38650458013
26.6545478752 1.20441252817
26.6571533094 1.13764876527
26.6594656075 1.13181189357
26.6618956341 1.22243394245
26.6637907467 1.3126261029
26.6662713413 1.36628630045
26.6685579603 1.29932548559
26.6709907524 1.42121859438
26.6744676934 1.17384526517
26.6763722875 1.18714450501
26.6790026106 1.32824377622
26.6809700195 1.34813560435
26.6837338736 1.24861286309
26.686341283 1.23846209805
26.688977137 1.2515666237
26.6908355088 1.22521370132
26.6937186716 1.39546526154
26.6962648464 1.29373954925
26.6985834655 1.21746193924
26.7006729487 1.39754331198
26.7027517651 1.21336650248
26.7049036681 1.21166763956
26.7076378925 1.22667649989
26.7097522645 1.33900964638
26.7119815996 1.35735840344
26.713907527 1.39884895973
26.7160009608 1.16232408317
26.7185720246 1.21891725764
26.7207484213 1.1865604829
26.7232092628 1.15809102856
26.7255831906 1.26107608258
26.7275624514 1.20871304859
26.7293856627 1.26182839051
26.7315083311 1.21298345035
26.7336167772 1.16949396028
26.7355683837 1.15507329663
26.7373698666 1.02451702947
26.739550214 1.13546551831
26.742244142 1.19808770908
26.7447666131 1.07554117541
26.7467415283 1.1922936451
26.7495575305 1.25759500345
26.7518872114 1.19554389009
26.7542196577 1.26198511977
26.7561191159 1.30177022131
26.7580924508 1.14113612566
26.7606690455 1.23174733264
26.7627624792 1.1856143318
26.765378185 1.13819710657
26.7681274217 1.15655409669
26.770134732 1.25129884712
26.7721361163 1.11467623296
26.7743543896 1.20809317708
26.7763763171 1.29893974221
26.778387973 1.14271698415
26.78177563 1.07652146833
26.7842293604 1.21472524673
26.7863461028 1.14989175685
26.7888259072 1.05348538863
26.7912986005 1.18943249152
26.7938570223 1.13706858491
26.7956928756 1.20233144666
26.7978380625 1.13193519992
26.8004344102 1.30600749501
26.8024918933 1.36760256333
26.8047939198 1.25059671285
26.807272144 1.19222814406
26.8091727875 1.24949578919
26.8115198511 1.17864337934
26.8136136799 1.17856629738
26.8164435093 1.18214545623
26.8190659311 1.28099244949
26.821396007 1.14140050219
26.8244893428 1.28727063597
26.8274566538 1.1224139744
26.8300612978 1.09745435579
26.8319564104 1.10548399842
26.8343149308 1.02963989711
26.8376405631 1.11131527738
26.8397304413 1.35552700884
26.8421588876 1.24520287695
26.8441883213 1.19171639757
26.8461008167 1.30135685144
26.8484166704 1.25296794683
26.8506021536 1.17582687193
26.8537160326 1.10918511167
26.8560765283 1.18284044161
26.8583473449 1.10463146246
26.8612632978 1.20409621857
26.8634776205 1.19980928966
26.8654477949 1.14897194358
26.8677130807 1.06258943334
26.8705085397 1.22209232184
26.8727817266 1.18811011804
26.8751165433 1.3159163609
26.8774620266 1.30292062887
26.8798430656 1.28748790645
26.8829083519 1.15649706833
26.885608996 1.23282305444
26.8886098873 1.17794832469
26.891282482 1.14061980638
26.8940498916 1.2598896301
26.8965190293 1.31118981327
26.8990264881 1.2561013358
26.9014841691 1.16194037495
26.9037075782 1.18035300328
26.9065164693 1.15083134085
26.9086181994 1.26514253802
26.911277362 1.33159539815
26.9140017098 1.17192921649
26.9160836868 1.0146491218
26.9191280349 1.05871496418
26.9219926297 1.07981514185
26.9255406819 1.15267318822
26.9281563877 1.25753841246
26.9308732293 1.23109322399
26.9336137747 1.26602314851
26.9366119005 1.23058622597
26.9389949148 1.26940593609
26.9414233611 1.11296089593
26.9441449435 1.04744347529
26.9466788714 1.1433732821
26.9492969476 1.27138282189
26.9514670234 1.23211236057
26.9560189282 1.2488732722
26.958635029 1.10583853994
26.9612768089 1.13563107397
26.9639288604 1.25868554865
26.966594739 1.1439484634
26.9690899509 1.19113599591
26.971650743 1.25278043517
26.9742032389 1.24685316207
26.9768726731 1.17542988901
26.9788637858 1.25966540119
26.9814210224 1.22637600179
26.9833706535 1.09873872128
26.9862794953 1.14321480073
26.9889785592 1.13165424701
26.9915602896 1.0819117276
26.9943004399 1.14927316982
26.9962544168 1.14972876004
26.9988634065 1.28932763685
27.0015213839 1.17051109559
27.004094423 1.20867996695
27.0066492892 1.17194512283
27.0095545755 1.05689184309
27.0121872689 1.23999725654
27.0145924066 1.06503723126
27.0170437666 1.00708359303
27.0192478177 1.18237272905
27.0219579433 1.06938542534
27.0239439202 1.13562381792
27.0265533049 1.0906430657
27.028514788 1.07899030975
27.030380666 1.40140032093
27.0323129144 1.26276453138
27.0345062989 1.22116464365
27.0365918314 1.01578995528
27.0386595861 1.32743228005
27.0414396377 1.39279370255
27.0432545527 1.19336594727
27.0451109492 1.258668466
27.0473153954 1.22654971785
27.0493578662 1.1432955039
27.0512118923 1.20036137941
27.0530900173 1.44785964248
27.0566360941 1.15168512427
27.0592391579 1.21291279846
27.0613930362 1.19843903869
27.0636990133 1.10565138202
27.0665975835 1.01543868619
27.0689971903 1.18015570757
27.0716800566 1.23004463995
27.0744032193 1.1197912479
27.0763520603 1.04977442517
27.0787564079 1.08375451561
27.0806108291 1.15313362222
27.082946831 1.14436735175
27.0851793266 1.23436390082
27.0872443158 1.34780492192
27.0898544907 1.20738872129
27.093065555 1.09044879455
27.0955323224 0.976622292457
27.0974712869 1.17867929253
27.0997219553 1.28221128357
27.1017853644 1.36168077986
27.1042015638 1.11993993267
27.106431294 1.22444616658
27.1084544067 1.07914390246
27.110825174 1.09924323421
27.1128328793 1.22978013088
27.114837029 1.15644999914
27.1171501173 1.07451927137
27.1192680449 1.22530764789
27.121548343 1.24996896647
27.123490863 1.11636274983
27.1261049885 1.10754741104
27.1281636568 1.07685752681
27.1305956587 1.11967496821
27.132533043 1.05339184542
27.1345063779 1.18820413238
27.1370766515 1.30027962977
27.1390369494 1.05705034368
27.1414231241 1.07942547573
27.1434628294 1.1096611141
27.1456028805 1.16033299675
27.1476398204 1.09982244446
27.1498296492 1.09631487783
27.1524058488 1.08717668805
27.1552028881 1.03258232536
27.1571991366 1.11856900204
27.1600352869 1.19710114744
27.1622741035 1.10351809325
27.1651481799 1.14173419698
27.1674545521 1.17204377115
27.1698557391 1.02394690702
27.1719389013 1.0713354811
27.1740224585 1.18418095212
27.1760408305 1.06630951765
27.1784811287 1.24513575983
27.1807543157 1.1066688515
27.1841945159 1.1626650603
27.1872933826 1.19825730084
27.1901860268 1.13939397009
27.1925974855 1.1037632405
27.1951468209 1.097375411
27.2006140844 0.985568376149
27.2026439132 1.04857519756
27.2048151742 1.07512596046
27.2071665834 1.10012310805
27.2096191286 1.08089780032
27.2118938958 1.12410315419
27.2145419967 0.894247058974
27.2171667889 0.930551603834
27.2198765194 0.96605524454
27.2221042743 1.18346797651
27.2247116837 0.998355829979
27.227120377 0.96415850492
27.2298802804 1.21941968639
27.2327602827 0.897917371682
27.2347399386 1.09467919809
27.2368001871 1.18092759389
27.2397319425 1.06274566837
27.2423725372 1.16442418801
27.2449064651 1.24016292904
27.2477086402 1.11887614994
27.2503318521 1.18954403423
27.2530214345 1.23770568407
27.2555032142 1.36274518957
27.2574789195 1.12455703042
27.2597856867 1.18803926777
27.262327911 1.15840390385
27.2651123082 1.16428297851
27.2674194706 1.03266529607
27.2699233738 1.08352126883
27.2725106351 1.1089508027
27.2751042174 1.02012609109
27.277425997 1.08686786875
27.2799314804 1.14852639271
27.282609606 1.11631289245
27.285163287 1.07181044978
27.2874909926 1.14004499474
27.2901209206 1.05571861391
27.292651688 1.19091697482
27.2951579616 1.12865280325
27.2981434454 1.14521971397
27.3009543119 1.15622393681
27.3035127336 1.16453274317
27.3062094271 1.12407841131
27.3082957498 1.16336168201
27.3110106161 1.03427094993
27.3133782229 1.11440056593
27.3155720024 1.15940251392
27.3179396092 1.1128414123
27.3198900305 1.13165850989
27.3221094891 0.999616762435
27.3247018862 1.11385990902
27.3270078633 1.16094013418
27.3293122602 1.12423625984
27.3314692989 1.11462649185
27.3335184857 1.17200442523
27.3353693514 1.16180246027
27.3374410567 1.03282555126
27.3400350341 1.12565001222
27.342148616 1.12571780368
27.3445422969 1.16078813677
27.3467321258 1.06879043372
27.3493509921 0.948857957802
27.3513515863 1.09181988478
27.3531992914 1.07357705419
27.3550438361 1.12970925069
27.3578598383 0.96131131166
27.3597083336 1.09315606011
27.3625231506 1.24145264398
27.3644048311 1.19260013925
27.3665037958 1.12881400796
27.3684881924 1.33381850448
27.370733725 1.23053350854
27.3729334305 1.18341684206
27.3749818271 1.12927062289
27.3775584218 1.17617151347
27.3801555596 1.21970433662
27.3826322036 1.1694471234
27.3845893409 1.07484895384
27.3872216393 1.2748680943
27.3890385296 1.19137736736
27.391849396 1.04904545883
27.3943015461 1.19097156332
27.3965561652 1.26305750525
27.3995282169 1.26592395449
27.4013711813 0.981263463635
27.403209405 1.12126971003
27.4056591847 1.16260034427
27.4081093595 1.18186130507
27.4109289173 1.11683917069
27.413811685 1.04028097927
27.4156747976 1.11950943654
27.4175458114 1.04633040971
27.4195653685 1.10334577362
27.4222782596 1.11887351194
27.4242405327 1.04023283169
27.4262107071 1.00385871438
27.4281737704 1.01770719305
27.4314729335 1.14288381988
27.4337074044 1.11266989506
27.4357083936 1.06715842588
27.4377966916 1.02687477852
27.4397467178 1.14484791705
27.4415813859 1.05687210928
27.4435227208 1.05859821663
27.4454932903 1.30582364346
27.4477293414 1.28072691487
27.4497097874 1.14268361944
27.4517309248 1.12412765169
27.4548724582 1.06564362052
27.457030287 1.15412017603
27.4588724613 1.11981544667
27.461016068 1.17630793384
27.4630751313 1.26824232065
27.465123528 1.17480950947
27.467090937 1.13368502505
27.469014494 1.26431971911
27.4710482734 1.24806490199
27.473153559 1.08984033061
27.4750561778 1.13495452574
27.4773198833 1.03672838338
27.4796622062 1.11786796232
27.4824908504 1.17718063924
27.4853400378 1.16138133513
27.4878798917 1.25577045865
27.4906638939 1.15999616603
27.492683451 1.21840405101
27.4950708109 1.27399058969
27.4978812823 1.2269965657
27.500184494 1.30737271791
27.503158521 1.34165617708
27.5055269179 1.10160041156
27.5080754632 1.04596750457
27.5111300829 1.18162198629
27.5136727022 1.08450934556
27.5159213953 1.10299055468
27.5188914717 1.09723917901
27.5219330544 1.1642592235
27.52467518 1.26971299497
27.5274094044 1.17823147851
27.5294645171 1.26103589866
27.5322702477 1.10865160834
27.5347828423 1.05985570257
27.5375324741 1.06563608288
27.5401995379 1.09362870341
27.5424367743 1.17602595261
27.5449793936 1.26692768432
27.5472099138 1.24314683221
27.549853274 1.15011378997
27.5523868068 1.21103843959
27.5550791546 1.11586482193
27.5577343666 1.14561817247
27.5596808373 1.31358595129
27.5622297776 1.29242119471
27.5647759524 1.23074446837
27.5667903738 1.08119089961
27.5693973882 1.04691235877
27.5718617852 1.00938560515
27.5738651448 1.15183918496
27.5761446528 1.11561544913
27.5781124568 1.14475892472
27.5807253971 1.09512433567
27.5831712262 1.06977720115
27.5859113765 1.14687077527
27.5887348849 1.19227610829
27.5914576525 1.1002122436
27.5941334077 1.08774547837
27.5969782495 1.14471664619
27.5989926708 0.987150725077
27.601114154 1.02057960589
27.602992674 1.13224587143
27.6051264041 1.22588872642
27.6081427027 1.18575066986
27.6108338654 1.11781902738
27.6134432501 1.01775546513
27.6160099682 1.05738667069
27.6184012787 1.11536415258
27.6211319476 1.14572831023
27.6237567398 1.26762804613
27.62636889 1.12640057462
27.6286270646 1.04435705264
27.6307398564 1.06106684759
27.6329502285 1.09164755079
27.6349697857 1.13958626284
27.6368068241 1.10184987478
27.63872248 0.932285263457
27.6406843581 0.991209674832
27.6428323104 1.19786285283
27.6455159668 1.16828912029
27.6482521665 1.06812826979
27.650165847 1.23922377695
27.6527878738 1.24585101294
27.6556141476 1.1049995229
27.6583701004 1.06996033689
27.6604358799 1.0174505585
27.6623752394 1.14752955341
27.6646575128 1.04315989131
27.6666723292 1.0139862718
27.668619195 1.08576761937
27.6710824068 1.13622866532
27.6732189023 1.16369747232
27.6760625589 1.1412317668
27.6786754992 1.13304129715
27.6805638958 1.02010158171
27.6830397496 1.21955935013
27.6855574799 1.08738958851
27.6877425681 1.1615005859
27.6907952125 1.17536505627
27.6933429676 1.21861821186
27.6952862778 1.1646221024
27.6973658843 1.07033125911
27.6998263307 1.06773047519
27.7019375423 1.15742891803
27.704126186 0.952126264335
27.7059640146 1.04617087239
27.707896263 1.04469904533
27.7109429815 1.12030402428
27.7132623907 1.11255861464
27.7151756762 1.02949485339
27.717250147 1.0630246827
27.7191176052 1.1437195909
27.7212904465 1.25897855751
27.7239579053 1.22518722971
27.7265222531 1.2523794965
27.7286658597 1.13291154703
27.7307897132 1.0631973556
27.7330099619 1.08219559984
27.7350698154 1.23463796608
27.7370427552 1.10442010432
27.7390650778 1.1592775767
27.7413599932 1.06358278507
27.7433250318 1.13624775737
27.7451703666 1.13239921983
27.7477272081 0.984607875088
27.7495654318 0.992955584612
27.751884841 1.09230830426
27.7548643989 1.15030495567
27.7569285981 1.10188118384
27.759048896 1.19794460918
27.7610091939 1.11053532841
27.7634791218 1.02624960711
27.7656132469 1.08106534317
27.7674637175 1.29941805038
27.7692896943 1.12360596488
27.7718378444 1.05892547829
27.7737029323 1.05246458389
27.7760681687 1.12349177979
27.7783539977 1.20907064208
27.780654444 1.29103387192
27.7840784467 1.20923002251
27.7866941524 1.33596590842
27.7895536115 1.09021295511
27.7922815149 1.10248555397
27.7951062085 1.23721428821
27.797853865 1.27376698826
27.8006169289 1.16198500763
27.803114116 1.16408883594
27.8055702167 1.14793726505
27.8082013299 1.15679799849
27.8109857272 1.31409170919
27.8134821242 1.21800638039
27.8160160522 1.12134435271
27.818638474 1.31355304045
27.8216263282 1.13419913512
27.8244174415 1.12636525641
27.8266677149 1.1357233781
27.8292229762 1.25132207026
27.8317987807 1.26256131816
27.8344749309 1.31288664826
27.8371344886 1.06700034376
27.8397995771 1.1278140627
27.8421545419 1.12081493172
27.8443925684 1.07975424213
27.8468601259 1.1726159837
27.8493407205 1.12139315949
27.851795636 1.19032738079
27.854521169 1.13019146731
27.8570037389 1.07721661532
27.8596162841 1.06950998618
27.8620956935 0.936330978195
27.8652340664 1.04282384877
27.8678699203 1.10758195566
27.8706080953 0.982741941619
27.8726240969 1.09662727676
27.8745709626 1.19061634294
27.8765545691 1.12167826771
27.8790805958 1.17825675451
27.8822169934 1.22013606718
27.884972156 1.04250672687
27.887385195 1.12764383077
27.8900712218 1.10501029797
27.891957248 1.04795879369
27.8945966575 1.07229314178
27.8972392274 1.17196068299
27.9001069828 1.03158658833
27.902878343 1.11997003988
27.9054462463 1.21147686719
27.9082835819 1.06066745807
27.9107815591 0.985295137319
27.9128422027 1.14223641517
27.9150205748 1.07437095466
27.9176888239 0.960375618355
27.9204179124 1.09813743075
27.9231829517 1.04631322526
27.9251460149 1.12728459175
27.9270802387 1.05665936226
27.928992339 1.24628718514
27.9318359955 1.31549189146
27.9340657257 1.17254236959
27.936277678 1.11232894298
27.9385113588 1.15240180731
27.9407675581 1.10361046741
27.942734572 1.09342840737
27.944657339 1.10970095292
27.9465319084 1.20069419741
27.948376058 1.06987022381
27.9503651954 1.21040261131
27.9522148758 1.05958292335
27.9559166071 1.01084866533
27.9586840167 1.02173675275
27.960570438 0.955469183894
27.9629558226 1.03130974936
27.964977355 1.28778172737
27.9669850603 1.17446948599
27.9688556791 1.12341867052
27.9706583472 1.22837498088
27.9731515837 1.18247783476
27.976413611 1.10385004742
27.978196921 1.04431970537
27.98003712 1.10661764743
27.9819369734 1.0378691938
27.9837862588 1.12506247332
27.985717322 1.11753137388
27.9877787558 1.06880465164
27.990021523 0.991864485599
27.9930010809 1.15124294886
27.9954887866 1.10665878127
27.9990238017 1.24892149588
28.0017521001 1.23208686594
28.0045839049 1.19947811872
28.0075132899 1.07749512858
28.0098911683 1.16358131285
28.0125815408 1.10507484302
28.014633493 1.08099086174
28.0168221367 1.1898377896
28.0186172987 1.24889212242
28.0212251032 1.18718711126
28.0231893517 1.09688308534
28.026216317 1.10168961276
28.0281809605 1.09056299836
28.0301625917 1.19889092915
28.0320438772 1.2457078094
28.0339599281 1.10317574008
28.0362406212 0.940619834061
28.038321413 0.977701686755
28.0408261063 1.00000477224
28.0428816141 1.07532397149
28.0454483322 1.18559617062
28.0487538163 1.15320958037
28.0507804846 1.19423040216
28.0526712515 1.15646767778
28.0548227594 1.20039429069
28.056921724 1.04743031606
28.0600245413 0.972095691546
28.0622112096 1.0723053341
28.0641379272 1.20626988626
28.0668974356 1.17764658018
28.0689229187 1.17929586635
28.0711850439 1.03423844344
28.0731445516 1.05853398283
28.0752044051 1.20742862194
28.0774918143 1.08996414519
28.0800182361 1.12019376611
28.082354633 1.1758351228
28.0855672775 1.18657687998
28.0877733039 1.11213890476
28.0897505894 1.20628649113
28.0917654058 1.16440553212
28.094453408 1.02585364147
28.0967131628 1.06677162338
28.0987173126 1.05377745409
28.1006373141 1.02502058927
28.1037539585 1.07944876818
28.1063649235 1.08989134224
28.1087771724 1.21802650154
28.1121486318 1.11000759925
28.1148038438 1.14072688762
28.1172591544 1.09901586527
28.1199815269 0.993224041678
28.1223609856 1.18625726543
28.1251185186 0.993181262416
28.127897385 0.930896080019
28.1302930412 1.12891401014
28.1326969937 1.00181883814
28.1348540325 1.06364341981
28.1369849971 1.01518385932
28.1394533448 1.00346390775
28.1422081124 1.34654413613
28.1446330032 1.19614392057
28.1470689557 1.16080678008
28.1493776983 0.959122438822
28.1520953301 1.26579636345
28.1547169618 1.32958354759
28.1575697047 1.1207376905
28.1599163733 1.20141968985
28.1628153385 1.16170016325
28.1647831425 1.08407901576
28.1671728728 1.14819884514
28.1697692206 1.38949825913
28.1724086301 1.0886304047
28.1752665089 1.15827219333
28.177648733 1.12920787613
28.1801360436 1.04128402949
28.1821694279 0.948688043898
28.1846468619 1.10838766854
28.1872349134 1.16938340063
28.1896424214 1.05349405767
28.1925698312 0.986774874112
28.1950705739 1.0124139674
28.1975246993 1.08406001632
28.1994166514 1.07236032249
28.2021540363 1.18120571793
28.2040337415 1.29416882808
28.2071235217 1.13728889989
28.2099999684 1.03661588127
28.2123387357 0.912432799954
28.214856071 1.12147514385
28.2174551842 1.20914331908
28.2203016062 1.31686114631
28.2225467437 1.05805736946
28.2247594862 1.15830186147
28.2275114884 1.01883992227
28.2302650708 1.03416288087
28.2328582581 1.17212472738
28.2355521861 1.08451506758
28.2377669039 1.01370367677
28.2398883871 1.16830412569
28.2421110061 1.1820098453
28.2443928845 1.05401410259
28.2465961455 1.04861378003
28.2488195546 1.00961592532
28.2506411857 1.07521965989
28.2535168423 0.982722060997
28.2556916588 1.13299133492
28.2579834137 1.24898536559
28.260290181 0.993754935146
28.2620999602 1.01839591771
28.2644798139 1.05668107076
28.2663618895 1.09203588434
28.2683249528 1.0444379909
28.2701509295 1.03717141802
28.2722309311 1.02318676291
28.2749347358 0.960659069996
28.2770254041 1.05093640448
28.2795312826 1.13198686377
28.2816168151 1.04284588064
28.2843277308 1.08727804853
28.2861841274 1.12461521497
28.2883190426 0.96458739152
28.2907261556 1.00683920345
28.2931119353 1.12078765943
28.2951575665 0.994497252686
28.2969630001 1.18099295757
28.2990876437 1.04543736289
28.301139596 1.10295848512
28.3031480914 1.14601991424
28.3051723893 1.07739340043
28.3070710574 1.04074620714
28.3091119479 1.03703529512
28.3116269129 0.911755499749
28.3138673097 0.973731288601
28.3194669191 1.01384401063
28.3218977358 1.02829881645
28.3250337383 1.01305930095
28.3271508758 1.05751887102
28.3295923592 0.832059325117
28.3315708299 0.861153504205
28.334933598 0.909509777189
28.3373703406 1.12845555807
28.3394574534 0.941864199852
28.3416413564 0.905539269959
28.3434878763 1.17943408088
28.3456227916 0.8406275945
28.3475925709 1.03672871025
28.349541807 1.12215284843
28.3513298578 1.00447831687
28.3543923788 1.10871822656
28.3569456647 1.17820194885
28.3593630494 1.0656362479
28.3618084834 1.14493284092
28.3640852259 1.17976760019
28.3659993015 1.31726903878
28.3681492292 1.06757199458
28.3712374291 1.13483499503
28.3732719986 1.08152585748
28.3756443462 1.10192023858
28.377865385 0.973487411539
28.380005041 1.02092976799
28.3822485983 1.04619292625
28.384086822 0.965524989834
28.3859985272 1.03010801978
28.38878648 1.0897039679
28.3909237657 1.05639501058
28.3928469277 1.01852702554
28.3966395233 1.0930725887
28.3988103892 1.00978756489
28.4008425883 1.13570486627
28.4027693059 1.06697238188
28.4047805667 1.08261374182
28.407151334 1.094264584
28.410570596 1.10592799354
28.4128572151 1.06898361404
28.4152935627 1.11690709066
28.4187768247 0.97503801649
28.4213281354 1.05894185083
28.4243843353 1.11506653665
28.4268088311 1.06152310946
28.4296998951 1.07329950314
28.4324463664 0.947927274913
28.4352524921 1.06385404351
28.4377469138 1.10165780086
28.4404696814 1.07732963434
28.4427487943 1.06279485767
28.4459985746 1.12312588489
28.4486016384 1.11485710754
28.4515440605 0.978212455082
28.4543221367 1.06675316742
28.4569074227 1.06248698772
28.460163129 1.1024715464
28.4630142918 1.01261672747
28.4660187386 0.909331593046
28.4690536052 1.03456600229
28.4717657061 1.01814210964
28.474254992 1.06733383527
28.4765159321 0.918050579617
28.4790984526 1.03507339913
28.4818164795 1.18821331712
28.483991296 1.16096797005
28.4861400384 1.06773660878
28.4881607808 1.28127881939
28.4903434985 1.17479531516
28.4927976239 1.1241642553
28.4951194036 1.07322852738
28.497828344 1.11615812399
28.500471309 1.17707299264
28.502795459 1.10612019556
28.505189535 1.0310786851
28.5070767463 1.22491461232
28.5092361554 1.13452905818
28.5118941329 1.00745975135
28.5143107274 1.14370564179
28.5168802109 1.22409589379
28.5189768051 1.22276209401
28.5218062395 0.935268569649
28.5240241177 1.07139643812
28.5265043172 1.11983872676
28.5291176526 1.13185686949
28.531762593 1.07041749513
28.5348014102 0.996459256704
28.5372993875 1.06182629091
28.5398190932 0.998084417489
28.5424790459 1.05542657694
28.5450749986 1.07539811983
28.5481959887 1.00458071416
28.5506848796 0.946416001988
28.5533246841 0.957792072408
28.555915501 1.09265608405
28.5587595526 1.06056753016
28.5610110112 1.00920052979
28.5632660253 0.986684457416
28.5661705214 1.09636200274
28.5684662269 1.0090402287
28.5705173891 1.01515134296
28.572764897 1.26276190782
28.5753209484 1.23226722108
28.5773811969 1.09134202123
28.5797851495 1.06561454312
28.5816198176 1.01784191784
28.5834390783 1.10909819609
28.5856300923 1.07045380941
28.5874137975 1.1384960182
28.5896387869 1.2364495295
28.5920810604 1.12604630214
28.5942096547 1.07956700113
28.5961932612 1.22754811584
28.5987358805 1.20296793561
28.6019607719 1.04170628274
28.6040972674 1.07542199561
28.6060512443 0.98891228385
28.6081395422 1.07714586887
28.6102491735 1.12551783828
28.6123829036 1.12064566828
28.6146616215 1.21976447269
28.6169229566 1.12742668778
28.6190408842 1.16714351874
28.6209466635 1.23264322448
28.6230720972 1.18035963555
28.6256692351 1.26037741282
28.6281423235 1.3100549039
28.6310705233 1.04908078887
28.6338304267 0.994833975623
28.6361454903 1.13295344519
28.6390191716 1.03411365525
28.6412113708 1.05143888605
28.6435078665 1.05730006334
28.6461852019 1.11747437429
28.6481826356 1.21870663125
28.6503084644 1.1356173342
28.652451676 1.20705900791
28.6544163195 1.06065788443
28.6571300007 1.01333521537
28.659354595 1.01526310321
28.6612761768 1.04946815492
28.6633075858 1.13476105764
28.6660046744 1.2142144902
28.6681277378 1.18988871728
28.6703610235 1.10766377499
28.6730928775 1.1569133179
28.6754087312 1.05955072562
28.6774911032 1.10240611593
28.679814068 1.26692433159
28.6821781193 1.23378064341
28.6844726396 1.19269512474
28.6864376782 1.02841058654
28.6890577296 1.00154443251
28.6915359538 0.961781758889
28.6940485484 1.0957633147
28.6966362047 1.0698955677
28.6991357623 1.09216900851
28.7031729013 1.0435864102
28.7050095447 1.02131619576
28.7071013982 1.09467949221
28.710067524 1.14628335537
28.7122411554 1.05752793076
28.7144408608 1.0449727171
28.7167547392 1.10845242573
28.7192029386 0.943103218238
28.7218711877 0.974327186314
28.7243426958 1.08779890942
28.7263891171 1.18279502659
28.7294800826 1.13849300835
28.7322862082 1.07257574839
28.734984877 0.971035787298
28.7393226582 1.01624290959
28.7422212284 1.08342909968
28.7450538233 1.10090306858
28.7480223194 1.23506869171
28.7505914079 1.08197485468
28.7530020764 0.997665181515
28.7556395106 1.01431865081
28.7584460314 1.04300428684
28.7610822804 1.09298998131
28.7635304798 1.05660409649
28.7662212474 0.880873201865
28.7689546816 0.957202146899
28.7718493012 1.14502889617
28.7747229825 1.12919590324
28.7777301947 1.02252276938
28.7798769619 1.19805567735
28.7821809637 1.20276319878
28.7849151881 1.06279606233
28.7877375113 1.02359356974
28.7905408715 0.97603331
28.793250207 1.10774936331
28.7957872954 0.998864259998
28.7983002851 0.975942023785
28.8007662623 1.04302338038
28.8034748077 1.08819513314
28.8061090814 1.12154003919
28.8099423683 1.09902898144
28.812697136 1.09446667194
28.8152235577 0.979148299236
28.8177381276 1.17367811302
28.8202507222 1.04078139157
28.823236206 1.1279664476
28.8258807513 1.1371186693
28.8284826299 1.17551998234
28.8311595703 1.11975277419
28.8338412514 1.03133219769
28.836398093 1.03269709139
28.8389881197 1.11896975859
28.8415896032 0.90749851557
28.844192667 1.01458341253
28.8470035334 1.00128881535
28.8497002269 1.08110356934
28.8522957845 1.07132282684
28.8548613174 0.990104083769
28.8574837392 1.01267955744
28.8602535192 1.10809349895
28.8627495212 1.21580418309
28.8652186589 1.18927651932
28.8678750561 1.22131599976
28.870390021 1.09540427432
28.8731752084 1.02469068299
28.8758987661 1.03423973951
28.8784429657 1.19800956925
28.8811534863 1.05897908132
28.8833105251 1.11543001946
28.8854572922 1.02543529483
28.8882235166 1.09036015844
28.8909624817 1.09588214723
28.8940321138 0.9421377135
28.8974545363 0.953321234003
28.9003527114 1.05232661458
28.9027736516 1.10879704765
28.905126246 1.05890073755
28.9081816558 1.16500618362
28.9104698552 1.07322646765
28.9126624495 0.984206246672
28.9147132166 1.03320162978
28.9174802311 1.25823871276
28.9202986037 1.09216377765
28.9231991492 1.02508603947
28.926139991 1.01506775671
28.9282879433 1.08093846849
28.9305026611 1.16272369621
28.932641132 1.26069483772
28.935322418 1.16980629518
28.9379772349 1.29154033136
28.9408872619 1.05217663636
28.9433907701 1.0636417417
28.9462711674 1.1934565348
28.9483448481 1.24005219792
28.9506575413 1.12460689378
28.9529453455 1.13495422241
28.9551817917 1.10003320263
28.9577998679 1.12622059458
28.9600572524 1.27690135033
28.9621795257 1.18152120994
28.9646115276 1.07875869643
28.9669084183 1.27364665696
28.9693139511 1.10068705291
28.9721437805 1.08889011262
28.974929758 1.09574031625
28.9779029949 1.20913930154
28.9799774657 1.21582696535
28.9822320847 1.26816594561
28.984284432 1.02387084449
28.9866429524 1.08687038781
28.9890690284 1.09159822852
28.9912691289 1.04321873889
28.9935446863 1.12493471388
28.9957475522 1.07927102246
28.9990834561 1.15381491442
29.0022072116 1.09357885629
29.0050164978 1.03733334728
29.0072316107 1.03168248675
29.0093195135 0.900302105912
29.0122303307 1.00096356441
29.015276654 1.06677724623
29.0178603598 0.944789315618
29.0210244117 1.05057049992
29.0239403646 1.1607308585
29.0261195268 1.09107032019
29.0284353805 1.14105962075
29.0310933579 1.18205958723
29.0330734088 0.998788448879
29.0357222998 1.0799876917
29.0378868448 1.07216784596
29.0403504516 1.00717548245
29.0426931695 1.03994051183
29.0450129738 1.1298226522
29.0473019633 0.991412240573
29.0499634963 1.08358224855
29.0520833992 1.17713223207
29.0549677471 1.02424926611
29.0580642434 0.943951277859
29.0605985664 1.10929225572
29.0634769884 1.04278108657
29.0663727932 0.922023470899
29.0685219307 1.05769253696
29.0709428709 1.00795430418
29.0735313174 1.09430814495
29.0761229243 1.02513895288
29.0783344816 1.21868874111
29.0814128051 1.29447098157
29.0841335973 1.13833035013
29.0868638711 1.07618897025
29.0895076263 1.10608496383
29.0922809618 1.06826063378
29.0947698527 1.05681599479
29.0973693609 1.07506305258
29.0997211652 1.16137773266
29.1024170686 1.03831683557
29.1046155888 1.17162221042
29.1075283813 1.03184108148
29.1102116426 0.97404841977
29.1123552493 0.986459774523
29.1152929306 0.927632066113
29.1174914509 0.994316215016
29.1198404898 1.25601837598
29.1218952074 1.14110633008
29.1253867657 1.08878984547
29.1277843973 1.19225022458
29.1299177323 1.14792042283
29.1322561045 1.07042309801
29.1353225761 1.01913402261
29.1380575906 1.07177507041
29.1403536911 1.01041303836
29.1426545325 1.08904064477
29.1448443614 1.08058881661
29.1479325613 1.03631161709
29.1508429834 0.962886752943
29.1531276272 1.11405958701
29.1559167652 1.06561080423
29.1579963718 1.21681833196
29.1600838796 1.20040659541
29.1622334121 1.15992067462
29.1645204263 1.04566386629
29.1669903542 1.1324965229
29.1699094676 1.06684972366
29.1720194939 1.05298749856
29.1746798417 1.15691510029
29.1775389057 1.2166305871
29.1806693773 1.15253585508
29.183323009 1.06872996407
29.1860082457 1.06579951718
29.1884493341 1.06256783932
29.1912981265 1.17120050101
29.1935602517 1.20586604102
29.195656846 1.07050254076
29.1982290949 0.909726525978
29.2007590722 0.942735166996
29.2040799637 0.964223837716
29.2066316694 1.03996335328
29.2087906835 1.14965952751
29.210882537 1.11641293054
29.2141129593 1.15609424245
29.216174393 1.1217605596
29.2187818025 1.16462493561
29.2210541994 1.01880235777
29.223611831 0.939028567376
29.2260228946 1.03824456681
29.2285986991 1.17430154288
29.2315849731 1.15004685769
29.2337190982 1.14337289895
29.2361029026 1.00116418227
29.2399756958 1.02188084848
29.2421137715 1.18475912968
29.244422119 1.06674172762
29.2467470592 1.08696875755
29.2491067647 1.13981925738
29.2513550628 1.16063363861
29.2536183732 1.08468927347
29.2567263263 1.18321680763
29.2588245008 1.13852056202
29.2613291941 0.99114666988
29.2633372945 1.02600122671
29.2655788765 1.01606791875
29.2677698906 1.00021397531
29.2705578434 1.04487151531
29.2734228333 1.06184983878
29.2755142918 1.18542387744
29.2785001707 1.08456857941
29.2807338514 1.10776015349
29.2830410138 1.06044382345
29.2853691144 0.965330078286
29.2875913383 1.16032488368
29.2898376611 0.961564431719
29.2925548978 0.896085144684
29.2947423563 1.10331719544
29.2975255684 0.968022054406
29.3002779657 1.02684332957
29.3025274489 0.982073958323
29.3052735252 0.966254401283
29.3073863169 1.31844273316
29.309844393 1.16628899662
29.311888839 1.13411018849
29.3142524952 0.933988234101
29.3164636575 1.237456514
29.3185017825 1.29759128384
29.3205446483 1.08349925025
29.3227502797 1.17192159567
29.3259688501 1.13000442829
29.3288496425 1.0553928405
29.3309810023 1.12501547211
29.3332640658 1.35488375139
29.3354657465 1.05738811739
29.3383955266 1.1331812136
29.3408769113 1.09728435448
29.3436281234 1.00933503224
29.3457472361 0.920036229841
29.3481456578 1.07258368322
29.350350104 1.13875148418
29.3523740068 1.02053608945
29.3547479346 0.95763606587
29.3567769733 0.976274481972
29.3593116913 1.04844982875
29.3616864092 1.03938097751
29.3644000904 1.15488781304
29.3666756477 1.2690681411
29.3688879952 1.10376744149
29.3710383179 1.01267872653
29.3737847892 0.88448004085
29.3769148657 1.09311529275
29.3801089423 1.17423215386
29.3828143272 1.29347739362
29.3852068229 1.0290745799
29.3873587258 1.12239363082
29.3898274685 0.988638890022
29.3926944337 1.00208729775
29.3948502873 1.14272803397
29.3973885609 1.05144637803
29.3994286613 0.986303300475
29.4019736509 1.14120119822
29.4044088134 1.14857393849
29.4072279761 1.02556400871
29.4101605216 1.02251412582
29.4127217088 0.977793664422
29.4155811679 1.05341888597
29.4177350461 0.949573805644
29.419803591 1.10567256883
29.4230296676 1.22062337695
29.4252657187 0.963493207584
29.4283507582 0.99116276608
29.4308021182 1.03041267717
29.4335809846 1.0593932544
29.4357056282 1.01340903948
29.4378895312 1.00790290818
29.4405238049 0.993097311355
29.443218128 0.927334078137
29.4460230685 1.0160806214
29.448038675 1.10134390822
29.4503083064 1.01322992694
29.4533376421 1.06358702982
29.455463866 1.10044480135
29.4580112261 0.935880795705
29.4600529067 0.976121149711
29.4621901923 1.08963908282
29.4648248611 0.960125121128
29.4671035789 1.14774129027
29.4692187411 1.01509233506
29.4712319773 1.07473407907
29.4738247694 1.11958077797
29.4767964261 1.04999804374
29.4796752432 1.01110640822
29.4815754916 1.0087392439
29.4838285304 0.876590111091
29.4863739152 0.937370751642
29.4886131268 0.982523469038
29.4907725359 0.990625471452
29.4930326859 0.98360124723
29.4958222189 1.02637838067
29.4979196033 0.803656672275
29.5002374323 0.827649390559
29.5033355088 0.881191775284
29.5055498315 1.10149505383
29.5080051421 0.911753324484
29.5109013419 0.879929386234
29.5144221349 1.1597709913
29.5165779884 0.814574788773
29.5194935463 1.00626265725
Avg iter time = 0.00277145905145 seconds
