0.000834766 2.29526
0.00124326 2.29935
0.00164385 2.29647
0.00203536 2.29667
0.00235101 2.30002
0.00267615 2.30272
0.00302776 2.30342
0.00342203 2.28774
0.00380642 2.29837
0.00414381 2.28946
0.00447329 2.30102
0.00486005 2.30262
0.00516465 2.29646
0.00562292 2.30003
0.00600534 2.29819
0.00638262 2.30205
0.00669156 2.30038
0.00715141 2.29429
0.00745759 2.29864
0.00780959 2.29578
0.00816514 2.30273
0.00858391 2.29243
0.00911132 2.28659
0.00949532 2.30854
0.0100215 2.30188
0.0103246 2.29743
0.0106094 2.29664
0.0109179 2.30004
0.0112865 2.30564
0.0116543 2.29352
0.0120616 2.29389
0.012356 2.30069
0.0127972 2.29752
0.0132658 2.29448
0.0136869 2.29384
0.0141993 2.29687
0.0147101 2.30777
0.0150807 2.29134
0.0154205 2.28491
0.0158325 2.29707
0.0162762 2.29519
0.0166926 2.29095
0.0170378 2.3055
0.0174049 2.29763
0.0177711 2.29934
0.0181519 2.29463
0.0185734 2.29696
0.018959 2.29213
0.0193691 2.30445
0.0197661 2.30235
0.0201873 2.30446
0.0205547 2.29608
0.0209991 2.29738
0.0213835 2.30179
0.021666 2.30026
0.0220559 2.30195
0.022464 2.30035
0.0228555 2.29962
0.0232162 2.30138
0.0235572 2.287
0.0239155 2.2914
0.0242781 2.29653
0.0246799 2.30459
0.0250853 2.27821
0.0254404 2.29681
0.0258592 2.29805
0.0263135 2.2907
0.0266102 2.29783
0.0269274 2.2992
0.0273407 2.29798
0.0277563 2.29494
0.0283686 2.30507
0.0288083 2.29166
0.0291884 2.3044
0.0297351 2.29269
0.0300923 2.28812
0.0304115 2.30323
0.0309409 2.29646
0.0313533 2.29773
0.031761 2.30063
0.0322288 2.28929
0.03255 2.30715
0.0329059 2.30473
0.0332852 2.3025
0.0337237 2.30256
0.0340702 2.29969
0.0344937 2.28873
0.034822 2.29587
0.0353276 2.29324
0.0357105 2.30475
0.036004 2.29696
0.0363959 2.30212
0.0368024 2.30533
0.0371386 2.29893
0.0374839 2.29127
0.0378564 2.29813
0.0383163 2.28962
0.0386568 2.30095
0.0389555 2.30424
0.0393525 2.29857
0.0397073 2.30273
0.0400459 2.3026
0.0403832 2.29589
0.0407115 2.29884
0.0410256 2.30126
0.0413543 2.30196
0.0416984 2.2899
0.0420484 2.29906
0.0423981 2.3019
0.0427355 2.29632
0.043093 2.30926
0.0435327 2.29077
0.043959 2.29953
0.0443216 2.29969
0.0446914 2.30699
0.0451224 2.29603
0.0454784 2.2927
0.0459568 2.29549
0.0465608 2.29658
0.046993 2.29516
0.0475927 2.30007
0.0481154 2.29627
0.0485954 2.30407
0.0489759 2.29953
0.0493575 2.29169
0.0497336 2.303
0.0502353 2.29179
0.0506292 2.2895
0.0510306 2.30457
0.0513668 2.3058
0.0518709 2.28909
0.0523003 2.29639
0.0526827 2.29215
0.0531007 2.28864
0.0535945 2.29758
0.0539829 2.29027
0.0544483 2.29718
0.0547777 2.29856
0.0552155 2.28847
0.0555208 2.29203
0.0558104 2.29243
0.05639 2.3048
0.056785 2.29783
0.0571165 2.29786
0.0575432 2.29783
0.0580244 2.30134
0.0584329 2.29531
0.0587864 2.30304
0.059155 2.29202
0.0595335 2.29844
0.0599693 2.29828
0.0605251 2.30188
0.0608396 2.30481
0.0612267 2.30254
0.0615775 2.29584
0.0619655 2.30471
0.0623282 2.29833
0.0627019 2.29645
0.0630152 2.29242
0.0634126 2.29369
0.0637445 2.3082
0.0641138 2.29144
0.0645188 2.29882
0.0648329 2.29349
0.0653156 2.30149
0.0656819 2.29979
0.0661176 2.3013
0.0664491 2.29555
0.067012 2.29752
0.0674047 2.297
0.0677844 2.30393
0.0683339 2.28386
0.0686962 2.30121
0.0691019 2.29095
0.0695448 2.30587
0.0698794 2.29333
0.070293 2.30022
0.0707517 2.29716
0.0710638 2.2955
0.0714162 2.29912
0.0719132 2.30285
0.0723059 2.29963
0.0727772 2.29954
0.073282 2.30345
0.073702 2.30306
0.0740441 2.30056
0.0745249 2.29641
0.0748686 2.3021
0.0752139 2.29721
0.0756603 2.30002
0.0760937 2.29526
0.0764406 2.29508
0.0768957 2.30253
0.0773591 2.29592
0.0778245 2.29906
0.0782669 2.2926
0.0787414 2.29749
0.0792151 2.2964
0.0796497 2.29887
0.0800024 2.2972
0.0803801 2.30218
0.0807953 2.28407
0.0811643 2.29221
0.0814476 2.30054
0.0818229 2.30246
0.0821895 2.30816
0.0825664 2.28927
0.0829844 2.29856
0.0833222 2.30217
0.0837634 2.30787
0.0840858 2.28851
0.0844445 2.29852
0.0848819 2.29654
0.0851825 2.30273
0.0855452 2.30076
0.0859228 2.29623
0.0862745 2.29437
0.0868141 2.29059
0.0871807 2.3033
0.0875734 2.29823
0.0878918 2.29478
0.0883556 2.29793
0.0888313 2.30822
0.0892852 2.29864
0.0895874 2.29906
0.0901496 2.28809
0.0905107 2.30522
0.0909354 2.29801
0.0913917 2.30211
0.091827 2.29907
0.0921929 2.29574
0.0927641 2.2994
0.0932753 2.30768
0.0937064 2.30009
0.0940959 2.29882
0.0946826 2.28844
0.0951128 2.29596
0.0956102 2.30077
0.0959831 2.29916
0.0965398 2.29467
0.0970569 2.2958
0.0976629 2.29686
0.0980493 2.30085
0.0984894 2.29583
0.0988319 2.29552
0.0992112 2.29946
0.0995999 2.30436
0.100034 2.29864
0.100714 2.2889
0.101157 2.29021
0.101589 2.30152
0.101943 2.30186
0.102379 2.29766
0.102808 2.29743
0.103165 2.30149
0.103517 2.29952
0.103863 2.29863
0.10429 2.30438
0.104674 2.29732
0.104998 2.29915
0.10539 2.29224
0.105762 2.28615
0.106173 2.29411
0.106582 2.30363
0.107213 2.30273
0.107602 2.29535
0.10794 2.29788
0.108331 2.29747
0.108715 2.29896
0.109106 2.30745
0.109584 2.28953
0.109912 2.29923
0.110335 2.29844
0.110693 2.29687
0.111189 2.30171
0.111629 2.30331
0.1121 2.28386
0.112541 2.29473
0.112878 2.2999
0.113345 2.29878
0.113732 2.29877
0.114098 2.30059
0.114549 2.29933
0.114983 2.30187
0.115344 2.29708
0.115812 2.30498
0.116101 2.30434
0.116497 2.30302
0.116904 2.30086
0.117216 2.29625
0.117529 2.28981
0.11811 2.2932
0.118593 2.30257
0.119101 2.30126
0.119571 2.3014
0.120001 2.302
0.120445 2.29246
0.120874 2.2997
0.121275 2.30225
0.121711 2.30018
0.122014 2.28913
0.122418 2.30381
0.122815 2.29034
0.123289 2.3022
0.123597 2.29627
0.124124 2.2919
0.12459 2.29994
0.125064 2.29771
0.125489 2.2964
0.12587 2.30413
0.126327 2.30344
0.126666 2.29708
0.127105 2.29936
0.127572 2.29838
0.127902 2.29041
0.128332 2.2977
0.12873 2.30478
0.129119 2.30138
0.129461 2.29783
0.129917 2.29351
0.130267 2.30298
0.130694 2.30342
0.13108 2.29456
0.131524 2.2896
0.13194 2.30048
0.132265 2.29628
0.132615 2.28997
0.133171 2.29345
0.133527 2.29644
0.13397 2.29682
0.134596 2.30102
0.134918 2.29845
0.135324 2.29716
0.135793 2.29631
0.136129 2.29466
0.13664 2.29362
0.136922 2.30405
0.137503 2.30715
0.137844 2.28733
0.138504 2.30293
0.138877 2.30633
0.139342 2.30111
0.139653 2.29041
0.140052 2.30192
0.140408 2.29154
0.140947 2.29613
0.141325 2.29821
0.141765 2.29525
0.142077 2.29952
0.14249 2.30804
0.142881 2.29806
0.143285 2.29677
0.143576 2.30166
0.144033 2.30299
0.144482 2.30163
0.144824 2.2987
0.145152 2.29318
0.145657 2.2952
0.146073 2.30411
0.146438 2.29019
0.146743 2.28957
0.147216 2.28392
0.147555 2.30141
0.148082 2.29904
0.148398 2.30371
0.148854 2.30685
0.149173 2.29526
0.149522 2.30587
0.149912 2.29391
0.150271 2.3005
0.150604 2.29599
0.151062 2.28907
0.151552 2.29679
0.152099 2.30213
0.1524 2.29139
0.152937 2.29257
0.153218 2.30161
0.15364 2.30246
0.154094 2.29584
0.154532 2.30609
0.154937 2.29526
0.15554 2.30626
0.155848 2.28914
0.156354 2.29964
0.156789 2.29957
0.157351 2.29262
0.157805 2.30638
0.158365 2.30279
0.158783 2.30626
0.159202 2.29348
0.159642 2.30402
0.159992 2.29858
0.16035 2.29646
0.160664 2.29833
0.161096 2.30023
0.161511 2.29587
0.161957 2.30323
0.162284 2.29488
0.162695 2.29128
0.163005 2.29709
0.163456 2.30228
0.163885 2.30366
0.164399 2.29475
0.164729 2.3025
0.165216 2.303
0.165516 2.29915
0.166122 2.29677
0.166492 2.29773
0.167016 2.30442
0.167387 2.29459
0.167783 2.29499
0.168121 2.29677
0.16859 2.29531
0.169027 2.29685
0.169391 2.29946
0.169809 2.29606
0.170264 2.30175
0.170599 2.29852
0.17113 2.29842
0.171513 2.30543
0.171915 2.29753
0.172308 2.30242
0.172781 2.29888
0.173094 2.30064
0.173484 2.30087
0.173878 2.30074
0.174277 2.29822
0.174723 2.28996
0.175213 2.2928
0.175593 2.30225
0.176034 2.30068
0.176472 2.30137
0.17683 2.30118
0.177205 2.29781
0.177705 2.30337
0.178239 2.30032
0.178678 2.29884
0.179066 2.2999
0.179562 2.30109
0.180082 2.29763
0.180418 2.29764
0.180935 2.29687
0.181461 2.2993
0.181849 2.29559
0.182216 2.29597
0.182723 2.29688
0.183187 2.30182
0.183658 2.29621
0.184031 2.29384
0.184594 2.29268
0.18505 2.28541
0.185569 2.30637
0.186025 2.28523
0.186486 2.29301
0.18679 2.29674
0.187103 2.30723
0.187455 2.30354
0.187889 2.29544
0.188237 2.29712
0.188694 2.31275
0.189055 2.2938
0.189429 2.29549
0.189767 2.30234
0.190326 2.30302
0.190744 2.30453
0.191405 2.30034
0.191805 2.29822
0.192167 2.29869
0.192502 2.30082
0.192928 2.28761
0.193363 2.29572
0.193812 2.29566
0.194183 2.29242
0.194569 2.30169
0.195094 2.30368
0.195492 2.30414
0.196075 2.28469
0.196369 2.29613
0.196833 2.28765
0.197302 2.30245
0.197815 2.30439
0.19812 2.29533
0.198573 2.29962
0.198976 2.29865
0.199376 2.30192
0.19971 2.29928
0.200162 2.29602
0.20049 2.29741
0.201007 2.29623
0.201336 2.3021
0.201727 2.2893
0.202095 2.28497
0.202431 2.30932
0.202838 2.30206
0.203259 2.29711
0.203707 2.29562
0.204271 2.29894
0.204782 2.30755
0.205222 2.29164
0.205703 2.2925
0.206227 2.3004
0.206531 2.29639
0.206889 2.29446
0.207218 2.29311
0.20755 2.29543
0.207858 2.30822
0.208353 2.29112
0.208752 2.28241
0.209174 2.2968
0.209505 2.2945
0.210144 2.29274
0.210453 2.30542
0.210807 2.29797
0.211195 2.29885
0.211659 2.2936
0.212047 2.29686
0.212549 2.29068
0.212907 2.30275
0.213387 2.30245
0.213669 2.3044
0.214138 2.29529
0.214587 2.29696
0.215006 2.30154
0.215509 2.30095
0.215849 2.30188
0.216299 2.30007
0.216714 2.29874
0.217119 2.3009
0.21753 2.28504
0.218251 2.29052
0.218703 2.29661
0.219101 2.30482
0.219576 2.27697
0.220027 2.2976
0.220583 2.29658
0.220932 2.28881
0.221219 2.29597
0.221622 2.29893
0.22194 2.29905
0.22262 2.29437
0.222911 2.30544
0.223248 2.29034
0.223558 2.3044
0.22402 2.29179
0.2244 2.28806
0.224771 2.30364
0.225174 2.29634
0.225571 2.2975
0.225903 2.29999
0.226346 2.28917
0.226903 2.30657
0.227281 2.30326
0.227602 2.30159
0.228033 2.30339
0.228382 2.29886
0.228726 2.2886
0.229123 2.29428
0.229575 2.29112
0.229876 2.30361
0.230399 2.29659
0.230772 2.30195
0.231241 2.30652
0.231677 2.30004
0.232117 2.28914
0.232428 2.29816
0.232835 2.28769
0.233171 2.30015
0.233607 2.30457
0.23405 2.29779
0.234482 2.30202
0.234798 2.30216
0.23526 2.29514
0.235628 2.29953
0.23606 2.30119
0.236426 2.30125
0.236985 2.28741
0.237379 2.29923
0.23776 2.30282
0.238075 2.29448
0.238403 2.31024
0.238737 2.28922
0.239096 2.29854
0.239465 2.29885
0.239862 2.30732
0.240245 2.29543
0.24062 2.29008
0.240979 2.29356
0.241417 2.2962
0.241796 2.29406
0.242222 2.29935
0.242653 2.29616
0.243046 2.30441
0.243365 2.29969
0.243742 2.29042
0.24406 2.30229
0.244422 2.29005
0.24482 2.28719
0.245282 2.30464
0.245679 2.30634
0.246034 2.28621
0.246456 2.29626
0.246935 2.28987
0.247342 2.28755
0.247747 2.29671
0.248174 2.29104
0.248548 2.29577
0.248869 2.29784
0.249277 2.2878
0.249757 2.28972
0.250167 2.29164
0.25049 2.30428
0.250833 2.29672
0.251219 2.29585
0.251819 2.2962
0.252142 2.30209
0.252717 2.29409
0.253076 2.30281
0.253519 2.29072
0.253919 2.29756
0.254441 2.29795
0.254825 2.30031
0.255141 2.30516
0.255546 2.30183
0.255859 2.2957
0.25633 2.30514
0.256671 2.29679
0.257109 2.29694
0.257468 2.29049
0.257886 2.29166
0.258253 2.30928
0.258704 2.29228
0.259002 2.29709
0.259564 2.29251
0.259958 2.3
0.260428 2.29881
0.260763 2.30191
0.261109 2.29204
0.261436 2.29996
0.261887 2.29507
0.262192 2.30321
0.262531 2.28357
0.262857 2.30054
0.263283 2.29079
0.263785 2.30582
0.264208 2.29203
0.264539 2.29997
0.265157 2.29803
0.265526 2.29297
0.265915 2.29842
0.26629 2.30264
0.266666 2.29726
0.26718 2.29848
0.267564 2.30206
0.268003 2.30409
0.268385 2.29985
0.2687 2.29505
0.26911 2.30167
0.26963 2.29534
0.26995 2.29912
0.270373 2.29427
0.270834 2.29333
0.271449 2.30192
0.271821 2.2939
0.272159 2.29766
0.272477 2.2905
0.272798 2.29735
0.273182 2.29407
0.27369 2.29714
0.274134 2.29576
0.274525 2.30139
0.274836 2.28108
0.275153 2.29046
0.275549 2.29978
0.275916 2.30082
0.276261 2.3092
0.276647 2.28841
0.277032 2.29746
0.277495 2.30184
0.277907 2.3085
0.278267 2.28576
0.278788 2.29661
0.279164 2.29506
0.279681 2.30347
0.280015 2.30135
0.280442 2.29383
0.280743 2.29279
0.281157 2.28895
0.281531 2.30164
0.28199 2.29677
0.282421 2.29329
0.282938 2.29697
0.283379 2.30795
0.283867 2.29735
0.28417 2.29876
0.284662 2.28601
0.284984 2.30594
0.285389 2.2972
0.286027 2.30087
0.286462 2.29906
0.286854 2.29597
0.28734 2.29816
0.28785 2.30834
0.288266 2.30034
0.28873 2.29657
0.289159 2.28753
0.289568 2.29418
0.290007 2.30043
0.290437 2.29773
0.290898 2.29438
0.291201 2.29551
0.291713 2.29485
0.292132 2.29873
0.292697 2.29638
0.292996 2.29417
0.29344 2.29793
0.293832 2.30351
0.294339 2.29732
0.294768 2.28567
0.295153 2.28737
0.295492 2.30103
0.295796 2.30061
0.296234 2.29627
0.296649 2.29633
0.29732 2.30034
0.297686 2.29912
0.298115 2.29631
0.298478 2.30461
0.298974 2.29522
0.299508 2.29908
0.299815 2.28998
0.300289 2.28278
0.300643 2.29179
0.301009 2.30332
0.301404 2.30157
0.301827 2.29467
0.302422 2.29584
0.302921 2.29658
0.303254 2.29836
0.303617 2.3083
0.303954 2.28682
0.304468 2.29902
0.304799 2.29649
0.305216 2.29675
0.305577 2.30167
0.305991 2.30245
0.30638 2.27995
0.307078 2.29447
0.307404 2.29945
0.307818 2.29782
0.308216 2.29808
0.308593 2.30081
0.309044 2.29801
0.309377 2.30096
0.309774 2.29455
0.310411 2.30416
0.31072 2.30383
0.311027 2.30281
0.311445 2.29947
0.311871 2.29273
0.312363 2.2879
0.312704 2.29371
0.313049 2.30257
0.313507 2.2999
0.313987 2.30155
0.314433 2.30087
0.314854 2.29117
0.315196 2.3006
0.315669 2.30147
0.316232 2.29944
0.31662 2.28544
0.316999 2.3026
0.317537 2.28723
0.317888 2.30075
0.318518 2.29389
0.318808 2.28873
0.319279 2.29871
0.319802 2.29776
0.320322 2.29436
0.320854 2.30391
0.321341 2.30302
0.321781 2.29612
0.322238 2.29717
0.322536 2.29742
0.322867 2.29125
0.323309 2.29763
0.323765 2.30379
0.324109 2.29918
0.324648 2.29603
0.325027 2.2911
0.325379 2.30165
0.32569 2.30321
0.326095 2.29437
0.32641 2.29132
0.326894 2.29754
0.327342 2.29598
0.327982 2.28759
0.328399 2.28943
0.328771 2.29532
0.329319 2.29567
0.329708 2.29921
0.329998 2.29573
0.330551 2.29437
0.33097 2.29424
0.331405 2.29311
0.331764 2.29112
0.332182 2.3039
0.332547 2.30727
0.332987 2.28407
0.333307 2.30207
0.333751 2.30597
0.33407 2.29949
0.334612 2.28807
0.334939 2.30098
0.335291 2.2886
0.335652 2.29562
0.336053 2.29737
0.336406 2.29338
0.336795 2.29826
0.337116 2.30743
0.337549 2.29804
0.337919 2.29462
0.338399 2.30143
0.3389 2.30086
0.339347 2.30134
0.339853 2.29844
0.340271 2.29036
0.340687 2.29435
0.341055 2.30335
0.341379 2.28807
0.34188 2.2854
0.342297 2.28061
0.342657 2.30031
0.34303 2.29756
0.343514 2.30372
0.344017 2.30726
0.344353 2.29319
0.344673 2.30651
0.345047 2.29139
0.345492 2.29922
0.345864 2.29543
0.346281 2.28681
0.346691 2.295
0.347096 2.29995
0.347498 2.28776
0.347848 2.28941
0.348323 2.30008
0.348626 2.30221
0.349177 2.29499
0.349541 2.30606
0.349854 2.29511
0.350235 2.3055
0.350575 2.28659
0.350929 2.29859
0.351348 2.29978
0.351814 2.29014
0.352405 2.30552
0.352779 2.30111
0.353393 2.30563
0.353717 2.2901
0.354115 2.30505
0.354472 2.29679
0.354888 2.29509
0.355306 2.2984
0.355613 2.29901
0.355925 2.29282
0.356335 2.30279
0.356716 2.29208
0.357055 2.2896
0.357396 2.29483
0.357783 2.30288
0.35825 2.3029
0.358695 2.2929
0.359102 2.30302
0.359554 2.30167
0.359975 2.29659
0.36036 2.29472
0.360765 2.29651
0.361309 2.30405
0.361692 2.28998
0.362199 2.29271
0.362601 2.2948
0.363038 2.29413
0.363466 2.29348
0.363784 2.29783
0.364193 2.29262
0.364578 2.3004
0.364945 2.29765
0.365361 2.29612
0.365843 2.30563
0.366279 2.29376
0.366602 2.30428
0.367039 2.29662
0.367429 2.29808
0.367841 2.30079
0.368246 2.2996
0.368657 2.29551
0.369065 2.28762
0.369468 2.29189
0.369928 2.30269
0.370275 2.29871
0.370747 2.29977
0.371238 2.29878
0.371651 2.29586
0.37208 2.30298
0.372568 2.29848
0.373065 2.29803
0.37349 2.29692
0.37392 2.29941
0.374371 2.29591
0.374769 2.29681
0.375351 2.29541
0.375724 2.29553
0.376141 2.2936
0.376485 2.2939
0.376838 2.29576
0.377237 2.30032
0.377646 2.29215
0.378032 2.29046
0.378382 2.2924
0.378788 2.28417
0.37914 2.30408
0.379511 2.28287
0.379906 2.29181
0.380248 2.292
0.380695 2.30586
0.381043 2.30047
0.381461 2.29332
0.381935 2.29442
0.382358 2.31327
0.382915 2.28887
0.383373 2.29225
0.383829 2.30077
0.384189 2.30255
0.384567 2.30276
0.385027 2.29781
0.385451 2.29614
0.385902 2.29604
0.386246 2.29859
0.386516 2.28289
0.387003 2.29428
0.387486 2.29172
0.387967 2.2879
0.388398 2.29912
0.388768 2.30254
0.389065 2.30282
0.38957 2.28161
0.389979 2.29247
0.390482 2.28389
0.390953 2.30122
0.39135 2.30253
0.39171 2.29454
0.392101 2.29706
0.392507 2.29756
0.392889 2.2992
0.393394 2.29637
0.39377 2.29576
0.394106 2.29356
0.394445 2.2959
0.394942 2.29934
0.395399 2.28365
0.395846 2.28153
0.396318 2.3078
0.396623 2.29999
0.396943 2.29521
0.397359 2.2924
0.397697 2.29487
0.39817 2.30832
0.398578 2.28737
0.398924 2.28859
0.399328 2.29748
0.399655 2.29229
0.400084 2.29318
0.400454 2.29069
0.400877 2.2907
0.401258 2.30723
0.401572 2.28886
0.402 2.27588
0.402402 2.29411
0.402752 2.29129
0.403257 2.29458
0.403625 2.30349
0.404113 2.29644
0.404553 2.29597
0.405088 2.29014
0.405537 2.29514
0.406014 2.28585
0.406406 2.2971
0.406829 2.3005
0.407307 2.30279
0.407646 2.29153
0.408122 2.2944
0.408547 2.29967
0.408918 2.29923
0.409336 2.30017
0.409755 2.29793
0.410096 2.29591
0.410636 2.29814
0.411047 2.27982
0.411518 2.28737
0.411847 2.29422
0.412353 2.30287
0.412726 2.27223
0.413165 2.29744
0.413507 2.29173
0.413936 2.28262
0.414352 2.28996
0.414697 2.29691
0.415111 2.29952
0.415438 2.29046
0.415853 2.30398
0.416386 2.28601
0.41677 2.30265
0.4172 2.28828
0.417696 2.28617
0.418105 2.30268
0.418711 2.29395
0.419116 2.29528
0.419496 2.29619
0.42009 2.28612
0.420495 2.30294
0.420865 2.29783
0.42139 2.29766
0.421846 2.3028
0.422197 2.2951
0.422571 2.2857
0.422985 2.28882
0.4234 2.28411
0.423772 2.29908
0.424207 2.29393
0.424621 2.29948
0.424984 2.30673
0.425451 2.29996
0.425839 2.28211
0.426136 2.29639
0.426688 2.28211
0.427034 2.29639
0.427476 2.30292
0.427921 2.29371
0.428435 2.2986
0.428894 2.29935
0.429194 2.2916
0.429584 2.29869
0.429879 2.29889
0.430275 2.29693
0.430642 2.27972
0.431184 2.29775
0.43156 2.30292
0.432107 2.28865
0.432462 2.30926
0.433064 2.28316
0.433413 2.2946
0.433818 2.29514
0.434176 2.30613
0.434537 2.29255
0.434964 2.28168
0.435312 2.28707
0.435807 2.29381
0.436242 2.28948
0.436744 2.29591
0.437219 2.29329
0.437515 2.30296
0.438039 2.29782
0.438365 2.28497
0.438843 2.29864
0.439171 2.28361
0.43979 2.27947
0.440157 2.30238
0.440588 2.30475
0.441126 2.27778
0.441688 2.2944
0.442049 2.28197
0.442435 2.28317
0.442837 2.29284
0.443244 2.29061
0.443606 2.29054
0.443947 2.29454
0.444394 2.28442
0.445041 2.28247
0.445409 2.28751
0.445825 2.30057
0.446198 2.29142
0.446636 2.28903
0.447051 2.28991
0.447415 2.30105
0.447818 2.2891
0.448313 2.29935
0.448682 2.28558
0.44908 2.29319
0.449626 2.29435
0.450455 2.29425
0.450847 2.30196
0.451257 2.297
0.451561 2.29204
0.451951 2.30272
0.452398 2.29075
0.452814 2.29497
0.45324 2.28423
0.453698 2.28461
0.453994 2.30929
0.454495 2.29048
0.454796 2.29055
0.455257 2.28702
0.455611 2.29426
0.456065 2.29388
0.456437 2.30006
0.45688 2.28145
0.457195 2.30268
0.457567 2.28846
0.457883 2.29825
0.45851 2.27841
0.458831 2.29749
0.45927 2.28752
0.45971 2.30287
0.460157 2.28615
0.460498 2.2963
0.460949 2.29633
0.46132 2.28404
0.461792 2.29342
0.462211 2.29939
0.46262 2.2885
0.463033 2.29236
0.463455 2.29603
0.46381 2.30371
0.464201 2.29642
0.464514 2.28798
0.464978 2.2981
0.465266 2.2867
0.465661 2.29516
0.466008 2.28862
0.466512 2.28683
0.466812 2.29742
0.467349 2.28664
0.467672 2.29132
0.468199 2.28223
0.468648 2.29446
0.469187 2.28506
0.469599 2.28852
0.470119 2.28972
0.470473 2.29609
0.470905 2.27091
0.471403 2.28403
0.471829 2.29445
0.47218 2.29346
0.472586 2.30846
0.473134 2.28287
0.473556 2.29196
0.473931 2.29834
0.474298 2.30576
0.474828 2.27586
0.475237 2.28825
0.475652 2.28822
0.476088 2.3016
0.476532 2.29915
0.476888 2.28439
0.477357 2.28651
0.477804 2.28181
0.478136 2.29391
0.478537 2.289
0.479013 2.28566
0.479398 2.29031
0.479777 2.30264
0.480197 2.29035
0.480657 2.29448
0.480959 2.27667
0.481305 2.30498
0.48172 2.29243
0.482351 2.29391
0.482653 2.29413
0.483111 2.29144
0.483556 2.29169
0.484056 2.30695
0.484354 2.29754
0.484754 2.28902
0.485124 2.28187
0.485549 2.28648
0.485904 2.29544
0.486519 2.29064
0.486893 2.29136
0.487367 2.29199
0.487741 2.28602
0.488194 2.2902
0.488578 2.29366
0.489264 2.28757
0.489569 2.29061
0.48999 2.29838
0.490377 2.29157
0.490756 2.2741
0.491147 2.27711
0.491561 2.29598
0.492095 2.29442
0.492418 2.28924
0.49275 2.28987
0.49318 2.29359
0.493505 2.29491
0.493941 2.28618
0.494267 2.3011
0.494707 2.28606
0.495029 2.29442
0.495529 2.28041
0.495832 2.27063
0.496357 2.28231
0.496733 2.29872
0.497126 2.29441
0.497417 2.28819
0.4979 2.28747
0.498327 2.29025
0.498699 2.29211
0.499129 2.30612
0.499706 2.27652
0.50005 2.29441
0.500474 2.2887
0.500814 2.29237
0.501438 2.29884
0.501739 2.29652
0.502197 2.26598
0.502578 2.28996
0.503079 2.29325
0.503446 2.28966
0.50389 2.29332
0.504378 2.29845
0.504887 2.29066
0.505299 2.29348
0.505734 2.28328
0.506047 2.29674
0.50651 2.2978
0.506923 2.29723
0.50765 2.29155
0.508013 2.27864
0.508594 2.27928
0.508915 2.29087
0.509343 2.29877
0.509688 2.29297
0.510066 2.29693
0.510472 2.29478
0.510781 2.28383
0.511244 2.2983
0.511744 2.29395
0.512042 2.29382
0.512381 2.26946
0.51284 2.29579
0.513253 2.27414
0.513581 2.29163
0.514069 2.28277
0.514409 2.27507
0.51503 2.29013
0.515347 2.29337
0.515816 2.28456
0.516157 2.29772
0.516521 2.29795
0.516977 2.28852
0.517419 2.28561
0.517743 2.28873
0.518104 2.28717
0.518497 2.29243
0.518841 2.29716
0.519435 2.28959
0.519837 2.28686
0.520216 2.27978
0.520529 2.2929
0.520934 2.29814
0.52143 2.28961
0.521779 2.29096
0.522112 2.28603
0.522547 2.28991
0.522978 2.27708
0.523386 2.27403
0.523776 2.28591
0.52432 2.28875
0.524825 2.28967
0.52534 2.28336
0.525686 2.28188
0.526082 2.28396
0.526599 2.2811
0.527029 2.27974
0.527378 2.2991
0.527845 2.30233
0.528214 2.2711
0.528579 2.29488
0.528949 2.2999
0.529391 2.29065
0.52983 2.27835
0.530156 2.2929
0.530583 2.27635
0.531064 2.29044
0.531467 2.29101
0.531812 2.28393
0.532138 2.28923
0.532493 2.29954
0.533019 2.29236
0.533543 2.28301
0.533853 2.29535
0.534241 2.28869
0.534591 2.29579
0.535005 2.29194
0.535291 2.27756
0.535638 2.28743
0.536071 2.29696
0.536601 2.27836
0.537068 2.26946
0.537546 2.26738
0.537884 2.29167
0.538304 2.2875
0.538648 2.29833
0.539064 2.30064
0.539465 2.28011
0.539833 2.30175
0.540319 2.27829
0.540757 2.29105
0.541168 2.28666
0.541688 2.2763
0.542076 2.28311
0.542442 2.28653
0.542757 2.27235
0.543286 2.27444
0.543811 2.28812
0.544165 2.29408
0.544523 2.28578
0.545028 2.29828
0.545439 2.28733
0.545885 2.29686
0.546381 2.27568
0.546789 2.29083
0.547247 2.29468
0.547587 2.27525
0.54808 2.29808
0.548424 2.29131
0.548938 2.29814
0.549297 2.27598
0.549727 2.30254
0.550063 2.28442
0.550442 2.28551
0.550816 2.29279
0.551387 2.28893
0.55174 2.27813
0.552159 2.29661
0.552526 2.27834
0.552901 2.2776
0.553399 2.28369
0.553837 2.29744
0.554208 2.29428
0.554513 2.28111
0.554952 2.29883
0.555265 2.29113
0.555817 2.28371
0.556104 2.28258
0.556647 2.28867
0.557042 2.29595
0.557536 2.27012
0.55784 2.27935
0.558255 2.28132
0.558814 2.28542
0.559451 2.27829
0.559822 2.28529
0.560177 2.27616
0.560464 2.28754
0.560855 2.28567
0.561161 2.28299
0.561727 2.3008
0.562122 2.27632
0.562585 2.30027
0.562921 2.28567
0.563299 2.28551
0.563608 2.29297
0.564043 2.28809
0.564398 2.28086
0.565005 2.27481
0.565431 2.28156
0.565848 2.2955
0.566181 2.28588
0.566745 2.2869
0.567213 2.28363
0.567724 2.28487
0.568114 2.29142
0.56849 2.28465
0.568887 2.28797
0.569336 2.28161
0.569696 2.28723
0.570101 2.28481
0.570572 2.28681
0.570868 2.28501
0.571347 2.27687
0.571739 2.27822
0.572158 2.28094
0.572509 2.28323
0.572881 2.28889
0.573164 2.2737
0.573563 2.27205
0.574034 2.28663
0.574392 2.27248
0.574716 2.28957
0.575107 2.27012
0.575444 2.28046
0.575889 2.27091
0.576322 2.29366
0.576681 2.28142
0.577169 2.28007
0.577596 2.2807
0.577995 2.30603
0.578388 2.26669
0.578807 2.27417
0.579365 2.28536
0.579801 2.29269
0.580217 2.28602
0.580706 2.28252
0.581125 2.28266
0.581455 2.2794
0.581888 2.28023
0.582347 2.25961
0.582719 2.28157
0.58314 2.27427
0.583578 2.26288
0.583906 2.28337
0.584232 2.2903
0.584554 2.29176
0.584995 2.26862
0.585377 2.27456
0.585695 2.26628
0.586078 2.2888
0.586513 2.28928
0.586942 2.2845
0.5874 2.27842
0.587735 2.28495
0.588056 2.28201
0.588356 2.27651
0.58877 2.28616
0.589088 2.2729
0.589557 2.28528
0.589899 2.281
0.590257 2.25881
0.590635 2.25958
0.59104 2.29472
0.59154 2.28537
0.592042 2.2832
0.592454 2.27313
0.592818 2.27373
0.593342 2.29927
0.593714 2.26612
0.594167 2.26719
0.594521 2.28056
0.594857 2.26947
0.595262 2.27958
0.595598 2.27697
0.596017 2.26371
0.596499 2.29491
0.59692 2.27272
0.59729 2.24583
0.597741 2.2737
0.598131 2.26924
0.598645 2.28696
0.599079 2.28789
0.599468 2.27911
0.599877 2.27526
0.600261 2.27212
0.600642 2.28012
0.600952 2.25903
0.601413 2.27097
0.601964 2.28217
0.602352 2.28999
0.602694 2.26723
0.603254 2.27684
0.60358 2.28832
0.604029 2.27563
0.604502 2.28689
0.604975 2.28337
0.605318 2.28077
0.605645 2.28087
0.606151 2.25615
0.606649 2.26967
0.606986 2.27175
0.607553 2.28296
0.607907 2.24352
0.608372 2.2851
0.608805 2.26762
0.609235 2.25182
0.609666 2.26202
0.61027 2.28305
0.610664 2.29032
0.611111 2.26152
0.611451 2.28732
0.611819 2.26356
0.612234 2.28708
0.612587 2.26793
0.61289 2.26864
0.613373 2.28904
0.613734 2.27336
0.614182 2.27761
0.614625 2.2705
0.615067 2.25858
0.615417 2.27914
0.615807 2.26932
0.616259 2.27561
0.616593 2.28862
0.617008 2.27321
0.617342 2.25948
0.617794 2.26365
0.618104 2.24815
0.618565 2.27455
0.618889 2.27421
0.619289 2.2804
0.61959 2.29353
0.620243 2.28649
0.62074 2.24756
0.621287 2.28046
0.621583 2.25615
0.622101 2.27384
0.622489 2.28334
0.622938 2.2667
0.623425 2.27772
0.624058 2.28173
0.624624 2.26889
0.62501 2.2807
0.625299 2.28158
0.625783 2.26772
0.626179 2.24523
0.626561 2.28059
0.627022 2.29075
0.627365 2.26126
0.628013 2.28726
0.628393 2.24979
0.628915 2.27262
0.629255 2.27254
0.629669 2.29277
0.630001 2.27492
0.630429 2.24154
0.630842 2.25459
0.631316 2.2763
0.631744 2.26312
0.632073 2.27526
0.632358 2.26718
0.632826 2.28523
0.63323 2.27742
0.63358 2.25196
0.634054 2.27708
0.634448 2.2492
0.634863 2.24175
0.635329 2.28086
0.636161 2.2832
0.636826 2.24078
0.637264 2.28239
0.637618 2.24287
0.637926 2.25679
0.638245 2.27118
0.638715 2.27632
0.639097 2.261
0.639496 2.27543
0.640023 2.26551
0.640405 2.2503
0.640858 2.26211
0.641224 2.27472
0.641624 2.25879
0.641954 2.25593
0.642361 2.25631
0.642664 2.28305
0.643097 2.26112
0.643423 2.2709
0.643838 2.25728
0.644251 2.26541
0.644603 2.26778
0.644916 2.26182
0.645347 2.26982
0.645642 2.26356
0.646062 2.26027
0.646429 2.27533
0.646759 2.25796
0.647158 2.27308
0.647557 2.2547
0.648009 2.24876
0.648369 2.29441
0.648727 2.2644
0.649137 2.25609
0.649556 2.25174
0.649944 2.26406
0.650352 2.2637
0.650719 2.27391
0.651024 2.23644
0.651433 2.29061
0.651798 2.25623
0.652259 2.26694
0.652673 2.23537
0.653062 2.27984
0.65344 2.25921
0.653932 2.2778
0.65436 2.25189
0.654764 2.26825
0.655086 2.26999
0.65549 2.23881
0.65592 2.25827
0.656394 2.27286
0.656887 2.24487
0.657182 2.2521
0.657544 2.26346
0.657944 2.28787
0.658326 2.27554
0.658742 2.24394
0.659186 2.27388
0.659561 2.23676
0.659854 2.27468
0.660276 2.25085
0.660675 2.25377
0.661017 2.26527
0.661526 2.25046
0.661992 2.25486
0.662315 2.23774
0.662706 2.271
0.663083 2.2408
0.663419 2.23691
0.663841 2.25731
0.664224 2.26179
0.664731 2.22154
0.665123 2.2511
0.665636 2.2588
0.666271 2.25164
0.666644 2.28706
0.667314 2.24698
0.667653 2.25891
0.668113 2.27193
0.66846 2.2755
0.668905 2.22781
0.669308 2.24238
0.66963 2.24731
0.670047 2.27461
0.670625 2.26955
0.670962 2.23334
0.671321 2.25395
0.671768 2.2407
0.672156 2.25097
0.672517 2.2419
0.672881 2.24031
0.673322 2.24481
0.673712 2.26095
0.674104 2.24921
0.674586 2.2627
0.67497 2.22165
0.675375 2.28542
0.675753 2.26406
0.676061 2.25003
0.676594 2.25073
0.676953 2.24696
0.677374 2.25172
0.677814 2.28916
0.678257 2.27129
0.678582 2.25429
0.678976 2.24348
0.679443 2.24418
0.679922 2.25394
0.680342 2.25067
0.680739 2.26855
0.681304 2.26759
0.681677 2.23719
0.682057 2.2472
0.682468 2.26268
0.682883 2.24948
0.68323 2.24815
0.683656 2.26584
0.684137 2.26023
0.684533 2.21947
0.684943 2.22945
0.685358 2.26276
0.685685 2.25774
0.686024 2.25015
0.686474 2.25132
0.686927 2.24991
0.687303 2.26522
0.687745 2.23017
0.688137 2.26764
0.688535 2.23597
0.68884 2.25438
0.689454 2.22799
0.689831 2.2118
0.690287 2.2331
0.690577 2.2639
0.690955 2.25045
0.691373 2.24245
0.69182 2.24201
0.692264 2.24856
0.692818 2.24844
0.693191 2.27346
0.693712 2.22488
0.694048 2.2591
0.694498 2.24979
0.694978 2.25603
0.695325 2.27639
0.695637 2.25762
0.69596 2.20133
0.696358 2.25556
0.69677 2.24464
0.69713 2.23232
0.697664 2.26318
0.698103 2.27505
0.698496 2.24835
0.698804 2.24358
0.699255 2.22221
0.699593 2.24637
0.699999 2.25536
0.700381 2.25286
0.700765 2.24474
0.701253 2.21049
0.701609 2.23436
0.702059 2.26363
0.70246 2.26781
0.702829 2.2529
0.703372 2.25329
0.703729 2.26016
0.704284 2.23849
0.70459 2.26395
0.704972 2.24197
0.705379 2.25855
0.705779 2.18415
0.706138 2.25501
0.706528 2.20491
0.706897 2.2366
0.70738 2.22188
0.70774 2.20632
0.708117 2.23591
0.708701 2.256
0.709094 2.23316
0.709471 2.24974
0.709784 2.25967
0.710182 2.23692
0.710623 2.21877
0.711034 2.22845
0.711375 2.2395
0.711797 2.24722
0.712185 2.25552
0.712554 2.24049
0.712857 2.23283
0.713402 2.21884
0.713799 2.23831
0.714152 2.25805
0.714579 2.24978
0.715007 2.25935
0.715438 2.23189
0.716237 2.24181
0.716558 2.22365
0.716929 2.2038
0.717319 2.22205
0.717642 2.24649
0.718054 2.23638
0.718463 2.21842
0.718921 2.21891
0.719271 2.2295
0.719641 2.20405
0.72023 2.221
0.720643 2.2635
0.721073 2.25974
0.721591 2.2079
0.72196 2.24647
0.722408 2.25445
0.722733 2.24201
0.723204 2.23162
0.723487 2.24
0.723902 2.21639
0.724321 2.25402
0.724881 2.24902
0.725205 2.23209
0.725675 2.23138
0.725979 2.24121
0.726322 2.24555
0.726686 2.22154
0.727073 2.24894
0.727431 2.21947
0.727978 2.25349
0.728345 2.24111
0.728695 2.21266
0.72908 2.24108
0.729557 2.25454
0.729899 2.2272
0.730422 2.19668
0.730785 2.20529
0.731274 2.23623
0.731688 2.22585
0.732102 2.25468
0.732385 2.24201
0.73292 2.20353
0.733284 2.25603
0.733707 2.20668
0.734115 2.24272
0.734661 2.22091
0.735148 2.22361
0.735501 2.21031
0.735798 2.20846
0.736224 2.20016
0.736547 2.20271
0.736904 2.21323
0.737232 2.23525
0.737669 2.22413
0.738491 2.23446
0.738925 2.22944
0.739226 2.24132
0.739661 2.22684
0.73998 2.2422
0.740546 2.24712
0.741019 2.18855
0.741517 2.25021
0.741835 2.23522
0.742399 2.24755
0.742876 2.20755
0.74328 2.26579
0.74392 2.21402
0.744388 2.22563
0.745016 2.24579
0.745428 2.22486
0.74583 2.20405
0.746213 2.25292
0.746526 2.20846
0.747068 2.20147
0.747428 2.22864
0.747967 2.24868
0.748323 2.2371
0.748805 2.21228
0.749242 2.2578
0.749856 2.22467
0.750227 2.21936
0.75066 2.2126
0.751059 2.24222
0.751437 2.23903
0.751799 2.18133
0.75217 2.20677
0.752504 2.20388
0.752958 2.23268
0.753419 2.2075
0.753895 2.21033
0.754314 2.19949
0.754867 2.20567
0.755388 2.20512
0.755971 2.21478
0.756485 2.26173
0.756889 2.19337
0.757177 2.24275
0.757648 2.23186
0.757982 2.22372
0.75835 2.2337
0.758822 2.21287
0.759201 2.20584
0.759589 2.20836
0.759982 2.21223
0.760314 2.23498
0.760652 2.21644
0.761058 2.21081
0.761508 2.19995
0.761981 2.2291
0.762424 2.2144
0.762817 2.2067
0.763242 2.22349
0.763701 2.20701
0.764086 2.22054
0.764399 2.22728
0.764857 2.21871
0.765298 2.2226
0.76569 2.18862
0.766022 2.19341
0.766451 2.21088
0.766919 2.2076
0.767503 2.22239
0.76783 2.18959
0.768258 2.17951
0.768567 2.24368
0.769038 2.19993
0.769421 2.20953
0.769805 2.2042
0.770263 2.21157
0.770593 2.17887
0.771 2.22018
0.771332 2.18623
0.771729 2.20508
0.772034 2.21216
0.772363 2.24376
0.772688 2.17004
0.773016 2.18231
0.77346 2.19063
0.773959 2.22968
0.774386 2.19554
0.774901 2.20105
0.775292 2.21025
0.77572 2.19213
0.776198 2.15045
0.776589 2.21721
0.77694 2.19767
0.777269 2.15584
0.777723 2.20393
0.778085 2.21879
0.778508 2.22502
0.778926 2.20419
0.779372 2.19469
0.779749 2.19382
0.780189 2.2175
0.780514 2.21665
0.780933 2.22896
0.781319 2.18591
0.781721 2.21696
0.782079 2.20432
0.782527 2.1742
0.782888 2.222
0.783219 2.18024
0.783687 2.21853
0.784039 2.18695
0.784432 2.15884
0.784801 2.15556
0.785312 2.2161
0.785695 2.21056
0.7861 2.22642
0.786455 2.18142
0.786957 2.17971
0.787328 2.22653
0.787826 2.17466
0.788227 2.1684
0.788867 2.20383
0.789177 2.16885
0.789706 2.19715
0.790034 2.21445
0.790386 2.1436
0.790712 2.22841
0.791101 2.19194
0.791452 2.12387
0.79189 2.17264
0.792261 2.16388
0.792784 2.21591
0.793119 2.20954
0.793449 2.18558
0.793761 2.17256
0.794221 2.19476
0.794591 2.20406
0.79493 2.15062
0.795266 2.17251
0.79568 2.1862
0.796079 2.22267
0.796481 2.15387
0.79683 2.19082
0.797237 2.24104
0.797722 2.15283
0.798049 2.2187
0.798489 2.2146
0.798843 2.21499
0.799198 2.19869
0.799655 2.16278
0.800157 2.19199
0.80046 2.16213
0.800908 2.18599
0.801344 2.11598
0.801762 2.20863
0.802284 2.17227
0.802619 2.14105
0.80304 2.16256
0.803421 2.2205
0.803775 2.22944
0.804076 2.13024
0.804433 2.20193
0.804931 2.17337
0.80529 2.207
0.805703 2.18228
0.806071 2.17836
0.806387 2.21461
0.806862 2.17025
0.807252 2.19202
0.80762 2.16719
0.808071 2.13282
0.808469 2.18023
0.808812 2.15851
0.809176 2.18259
0.809631 2.21119
0.810082 2.18233
0.810482 2.13816
0.810899 2.17564
0.811357 2.10951
0.81171 2.17725
0.812097 2.18649
0.812546 2.19588
0.812925 2.21162
0.813233 2.20903
0.813619 2.12092
0.813959 2.20299
0.814401 2.15815
0.814719 2.18165
0.815073 2.18632
0.815359 2.15438
0.815771 2.19281
0.816146 2.21069
0.816487 2.1745
0.816858 2.18694
0.81729 2.20477
0.817643 2.1517
0.81804 2.13237
0.818498 2.19219
0.818859 2.21375
0.819293 2.16687
0.819747 2.18172
0.820122 2.12905
0.820676 2.18699
0.821085 2.17987
0.821644 2.22861
0.822254 2.19941
0.822788 2.10582
0.823186 2.13708
0.823554 2.19815
0.823865 2.15671
0.824416 2.18813
0.824773 2.15052
0.825118 2.19736
0.825427 2.18175
0.825899 2.12688
0.826302 2.19422
0.826742 2.12753
0.827078 2.11074
0.827481 2.18094
0.827861 2.17978
0.828344 2.11816
0.828674 2.23163
0.829058 2.10831
0.829632 2.15598
0.830135 2.19025
0.830453 2.20227
0.830852 2.14827
0.831449 2.19954
0.831928 2.19499
0.832274 2.14852
0.832678 2.16271
0.833017 2.16993
0.833485 2.13791
0.834066 2.14085
0.83463 2.13791
0.834985 2.19662
0.835336 2.15681
0.835712 2.15522
0.836272 2.15326
0.83676 2.1581
0.837278 2.17144
0.837665 2.15505
0.83802 2.14981
0.83832 2.1392
0.838736 2.13781
0.839053 2.16099
0.839434 2.14857
0.839819 2.18095
0.840228 2.16066
0.840681 2.13011
0.84105 2.21421
0.841491 2.15704
0.84183 2.14132
0.842253 2.13033
0.842623 2.16066
0.843 2.15288
0.843454 2.16045
0.843746 2.11259
0.844166 2.20413
0.84455 2.15349
0.845019 2.16874
0.845319 2.08471
0.845677 2.21299
0.846094 2.14934
0.846507 2.18123
0.846829 2.13876
0.847226 2.16862
0.847612 2.16921
0.847998 2.1045
0.848349 2.13882
0.848724 2.1758
0.849185 2.11464
0.849621 2.12021
0.850124 2.15764
0.850587 2.21127
0.850911 2.20032
0.85153 2.09931
0.851837 2.19033
0.852164 2.08399
0.852693 2.21126
0.853185 2.12824
0.853717 2.15237
0.854217 2.15458
0.854558 2.13829
0.855219 2.13685
0.855565 2.10473
0.855999 2.18242
0.85634 2.12899
0.856995 2.08849
0.857446 2.15838
0.857876 2.1505
0.85832 2.08099
0.858865 2.148
0.859252 2.14555
0.859811 2.12302
0.860213 2.19307
0.860708 2.13447
0.86116 2.14961
0.861627 2.17852
0.86201 2.171
0.8624 2.09509
0.862755 2.10988
0.863099 2.12769
0.863504 2.17228
0.863916 2.1561
0.864606 2.08538
0.864884 2.15362
0.865379 2.11524
0.865784 2.13296
0.866119 2.11123
0.866635 2.1166
0.867087 2.11409
0.867412 2.13413
0.867849 2.13823
0.868181 2.16126
0.868652 2.0669
0.868995 2.20563
0.86932 2.17254
0.869748 2.12512
0.870201 2.12094
0.87049 2.10644
0.870995 2.1315
0.871296 2.22694
0.871761 2.18805
0.872274 2.16027
0.87277 2.12607
0.873116 2.12234
0.873714 2.12462
0.874062 2.14574
0.874443 2.18967
0.874805 2.19323
0.875321 2.10805
0.875707 2.1336
0.876155 2.16084
0.87661 2.14201
0.876938 2.13317
0.877293 2.16769
0.877765 2.17055
0.878163 2.08083
0.878793 2.11211
0.879114 2.16978
0.879546 2.15671
0.879946 2.1515
0.880455 2.15608
0.880758 2.12553
0.881171 2.1728
0.881484 2.08543
0.881842 2.1613
0.882229 2.11264
0.882821 2.1336
0.883127 2.09319
0.883556 2.06881
0.883964 2.10354
0.884375 2.1589
0.884827 2.13561
0.885256 2.11338
0.885699 2.1234
0.886368 2.13354
0.886839 2.13029
0.887271 2.17085
0.887829 2.10321
0.888261 2.16127
0.888667 2.15501
0.888976 2.14855
0.889417 2.20342
0.890171 2.14778
0.890598 2.06353
0.890896 2.15582
0.8914 2.11187
0.891775 2.08418
0.892225 2.17955
0.89261 2.19981
0.892987 2.15414
0.893384 2.1274
0.893885 2.07691
0.894269 2.12526
0.894675 2.15596
0.895068 2.14213
0.895461 2.13164
0.895856 2.06859
0.896271 2.13443
0.896585 2.18693
0.897102 2.18188
0.89743 2.14702
0.897876 2.1325
0.898169 2.184
0.898632 2.12856
0.899049 2.15785
0.899394 2.11557
0.899732 2.17276
0.900233 1.99266
0.900555 2.16139
0.900918 2.04918
0.901361 2.10838
0.901714 2.08562
0.902053 2.06586
0.902478 2.11204
0.902855 2.15471
0.903395 2.12483
0.903835 2.12972
0.904121 2.15647
0.904491 2.11283
0.904841 2.06878
0.90523 2.08672
0.905621 2.1119
0.906133 2.12918
0.906485 2.15863
0.906849 2.13403
0.90718 2.10534
0.907809 2.08384
0.90832 2.10982
0.908854 2.156
0.909164 2.14669
0.909525 2.16155
0.909833 2.12346
0.910401 2.12085
0.910711 2.10853
0.911094 2.0733
0.911419 2.08526
0.911914 2.15057
0.912267 2.12691
0.912849 2.08372
0.913168 2.09991
0.913606 2.12571
0.914019 2.04633
0.914366 2.10478
0.914659 2.1848
0.915076 2.15663
0.915472 2.082
0.915949 2.13837
0.916317 2.14525
0.916739 2.13811
0.917102 2.13347
0.917545 2.12067
0.917877 2.10097
0.918311 2.16288
0.918637 2.15349
0.919034 2.12274
0.919462 2.10661
0.919875 2.10863
0.92019 2.13654
0.920825 2.10187
0.921141 2.14318
0.921557 2.08427
0.921875 2.15626
0.922351 2.13093
0.922849 2.08585
0.923214 2.13851
0.923545 2.15735
0.923951 2.12357
0.924327 2.06084
0.924743 2.08716
0.925069 2.12253
0.925573 2.10315
0.925924 2.16043
0.926276 2.11816
0.926704 2.05748
0.927061 2.15402
0.927429 2.06921
0.927841 2.14519
0.928214 2.08723
0.928651 2.12808
0.928957 2.07853
0.929382 2.0669
0.929693 2.08428
0.930232 2.08693
0.930546 2.07549
0.930983 2.12434
0.931313 2.10687
0.931684 2.10561
0.932117 2.11974
0.932608 2.13852
0.932973 2.14313
0.933573 2.14733
0.934093 2.14482
0.934544 2.03365
0.934908 2.16047
0.935258 2.12855
0.935624 2.14739
0.936024 2.08491
0.936445 2.17303
0.936838 2.08874
0.937366 2.10928
0.937748 2.14885
0.938152 2.10469
0.938521 2.07852
0.938951 2.16342
0.939286 2.08702
0.93966 2.05706
0.940273 2.13501
0.940582 2.15371
0.94099 2.12887
0.941314 2.09185
0.941618 2.16771
0.942233 2.10302
0.942642 2.10681
0.943093 2.08686
0.943478 2.15459
0.943899 2.13467
0.944179 2.05571
0.944569 2.08449
0.945019 2.07658
0.945554 2.13742
0.945928 2.10054
0.946279 2.08814
0.946833 2.08358
0.947177 2.06302
0.947506 2.06534
0.947928 2.09986
0.948249 2.18024
0.948697 2.06024
0.949063 2.1321
0.949676 2.14517
0.950042 2.11739
0.950616 2.12238
0.950988 2.08792
0.951527 2.09103
0.951942 2.10558
0.952334 2.09264
0.952724 2.12575
0.953112 2.1057
0.953445 2.08751
0.953799 2.06677
0.954157 2.14007
0.954611 2.09632
0.954941 2.09402
0.955329 2.11679
0.955643 2.09978
0.956326 2.12283
0.956634 2.13815
0.956984 2.09575
0.957375 2.11895
0.957821 2.06287
0.958201 2.07214
0.958623 2.10335
0.959083 2.08891
0.959414 2.11215
0.95986 2.07552
0.960389 2.04482
0.960728 2.1645
0.961204 2.07863
0.961523 2.08285
0.961914 2.09911
0.962228 2.10008
0.962965 2.05148
0.963499 2.10348
0.963873 2.05886
0.964168 2.08454
0.964582 2.10101
0.964909 2.13686
0.965349 2.04129
0.965681 2.04697
0.966122 2.04825
0.966447 2.1463
0.967153 2.09036
0.967478 2.0782
0.967846 2.10874
0.96816 2.0691
0.96873 2.15264
Avg iter time = 0.000463352 seconds
