0.00632217034186 1.30718358772
0.00890350265541 1.31265640082
0.0119407360234 1.31006552766
0.014647697917 1.30408640029
0.0173518943795 1.2953854526
0.0203255228344 1.29833137688
0.0231462624607 1.30094013018
0.0262064093999 1.29789981906
0.0290927292473 1.29458383762
0.0313173209611 1.29282693676
0.0343344061889 1.29127546265
0.0373925778202 1.29440971062
0.0399363792844 1.28675203978
0.0422759339157 1.28364348409
0.044899932879 1.28289051206
0.0476614132696 1.28770954464
0.049835437102 1.28111301786
0.0520754362171 1.28129029631
0.0544288180034 1.27409856333
0.0572693107084 1.2734330989
0.0605024946163 1.27054488578
0.0625011111107 1.26338288845
0.0650069866639 1.27139474526
0.068476417392 1.26481709463
0.0704750338864 1.27034235639
0.0725301441856 1.25840163004
0.0745931557163 1.27332388942
0.0770125127852 1.26084371908
0.0796898450608 1.25488698588
0.0823936464618 1.25185791084
0.0854221884752 1.24983177256
0.0883085083226 1.24873507704
0.0909893961523 1.24285250296
0.0940791727095 1.25242226576
0.0965569988911 1.24146831158
0.0986437141161 1.24141998872
0.101479861144 1.24206363032
0.10386840341 1.24529101165
0.106194921009 1.23232690468
0.109090722335 1.23244466443
0.111340202927 1.22554664869
0.113368053978 1.22519645703
0.116076596118 1.22730044484
0.118332002634 1.22279653739
0.120559754841 1.2064345722
0.122822667527 1.22174682999
0.12497930865 1.20936952101
0.127739208794 1.20077367884
0.129730319119 1.20638196236
0.131664935639 1.20477615991
0.133578218833 1.20926609714
0.13546187241 1.19543662548
0.137716488803 1.19259422765
0.139873129927 1.19293670079
0.142261672193 1.1805576846
0.144636782366 1.19238019532
0.147252880098 1.1719245628
0.149161027492 1.17711913343
0.151461471028 1.15496309502
0.1533893715 1.17405804718
0.15597465443 1.16606836988
0.158706900264 1.15949130741
0.160636776045 1.15195464565
0.162606948106 1.14399573864
0.164716576902 1.14181863128
0.166682798348 1.14265641209
0.169146797374 1.13002974315
0.171081808955 1.11068782412
0.173144425424 1.12138625571
0.175375338123 1.12318441666
0.177296917611 1.11090850412
0.17934689211 1.09808245662
0.181795878797 1.1009904114
0.18411093961 1.10950490814
0.18619884002 1.07846127407
0.188422641611 1.08387139723
0.190802097461 1.06881443819
0.193622442026 1.06238295198
0.195749453531 1.05735579571
0.198994884348 1.05747420716
0.201719624012 1.06584830469
0.203700067674 1.05727134795
0.206404659198 1.04313517663
0.208402485569 1.04095936754
0.21030707741 1.0156546742
0.213286236726 1.01449347356
0.215618285188 1.01726340854
0.217947173157 1.03989004997
0.22075961649 1.01337133259
0.222858973685 1.01519339456
0.225000207407 0.993615822706
0.227258774416 0.998861790352
0.229892254857 1.00263867094
0.232091957692 0.996964889618
0.234016302611 0.979182794955
0.236203363475 0.953408606105
0.23831259721 0.969729735034
0.240285929764 0.946009903987
0.242329188216 0.977066966971
0.24485047117 0.94539151786
0.24734805043 0.93909373517
0.249704197648 0.931250229964
0.252498468149 0.935408467737
0.254852244997 0.922528173018
0.256791602255 0.915545318577
0.259126416148 0.936371385257
0.261339946137 0.893192356047
0.263557031681 0.898839150226
0.265947944317 0.921126829242
0.268026363249 0.929124230018
0.269968090877 0.907356710008
0.271894411103 0.891523668171
0.274176681807 0.885008593258
0.276103792157 0.860760672231
0.27808463088 0.896423170024
0.280003839998 0.860175167204
0.282274258855 0.82668405388
0.284784480085 0.878946736109
0.286776380533 0.847568261348
0.28902941668 0.835724015796
0.291573218144 0.833385306648
0.294068822096 0.842963333755
0.296309216273 0.874269524075
0.299013017674 0.839829546881
0.300944078639 0.824784588942
0.303136275304 0.842541266433
0.305292126304 0.790577805483
0.307282446506 0.846096115002
0.310126889826 0.790986962382
0.312064271777 0.813715708146
0.314392369623 0.761044230518
0.316675035388 0.819498443832
0.31863296054 0.800245884155
0.3206730585 0.787134635873
0.323028020532 0.770631774504
0.32523364929 0.771009383316
0.328461697398 0.772533449031
0.330448066983 0.772177301639
0.332569152565 0.750385416985
0.334911472628 0.711769992194
0.337807273953 0.751043797403
0.339717791716 0.756562069021
0.342309000569 0.732862756482
0.344323814588 0.706631460522
0.346391566858 0.737559892737
0.348617738818 0.76122892403
0.351068305751 0.698101886094
0.353141588882 0.710053992061
0.355084106633 0.704670614516
0.357036105862 0.695022409281
0.35899798163 0.699267387544
0.361778424976 0.692325070099
0.364708201597 0.721938111785
0.366976645145 0.719016769915
0.369308693606 0.699465955304
0.371240939757 0.683196985588
0.373274716731 0.652307709897
0.375812592272 0.660719014012
0.377751159407 0.68120684591
0.37987264005 0.719261542949
0.38248320692 0.678315902561
0.384672243092 0.68411342064
0.386995995261 0.653496469222
0.389467895519 0.676981967667
0.391748585976 0.692500117215
0.394462263916 0.6860119841
0.396403596483 0.65908889891
0.399595298925 0.630578533799
0.401539791984 0.650112734373
0.403647840534 0.627205744343
0.405630259504 0.663277187719
0.407604382181 0.635245748418
0.410497023014 0.627714435573
0.412628775258 0.620099411704
0.414743934916 0.636863302305
0.416825909402 0.615232229094
0.419136624539 0.624532755657
0.421988969091 0.645871350639
0.423978894231 0.60145963586
0.425924572474 0.616480550137
0.42885829971 0.647816783687
0.431289113565 0.656091767554
0.433504223801 0.6380650727
0.436396864633 0.61802623062
0.438321209552 0.611857903935
0.440442295134 0.587638996974
0.442346886974 0.623375227546
0.444409898505 0.583725875131
0.44664989762 0.555973254684
0.449495131064 0.620436388631
0.451788858553 0.589686607223
0.454856511662 0.582397941716
0.457063720666 0.584341881182
0.459031522358 0.582283055475
0.463379570023 0.634388375741
0.465756655504 0.598967100874
0.467676654745 0.574921590745
0.469625888543 0.604053407969
0.472382628195 0.541508442667
0.47436149161 0.613486720381
0.476787959787 0.553823438413
0.478764057772 0.5852142171
0.480797044623 0.525568276889
0.483251562172 0.608392719488
0.485487610672 0.578192889926
0.487962671422 0.561849019389
0.489879905233 0.542901915805
0.492050768573 0.558760665764
0.494200298588 0.56220020496
0.497109532006 0.552945898176
0.499048889265 0.539843596903
0.501305480966 0.494960727398
0.503399307299 0.545885602038
0.505463899076 0.550843445076
0.507466861248 0.52326078612
0.509398317275 0.491711650318
0.511686908963 0.549320292302
0.513644439054 0.575304203787
0.515654907396 0.498932758028
0.517579647376 0.510325544506
0.519877325481 0.522450672774
0.522107448056 0.514971846375
0.524118311459 0.524575772532
0.526620631459 0.506203345494
0.530249272 0.54366353106
0.53249282667 0.549241770041
0.534566504863 0.533170769989
0.536495985582 0.502367589254
0.538536083541 0.47485662774
0.542050551289 0.49229338849
0.544633463849 0.523959001123
0.547049265363 0.562782662215
0.549155338605 0.514384041008
0.551535584579 0.523115218143
0.553825756513 0.488715003563
0.556118298817 0.524813308483
0.558079384462 0.539806673335
0.560913951244 0.532285392098
0.5631792343 0.505142018763
0.566510788539 0.480267346571
0.568662293862 0.495279349074
0.571474342134 0.48215767455
0.573716316557 0.511270787385
0.575646587399 0.487219735225
0.578872660198 0.478589524289
0.580824264366 0.47319529495
0.58324243625 0.498963150514
0.585213793496 0.471887395181
0.587133792737 0.491700940577
0.590451519822 0.506565918654
0.592475025195 0.465528868484
0.594374876296 0.48935264272
0.596456060659 0.517421323427
0.599151170706 0.526787981926
0.601498626568 0.510110332425
0.603834625646 0.491848161503
0.605899217423 0.483320319749
0.607854772206 0.465008688641
0.609912252874 0.490645145589
0.611900992829 0.455308635914
0.614500497975 0.434612991702
0.616714027965 0.499138646969
0.619043706057 0.471298969276
0.621216544705 0.466917347692
0.623153136532 0.469276267355
0.625248543112 0.461709227227
0.627164986799 0.517194809399
0.629271060041 0.485593405842
0.631930219484 0.45951515401
0.634831551671 0.493425891355
0.638328241648 0.427786223971
0.640258907552 0.499974231462
0.642506807899 0.444857275513
0.644533078703 0.479170165639
0.646507596441 0.42196734248
0.648797768376 0.513067516066
0.650835100905 0.476266977394
0.653142260487 0.459210261365
0.65550986449 0.439565423688
0.657664530305 0.463912851939
0.660204381154 0.46494304758
0.662400923496 0.449917197262
0.664936428667 0.447290078505
0.667583341202 0.400298263304
0.669964377298 0.450592750343
0.671911635788 0.454405863476
0.674106597884 0.426543110339
0.676150646459 0.396166956721
0.678085262979 0.464324476009
0.680411385516 0.486468800881
0.682411187196 0.409497416124
0.685579976067 0.418255815217
0.687483382723 0.439874438273
0.689978986675 0.43534028447
0.691883578515 0.443402625674
0.693850590084 0.421385957622
0.696002490468 0.457212450071
0.698400909274 0.467611146368
0.700765747846 0.457060663679
0.703240413535 0.42062652178
0.70627448641 0.394029764923
0.708189744913 0.418403795901
0.710426978597 0.450495311354
0.71237265684 0.48842468742
0.714289890651 0.436072594331
0.716361198475 0.448774157954
0.718313987827 0.412319143298
0.720828554734 0.4540902576
0.722893146511 0.463140038959
0.724972750628 0.45643412992
0.727295712673 0.431981030332
0.7293176378 0.409742227511
0.732245044051 0.421228057306
0.734185191433 0.417607217539
0.737176597659 0.440806642049
0.739113189486 0.415716012544
0.741156052877 0.408132923604
0.743170471834 0.404314874349
0.745410075887 0.435081614922
0.747497976297 0.40648080545
0.749386765674 0.430259652693
0.751965727618 0.43919116388
0.75442340566 0.400572465768
0.756634960342 0.42856684067
0.759501132049 0.451749048054
0.761714266977 0.464800811023
0.764081475918 0.446894149092
0.766171351636 0.430008977423
0.768890560438 0.419878896462
0.770948041107 0.406322771233
0.772922953907 0.423349869657
0.775473471418 0.393838381878
0.778590112162 0.377923892594
0.780494308941 0.438190424924
0.782526505669 0.413820088878
0.78456699869 0.409758350877
0.78682082496 0.411803134449
0.788768873573 0.403541091336
0.791149514608 0.455134533537
0.793447982835 0.427180516127
0.795593167173 0.402645809732
0.797938647728 0.436928870112
0.800340622088 0.372335245229
0.802997411162 0.440406216705
0.805349212702 0.390636158942
0.807795038896 0.424687365768
0.810446692169 0.373014847791
0.812570938244 0.465368204086
0.814575480662 0.424832861576
0.817446788169 0.408398971397
0.81936402198 0.388793533028
0.821310885408 0.416770548248
0.823524810459 0.415282887733
0.825842636704 0.396707454942
0.827762635946 0.401806997154
0.830682536027 0.354936972517
0.832975868454 0.402013713915
0.835579719277 0.404047282121
0.83776124928 0.377086907688
0.839945939774 0.349533252079
0.842197395675 0.420167894098
Avg iter time = 0.00225706862694 seconds
