0.00113975 1.09721
0.00182913 1.10039
0.00240474 1.10018
0.00283457 1.09691
0.00332405 1.09857
0.00384474 1.09873
0.00430578 1.0969
0.00477313 1.09587
0.00520257 1.0918
0.00564424 1.09536
0.00614992 1.09047
0.00654735 1.09317
0.00704158 1.09272
0.00743032 1.09097
0.0078159 1.08617
0.00830024 1.09221
0.00881856 1.08862
0.00924602 1.0891
0.00974656 1.08213
0.0101136 1.08917
0.0108105 1.08043
0.011213 1.08012
0.0117657 1.0861
0.0123986 1.08508
0.0129628 1.08296
0.0134356 1.08027
0.0138789 1.08829
0.014304 1.08583
0.0147255 1.08029
0.015251 1.07901
0.015729 1.07836
0.0161146 1.07281
0.0166368 1.07619
0.0170027 1.08322
0.0173823 1.07847
0.0177809 1.07914
0.0182317 1.08067
0.0187192 1.07955
0.0191945 1.0747
0.0195966 1.07572
0.0201734 1.07121
0.020734 1.07217
0.02112 1.07416
0.0215368 1.07471
0.0219674 1.06668
0.0223395 1.06996
0.0227121 1.06944
0.0231802 1.06315
0.0236278 1.06905
0.024098 1.06821
0.0245065 1.07134
0.0249592 1.06548
0.0253922 1.06529
0.0257888 1.06242
0.0262424 1.06073
0.0266975 1.06582
0.0272312 1.06061
0.0276168 1.06091
0.0280371 1.05419
0.0285622 1.05956
0.0290113 1.05888
0.02944 1.05734
0.030159 1.05305
0.0307544 1.05272
0.0311391 1.05245
0.0316693 1.05165
0.0320932 1.05012
0.0325357 1.0434
0.0331547 1.04702
0.0337051 1.04582
0.0342649 1.04429
0.0348045 1.04007
0.0352766 1.04093
0.0357412 1.0365
0.0361853 1.04435
0.0366463 1.03021
0.0370224 1.03317
0.0374439 1.02879
0.0380002 1.03018
0.0383869 1.0255
0.0389701 1.02684
0.0393742 1.02491
0.0398538 1.03179
0.0403678 1.01895
0.0407664 1.02147
0.0411563 1.01465
0.0417548 1.01093
0.0421768 1.0075
0.0425477 1.01985
0.043211 1.00868
0.0436725 1.0096
0.0440644 1.00324
0.0446724 1.01243
0.0450963 1.00125
0.0454807 1.00896
0.0460673 0.99863
0.0465813 0.99519
0.0469645 0.993395
0.0476029 0.985108
0.0480122 0.993744
0.0486597 0.990204
0.0491433 0.980279
0.0495249 0.980957
0.0499587 0.98578
0.0503624 0.969676
0.0507512 0.972806
0.0511873 0.98745
0.0516511 0.967076
0.0521023 0.977434
0.052994 0.987024
0.053468 0.983912
0.0540018 0.973195
0.0546224 0.969763
0.0550131 0.960714
0.0555299 0.953275
0.056043 0.967325
0.0564306 0.951254
0.0568142 0.930687
0.0572389 0.95266
0.0578339 0.943138
0.0584166 0.927155
0.0589215 0.940443
0.0594015 0.940965
0.0597906 0.954503
0.0602232 0.938014
0.061037 0.930612
0.0614261 0.931119
0.0619109 0.914847
0.0624134 0.932427
0.0629637 0.919621
0.0633679 0.919011
0.0638672 0.898701
0.0643058 0.916642
0.0647111 0.918361
0.0651192 0.909506
0.0655921 0.895558
0.0660294 0.905588
0.0664434 0.902645
0.0668065 0.895054
0.0672114 0.889898
0.0676176 0.869315
0.0679968 0.885204
0.0683832 0.879453
0.0687632 0.879638
0.0692401 0.867034
0.0696162 0.861259
0.0699824 0.864296
0.0704584 0.883137
0.0708942 0.842569
0.0712881 0.854523
0.0720632 0.842397
0.0724985 0.847217
0.0728857 0.838423
0.0732527 0.84185
0.073773 0.84257
0.0741941 0.862993
0.0746366 0.832145
0.0751024 0.832599
0.0755603 0.815509
0.0760079 0.813103
0.0764946 0.810102
0.0768667 0.837261
0.0774502 0.813871
0.0778627 0.816325
0.0782566 0.808708
0.0787429 0.828372
0.0792573 0.812021
0.0796713 0.833771
0.0800557 0.799869
0.0804796 0.794702
0.080922 0.796686
0.0813471 0.780156
0.0817801 0.790238
0.0824837 0.788683
0.0828906 0.773437
0.0833047 0.776334
0.0837171 0.792866
0.0842579 0.762297
0.0847241 0.76901
0.0852729 0.793838
0.0857446 0.759562
0.0863324 0.778397
0.0867437 0.804602
0.0871174 0.796743
0.087516 0.781739
0.0879075 0.772252
0.0884302 0.760398
0.089088 0.744617
0.0895822 0.774743
0.0900736 0.741055
0.0906484 0.709345
0.0910723 0.753071
0.0914793 0.738595
0.0918668 0.714727
0.0923974 0.738339
0.092847 0.737452
0.093291 0.767666
0.0936636 0.742729
0.0940827 0.73218
0.0944837 0.73514
0.0949866 0.702472
0.095403 0.739457
0.0958408 0.719222
0.0963682 0.721926
0.0967482 0.693822
0.0971172 0.72694
0.0975162 0.727964
0.0979022 0.713068
0.0984521 0.695027
0.0988258 0.71794
0.0992774 0.714671
0.0997021 0.700505
0.100112 0.693195
0.100541 0.664347
0.10098 0.693977
0.101582 0.687575
0.101999 0.686148
0.102615 0.667576
0.103044 0.66605
0.103593 0.680648
0.103982 0.704473
0.104535 0.649925
0.104925 0.665217
0.105311 0.654732
0.105727 0.664243
0.106177 0.661584
0.106573 0.659347
0.106966 0.669224
0.107369 0.697523
0.107894 0.658351
0.108324 0.653823
0.108743 0.634047
0.109168 0.637605
0.109594 0.641986
0.110035 0.673772
0.110482 0.643916
0.110931 0.648034
0.111495 0.638279
0.111867 0.672951
0.112242 0.652297
0.1128 0.680163
0.113327 0.638542
0.113704 0.635926
0.114103 0.641778
0.114597 0.62138
0.11498 0.628625
0.1155 0.632023
0.116194 0.613537
0.116612 0.616687
0.117041 0.643101
0.117735 0.606408
0.118106 0.620688
0.118519 0.644115
0.118947 0.611885
0.119343 0.631195
0.119792 0.666954
0.120271 0.653007
0.120652 0.641744
0.121075 0.630923
0.121589 0.618043
0.122016 0.602398
0.122452 0.633562
0.122885 0.595807
0.123294 0.564907
0.123717 0.613834
0.124346 0.602532
0.124947 0.575991
0.12537 0.606125
0.125911 0.598542
0.126408 0.640113
0.126978 0.615247
0.127412 0.604529
0.127837 0.60826
0.128234 0.566441
0.128641 0.613473
0.129257 0.591349
0.129739 0.598054
0.130137 0.56984
0.130516 0.611116
0.13096 0.608825
0.131332 0.590913
0.13177 0.573977
0.132197 0.603261
0.132613 0.599647
0.133019 0.58118
0.133561 0.574131
0.133967 0.54388
0.134373 0.578114
0.134797 0.572473
0.13522 0.567841
0.135762 0.547813
0.13614 0.565299
0.136669 0.575636
0.137165 0.598031
0.137618 0.539504
0.138016 0.554693
0.138474 0.546762
0.138904 0.559589
0.139299 0.562932
0.139699 0.554183
0.140173 0.570788
0.140737 0.600254
0.141288 0.56047
0.141744 0.552317
0.142171 0.53261
0.142777 0.540958
0.143221 0.551655
0.143644 0.580573
0.144181 0.54804
0.144591 0.552833
0.145014 0.541745
0.145469 0.585562
0.146024 0.561524
0.146469 0.590077
0.146902 0.548531
0.147298 0.546918
0.147717 0.55474
0.148122 0.536113
0.148507 0.539475
0.148959 0.543605
0.149479 0.52462
0.150066 0.527528
0.150472 0.559245
0.150993 0.521961
0.151383 0.540511
0.151787 0.557755
0.152246 0.530821
0.152655 0.548813
0.153074 0.586474
0.153479 0.569851
0.153888 0.562333
0.154403 0.55218
0.154867 0.537735
0.155261 0.525055
0.15577 0.551506
0.15614 0.515054
0.156616 0.488436
0.157024 0.536746
0.157537 0.527344
0.15793 0.501018
0.158341 0.532421
0.158789 0.521017
0.159183 0.566191
0.159656 0.543603
0.160045 0.53387
0.160432 0.538572
0.160873 0.49162
0.161264 0.541383
0.161677 0.51998
0.162115 0.529538
0.162621 0.503134
0.163027 0.548895
0.163523 0.542879
0.16407 0.524093
0.164482 0.508782
0.165018 0.539977
0.165569 0.536157
0.165948 0.514761
0.16655 0.50974
0.166951 0.479504
0.167444 0.514016
0.167835 0.507371
0.168244 0.501682
0.168636 0.480521
Avg iter time = 0.000406867 seconds
