0.000313686 2.31281
0.000452804 2.29539
0.00058479 2.30462
0.000715905 2.29008
0.000848391 2.31295
0.000991641 2.30218
0.00112399 2.29713
0.00125644 2.281
0.00138916 2.29124
0.00152889 2.28942
0.00168789 2.29222
0.00181852 2.3018
0.00195169 2.28292
0.00208618 2.30074
0.00221975 2.27821
0.00235209 2.27625
0.00248655 2.28184
0.00261835 2.30255
0.00275965 2.2724
0.00288982 2.28778
0.00302057 2.27558
0.00315285 2.29459
0.00328587 2.29281
0.00341865 2.2952
0.00354712 2.296
0.00367619 2.28024
0.00380677 2.27638
0.00394412 2.29045
0.00407419 2.28198
0.00420429 2.28355
0.00433443 2.28661
0.00446341 2.29148
0.004594 2.29008
0.00472545 2.27808
0.00485471 2.26494
0.00498431 2.28411
0.00511294 2.27755
0.00524184 2.2885
0.00536885 2.26688
0.00549583 2.28884
0.00562148 2.2774
0.00574779 2.28728
0.00587495 2.27284
0.00600085 2.27667
0.00612895 2.25288
0.00625649 2.26892
0.00638251 2.29471
0.00650925 2.29262
0.00664254 2.27361
0.00677048 2.28936
0.00689774 2.27174
0.0070247 2.28274
0.00715398 2.27464
0.00727732 2.27635
0.00740175 2.25783
0.00753656 2.2905
0.00766034 2.27885
0.00778637 2.28138
0.00790986 2.26462
0.00804581 2.2772
0.00816973 2.26724
0.0082933 2.26745
0.00841822 2.27769
0.0085414 2.26406
0.00866539 2.27369
0.00879183 2.27871
0.00891574 2.26044
0.00903966 2.26622
0.00916432 2.2669
0.00928934 2.27198
0.00942352 2.26769
0.00954785 2.26233
0.00967235 2.28751
0.00980489 2.27489
0.00992926 2.24974
0.0100537 2.27392
0.0101798 2.252
0.0103039 2.24925
0.0104283 2.24907
0.0105539 2.27789
0.0106784 2.26079
0.0108221 2.26017
0.0109461 2.26619
0.0110697 2.24263
0.0112085 2.28096
0.0113322 2.24455
0.0114646 2.25609
0.0115863 2.26595
0.011708 2.25474
0.0118307 2.2669
0.0119534 2.25611
0.0120873 2.25603
0.0122087 2.26214
0.0123305 2.24771
0.0124518 2.25014
0.0125735 2.23076
0.0126953 2.2714
0.0128195 2.25045
0.0129438 2.25963
0.0130766 2.25886
0.0131991 2.24126
0.0133218 2.27472
0.013444 2.2278
0.0135662 2.25479
0.0136873 2.24371
0.0138168 2.26941
0.0139492 2.27766
0.01407 2.24042
0.0141919 2.24566
0.014314 2.25475
0.0144407 2.26209
0.0145632 2.25702
0.0146858 2.25434
0.0148092 2.2617
0.0149467 2.2653
0.0150713 2.24876
0.015194 2.25446
0.0153154 2.25279
0.0154358 2.23563
0.015567 2.23194
0.0156863 2.25872
0.0158082 2.21907
0.0159281 2.24246
0.0160489 2.24094
0.0161685 2.25064
0.0162898 2.24941
0.0164085 2.2296
0.0165305 2.20827
0.0166499 2.24762
0.0167712 2.24506
0.0168912 2.22631
0.0170121 2.2583
0.0171315 2.23055
0.017252 2.21127
0.0173708 2.20978
0.0174931 2.24712
0.0176129 2.27041
0.0177351 2.2084
0.0178558 2.24577
0.0179754 2.22884
0.0180949 2.20799
0.0182162 2.23663
0.0183348 2.2379
0.0184554 2.24315
0.0185745 2.22374
0.0186965 2.22175
0.0188155 2.24527
0.0189377 2.20825
0.0190575 2.21076
0.0191815 2.23163
0.0193012 2.20522
0.0194226 2.19637
0.0195421 2.23129
0.0196678 2.23177
0.0197884 2.19981
0.0199067 2.23189
0.020027 2.21449
0.0201562 2.22232
0.0202754 2.20436
0.0203956 2.23499
0.020517 2.19942
0.0206358 2.19152
0.020756 2.20761
0.0208767 2.22746
0.0209967 2.20747
0.0211305 2.21794
0.0212489 2.20654
0.021418 2.2214
0.0215574 2.22302
0.0216816 2.1934
0.0218252 2.2062
0.0219792 2.20396
0.0220989 2.16656
0.0222624 2.19878
0.0223807 2.21089
0.022502 2.18726
0.0226514 2.18108
0.0227698 2.19819
0.0229226 2.18432
0.0230521 2.22329
0.0231722 2.19162
0.0233077 2.21551
0.0234468 2.20796
0.023599 2.20895
0.0237219 2.20587
0.0238541 2.20417
0.0239749 2.20301
0.0241308 2.18857
0.0242512 2.18721
0.0243895 2.16118
0.0245381 2.17644
0.0246677 2.19986
0.024789 2.17039
0.024908 2.18218
0.025029 2.19742
0.0251479 2.18397
0.0252832 2.2033
0.0254179 2.1844
0.0255366 2.18663
0.0256563 2.17529
0.0257756 2.19832
0.0258936 2.17863
0.0260472 2.18776
0.0261746 2.18943
0.0262944 2.1807
0.0264148 2.16775
0.0265329 2.14021
0.0266522 2.18903
0.0267889 2.20486
0.0269074 2.15355
0.0270358 2.14758
0.0271549 2.14873
0.0272742 2.12216
0.0274055 2.17529
0.0275236 2.17285
0.0276429 2.18203
0.0277694 2.17211
0.0278872 2.17662
0.0280072 2.17811
0.0281257 2.16103
0.028257 2.1559
0.0284367 2.16492
0.0285557 2.15202
0.028687 2.14044
0.0288057 2.16949
0.0289628 2.1595
0.0290813 2.17118
0.0292519 2.14229
0.0293702 2.19653
0.029488 2.19049
0.0296204 2.16683
0.029739 2.17825
0.0298951 2.12302
0.0300131 2.12761
0.0301317 2.12022
0.0302739 2.13262
0.0303917 2.1523
0.0305563 2.14401
0.0306743 2.12095
0.0308069 2.1359
0.0309267 2.154
0.0310452 2.13387
0.0311896 2.11094
0.0313085 2.11206
0.0314548 2.1287
0.0315732 2.16097
0.0316921 2.14948
0.0318274 2.15542
0.0319465 2.10178
0.0320738 2.11717
0.0322065 2.17114
0.0323259 2.11796
0.0324588 2.12281
0.0325777 2.07265
0.0327116 2.09769
0.0328312 2.08526
0.0329504 2.1232
0.0331203 2.09565
0.0332389 2.0993
0.0333699 2.10965
0.0335024 2.08984
0.0336511 2.09972
0.0337843 2.15358
0.033921 2.11573
0.0340507 2.08085
0.0341701 2.11186
0.0343086 2.09416
0.034427 2.07776
0.0345455 2.1174
0.0346902 2.09024
0.03481 2.04399
0.0349386 2.10871
0.0350695 2.04607
0.0351886 2.10665
0.0353144 2.1381
0.0354343 2.09439
0.0355603 2.10925
0.035679 2.09589
0.0357974 2.0792
0.0359238 2.09636
0.036044 2.03271
0.0361749 2.08967
0.0362926 2.08021
0.0364125 2.05976
0.0365426 2.05424
0.0366685 2.0355
0.0367951 2.08272
0.03692 2.09246
0.0370698 2.07294
0.0372148 2.0612
0.0373662 2.06227
0.0375071 2.06378
0.0376327 2.06256
0.0377883 2.0256
0.0379231 2.04184
0.0380703 2.0183
0.0381878 2.04498
0.0383658 2.05164
0.0384837 2.05726
0.0386034 2.05547
0.0387322 2.01622
0.0388549 2.01022
0.0389929 2.04669
0.0391101 1.97645
0.0392362 2.00684
0.0393819 1.99992
0.0394991 1.97533
0.0396561 2.00953
0.0397739 1.94787
0.0399061 1.99683
0.0400458 1.98602
0.0401636 2.06405
0.0402897 2.05585
0.0404075 2.01502
0.0405657 1.9981
0.0406838 2.01949
0.0408026 1.98174
0.0409283 2.01191
0.041046 1.95624
0.0411901 1.96076
0.0413088 2.02126
0.0414603 1.99572
0.0415837 1.94684
0.0417018 1.94602
0.0418629 2.0146
0.0419804 1.95915
0.0421238 1.99081
0.0422415 1.95453
0.0423601 2.00146
0.0424927 1.96691
0.042611 1.94066
0.0427306 1.95772
0.0428483 1.94313
0.0429669 1.9532
0.0431477 1.97133
0.0432689 1.92978
0.0433892 1.93776
0.0435083 1.97907
0.043627 1.99259
0.0437473 1.93145
0.0438673 1.85477
0.043994 1.94051
0.0441135 1.83632
0.0442322 1.80085
0.0443525 1.98752
0.0444725 2.0151
0.0445917 1.96683
0.0447123 1.91495
0.044839 1.9922
0.0449683 1.87654
0.0450884 1.90046
0.0452063 1.98097
0.0453312 1.9948
0.0454497 1.93152
0.0455698 1.87028
0.0456901 1.9227
0.045809 1.92304
0.0459274 1.85823
0.0460469 1.85463
0.0461661 1.86812
0.0462989 1.92761
0.0464185 1.88147
0.0465386 1.89977
0.0466604 1.83577
0.0467798 1.8566
0.0468988 1.87446
0.0470193 1.95312
0.0471381 1.83525
0.0472664 1.87885
0.0473855 1.97969
0.0475052 1.97238
0.0476264 1.86681
0.0477452 1.85734
0.0478647 1.86225
0.047985 1.84729
0.0481034 1.93398
0.0482263 1.82114
0.0483465 1.80468
0.0484651 1.91741
0.0485858 1.92677
0.0487057 1.79696
0.0488377 1.84398
0.0489632 1.82664
0.0490825 1.86601
0.049202 1.85351
0.0493228 1.87903
0.0494425 1.87524
0.0495721 1.8941
0.0496912 1.81428
0.0498094 1.88834
0.0499298 1.83288
0.0500486 1.73022
0.0501687 1.82312
0.0502893 1.81954
0.0504079 1.79201
0.0505412 1.8067
0.0506611 1.76609
0.0507803 1.68436
0.0509012 1.76432
0.0510221 1.80586
0.0511426 1.79979
0.0512635 1.72797
0.0513826 1.69749
0.0515034 1.82997
0.0516246 1.7614
0.0517437 1.81157
0.0518768 1.78242
0.0519959 1.71199
0.0521162 1.75051
0.0522381 1.77125
0.0523579 1.78056
0.0524777 1.81196
0.052598 1.81827
0.0527198 1.78532
0.0528395 1.80325
0.0529587 1.80597
0.0530788 1.84174
0.053208 1.75781
0.0533265 1.75533
0.0534475 1.77118
0.053568 1.76306
0.0536867 1.68416
0.0538065 1.6902
0.0539264 1.76921
0.0540459 1.77836
0.0541773 1.73253
0.0542955 1.72997
0.0544149 1.76416
0.0545411 1.7313
0.054661 1.77341
0.0547816 1.65527
0.0549051 1.71418
0.0550252 1.72125
0.0551453 1.76183
0.0552651 1.73383
0.0553852 1.65057
0.0555161 1.67421
0.0556351 1.60473
0.0557545 1.64851
0.0558921 1.62614
0.0560116 1.65819
0.0561315 1.67494
0.05625 1.65941
0.0563754 1.72816
0.0565061 1.68417
0.056625 1.64267
0.056745 1.61784
0.0568648 1.72747
0.0569839 1.73815
0.0571031 1.63553
0.0572238 1.59668
0.0573413 1.61428
0.0574617 1.7172
0.0575805 1.72149
0.0577002 1.70255
0.0578273 1.83956
0.0579472 1.66651
0.0580851 1.61775
0.0582079 1.63643
0.0583301 1.50656
0.0584499 1.51901
0.0585693 1.58884
0.0586976 1.62927
0.0588165 1.68006
0.058959 1.80475
0.0590787 1.69591
0.0591989 1.73999
0.05932 1.71134
0.0594396 1.70122
0.0595762 1.73011
0.0597046 1.76695
0.0598249 1.66649
0.0599701 1.5933
0.0600879 1.59821
0.0602077 1.57063
0.0603283 1.6551
0.0604476 1.69554
0.0605666 1.67546
0.0606872 1.70354
0.0608065 1.70394
0.0609456 1.7024
0.0610648 1.59997
0.0611847 1.62615
0.0613054 1.58395
0.0614244 1.67006
0.0615441 1.60639
0.0616646 1.58736
0.061784 1.56113
0.0619149 1.65544
0.0620349 1.76142
0.0621547 1.5978
0.0622762 1.6636
0.062396 1.59762
0.0625154 1.64163
0.0626359 1.71967
0.0627564 1.6774
0.0628749 1.6474
0.0629946 1.48284
0.0631143 1.567
0.0632449 1.57748
0.0633641 1.55831
0.0635325 1.62556
0.0636529 1.60576
0.0637738 1.7003
0.0638934 1.70257
0.0640242 1.55984
0.064144 1.59862
0.0642639 1.67358
0.0643847 1.52504
0.0645028 1.54518
0.0646238 1.5601
0.0647447 1.5589
0.064864 1.54063
0.0649942 1.42185
0.0651143 1.47253
0.0652346 1.52289
0.0653554 1.64615
0.0654745 1.46183
0.0655944 1.53093
0.0657141 1.53968
0.0658324 1.51908
0.0659616 1.50827
0.066081 1.50659
0.0662009 1.49205
0.0663291 1.56698
0.0664481 1.4492
0.0665675 1.49604
0.0666881 1.52034
0.0668063 1.37608
0.0669258 1.41229
0.0670453 1.41028
0.0671727 1.51866
0.0672993 1.51543
0.0674177 1.50673
0.0675356 1.45409
0.067671 1.4041
0.0677902 1.49321
0.0679275 1.47019
0.0680457 1.56226
0.0681665 1.47267
0.068294 1.45828
0.0684145 1.4658
0.068544 1.5588
0.0686675 1.49477
0.0687872 1.62732
0.068908 1.48956
0.0690279 1.4298
0.0691593 1.4904
0.0692788 1.57357
0.069399 1.52293
0.0695204 1.55282
0.0696406 1.444
0.0697598 1.41046
0.0698811 1.41268
0.070001 1.43017
0.0701338 1.47831
0.0702531 1.57595
0.0703725 1.36125
0.0704939 1.42017
0.0706143 1.32978
0.0707342 1.45234
0.0708552 1.51906
0.0709745 1.55249
0.0710948 1.53704
0.0712146 1.40291
0.0713334 1.3937
0.0714698 1.3315
0.071589 1.38887
0.0717077 1.39815
0.0718285 1.4501
0.0719465 1.45674
0.0720664 1.33262
0.0721863 1.361
0.0723053 1.34242
0.0724384 1.40545
0.0725574 1.44931
0.0726771 1.42781
0.0727986 1.36693
0.0729179 1.31045
0.0730377 1.46995
0.0731585 1.4183
0.0732778 1.27506
0.0734121 1.42398
0.0735318 1.47066
0.0736513 1.52949
0.0737724 1.44596
0.0738924 1.4301
0.0740124 1.45779
0.0741319 1.38198
0.0742558 1.36859
0.0743757 1.48934
0.0744951 1.43957
0.0746146 1.35746
0.0747363 1.35765
0.0748544 1.45847
0.0749742 1.31781
0.0750951 1.29127
0.075215 1.41206
0.0753347 1.44697
0.0754548 1.45177
0.0755738 1.28865
0.0757114 1.26984
0.0758295 1.35007
0.0759494 1.51244
0.0760724 1.2644
0.0761907 1.27578
0.076311 1.31433
0.0764321 1.30331
0.076552 1.23311
0.0766821 1.37661
0.0768013 1.13094
0.0769206 1.31684
0.0770417 1.24418
0.0771608 1.31413
0.0772807 1.50174
0.0774021 1.40251
0.0775201 1.42968
0.0776511 1.32945
0.0777716 1.30962
0.0778918 1.33067
0.0780124 1.35675
0.078131 1.48103
0.0782588 1.27028
0.0783787 1.45411
0.0784972 1.33041
0.078628 1.26169
0.0787465 1.25556
0.0788668 1.24376
0.0789875 1.27316
0.0791054 1.32682
0.079225 1.23547
0.0793446 1.2533
0.0794632 1.36826
0.0795825 1.29055
0.0797019 1.31564
0.0798221 1.35738
0.0799522 1.377
0.0800708 1.20306
0.0801941 1.16518
0.0803154 1.22132
0.0804338 1.28123
0.0805543 1.30567
0.0806741 1.34952
0.0807944 1.29943
0.0809233 1.33382
0.0810428 1.42652
0.0811626 1.37894
0.0813607 1.39593
0.0814809 1.44155
0.081602 1.378
0.0817215 1.20648
0.0818539 1.35037
0.0819736 1.41166
0.0820938 1.23129
0.0822156 1.20054
0.0823339 1.32834
0.0824517 1.1661
0.0825725 1.23375
0.082692 1.31136
0.0828124 1.32878
0.082933 1.2556
0.0830529 1.44635
0.0831859 1.25546
0.0833055 1.37078
0.0834245 1.3592
0.0835461 1.13228
0.0836644 1.26671
0.0837841 1.27664
0.0839539 1.13892
0.084078 1.23302
0.0842115 1.26429
0.0843321 1.36933
0.0844518 1.42493
0.0845734 1.38438
0.0846923 1.1875
0.0848122 1.29416
0.0849329 1.124
0.0850522 1.10823
0.0851844 1.17946
0.0853034 1.15104
0.0854232 1.21627
0.0855439 1.14304
0.0856778 1.28437
0.0857984 1.16648
0.0859236 1.34184
0.086041 1.2294
0.0861609 1.29303
0.0862819 1.25245
0.0864019 1.21021
0.0865376 1.38647
0.0866572 1.22585
0.086778 1.34872
0.0868997 1.31803
0.0870183 1.28778
0.0871381 1.15328
0.0872582 1.16051
0.0873785 1.07032
0.087511 1.1626
0.0876306 1.14201
0.087751 1.23852
0.0878724 1.30833
0.087992 1.26198
0.0881113 1.18698
0.0882328 1.27098
0.0883522 1.24916
0.088484 1.26593
0.0886029 1.1457
0.0887241 1.12326
0.0888456 1.11436
0.088965 1.24529
0.0890856 1.35947
0.0892068 1.11529
0.0893259 1.18511
0.0894557 1.07944
0.0895809 1.18135
0.0897009 1.21093
0.0898206 1.30076
0.0899398 1.26679
0.0900596 1.20247
0.0901797 1.27442
0.0902977 1.20457
0.0904181 1.13046
0.0905385 1.18663
0.09066 1.27261
0.0907922 1.29102
0.0909106 1.15983
0.0910407 1.12764
0.0911626 1.0931
0.0912813 1.20952
0.091402 1.10479
0.0915232 1.21156
0.0916427 1.09773
0.0917749 1.12456
0.0918938 0.99855
0.092014 1.21405
0.0921347 1.06778
0.0922535 1.11339
0.0923743 1.12326
0.0924945 1.21172
0.0926142 1.35118
0.0927459 1.06639
0.092865 1.1941
0.0929843 1.17251
0.0931069 1.20348
0.0932261 1.1943
0.0933461 1.07298
0.0934666 1.05961
0.0935862 1.03408
0.0937048 1.16883
0.093825 1.18029
0.0939453 1.08753
0.0940769 1.05711
0.0941959 0.989485
0.0943154 1.0336
0.0944358 0.994182
0.0945553 1.23176
0.0946758 1.00399
0.0947952 1.07965
0.0949145 1.13327
0.0950449 1.07862
0.0951641 1.05839
0.0952843 1.09314
0.095405 1.08332
0.0955255 1.03723
0.0956462 1.2343
0.0957668 1.36103
0.0958867 1.23425
0.0960181 1.19565
0.0961366 1.18076
0.0962562 1.1269
0.0963765 0.953097
0.0964955 0.973309
0.0966151 1.11069
0.0967353 1.41862
0.0968541 1.3666
0.0969747 1.23887
0.0970982 1.20176
0.0972178 1.09402
0.0973464 1.14815
0.0974658 1.17852
0.0975853 1.09544
0.0977052 1.20931
0.0978239 1.13842
0.0979432 1.01189
0.098063 1.17882
0.0981819 1.04495
0.0983158 1.18278
0.0984355 1.46345
0.0985546 1.0284
0.0986756 1.14028
0.0987947 1.16192
0.098914 1.0806
0.0990389 1.15983
0.099158 1.13469
0.0992762 1.03552
0.0993963 1.01571
0.0995159 0.97875
0.0996356 0.931784
0.0997554 1.06478
0.0998762 1.15629
0.100003 1.14285
0.100123 1.11234
0.100243 1.08093
0.100363 1.02603
0.100484 0.947169
0.100605 0.990638
0.100724 1.00669
0.100844 1.04972
0.100964 1.15223
0.101084 0.99133
0.101204 1.08698
0.101324 1.08442
0.101443 1.09153
0.101586 1.15026
0.101719 1.32854
0.101838 1.14933
0.101958 1.24009
0.102077 1.00119
0.102197 0.984329
0.102318 0.996128
0.102438 0.904783
0.102569 0.912132
0.102689 0.968439
0.10281 1.16683
0.102931 1.22799
0.103051 1.15309
0.10317 1.17445
0.10329 1.2443
0.103409 1.0651
0.103531 0.988012
0.10365 1.09915
0.10377 1.11322
0.103892 1.06024
0.104011 0.886268
0.10413 0.931359
0.104267 1.06717
0.104385 1.11699
0.10453 1.0937
0.104649 1.06607
0.104768 1.07728
0.104888 0.980047
0.105007 0.985824
0.105128 1.04722
0.105248 1.15498
0.105367 1.21409
0.105487 1.05107
0.105606 1.08859
0.105726 0.939519
0.105846 1.00795
0.105965 0.970758
0.106085 0.971698
0.106205 0.97864
0.10633 1.03458
0.10645 0.903988
0.10657 0.924305
0.10669 0.980992
0.106811 0.872364
0.10693 1.22916
0.10705 1.23611
0.107172 1.03802
0.107292 0.949792
0.107412 0.915888
0.10753 0.975666
0.107651 0.945775
0.107782 1.05194
0.107902 0.895187
0.108022 1.06697
0.108142 1.02731
0.10826 0.957148
0.108378 0.9275
0.1085 0.951297
0.108619 0.945406
0.108738 0.969663
0.108858 0.954099
0.108977 0.863588
0.109108 0.978684
0.109228 0.97181
0.109348 0.996937
0.109469 1.04452
0.109588 1.07145
0.109708 1.03915
0.109828 0.917763
0.109948 1.11681
0.110081 0.863085
0.1102 0.968872
0.110319 1.0307
0.11044 0.876435
0.11056 0.894999
0.11068 0.999414
0.110801 0.887243
0.11092 0.97541
0.111049 1.09453
0.11117 0.909963
0.111289 0.980606
0.11141 1.08357
0.11153 1.09377
0.111649 0.968843
0.111768 0.941572
0.111887 1.10301
0.112008 0.922335
0.112128 0.973392
0.112247 1.05065
0.112383 1.07834
0.112502 0.903954
0.11262 0.95327
0.112741 0.918597
0.11286 0.889195
0.11298 0.969768
0.1131 0.986651
0.113219 0.737653
0.113349 0.909306
0.113469 0.932117
0.113588 0.997985
0.113709 0.819114
0.113828 0.948371
0.113948 0.936388
0.114069 0.991971
0.114188 0.899326
0.114319 0.988712
0.114439 0.972553
0.114558 0.703065
0.114681 0.795189
0.11480.0108021 nan
0.0117384 nan
0.012509 nan
0.0132447 nan
0.0139702 nan
0.0147094 nan
0.0154397 nan
0.0161769 nan
0.0169115 nan
0.0176435 nan
0.0183802 nan
0.0191071 nan
0.0198328 nan
0.02056 nan
0.0212916 nan
0.0220177 nan
0.022741 nan
0.0234538 nan
0.0241739 nan
0.024908 nan
0.0256369 nan
0.0265709 nan
0.02733 nan
0.0280617 nan
0.0287852 nan
0.0295139 nan
0.0302349 nan
0.0309661 nan
0.0316944 nan
0.0324106 nan
0.0331462 nan
0.0338732 nan
0.0345946 nan
0.0353182 nan
0.0360438 nan
0.036773 nan
0.0374971 nan
0.0382218 nan
0.0389466 nan
0.0396729 nan
0.040398 nan
0.0101421 nan
0.0110776 nan
0.0118483 nan
0.0125897 nan
0.0133037 nan
0.0140415 nan
0.0147696 nan
0.0155034 nan
0.0162374 nan
0.0169676 nan
0.0176897 nan
0.01842 nan
0.0191557 nan
0.0198896 nan
0.0206224 nan
0.0213535 nan
0.0220906 nan
0.0228264 nan
0.0235698 nan
0.0242889 nan
0.0250203 nan
0.0259604 nan
0.0267255 nan
0.0274707 nan
0.0282001 nan
4.06771 nan
6.23702 nan
0.0211985 nan
0.0339964 nan
0.0449975 nan
0.0556443 nan
0.066395 nan
0.0769485 nan
0.0875277 nan
0.0980843 nan
0.108644 nan
0.119225 nan
0.129812 nan
0.140372 nan
0.150983 nan
0.161612 nan
0.178168 nan
0.326477 nan
0.45452 nan
0.570002 nan
0.682561 nan
0.798353 nan
0.913983 nan
1.02651 nan
1.139 nan
1.25482 nan
1.37051 nan
1.48307 nan
0.167372 nan
0.29927 nan
0.418265 nan
0.525088 nan
0.0207906 nan
0.0336621 nan
0.0465037 nan
0.0592976 nan
0.0720839 nan
0.0848818 nan
0.0976071 nan
0.109935 nan
0.121536 nan
0.133165 nan
0.144801 nan
0.15634 nan
0.167949 nan
0.179568 nan
0.190278 nan
0.200997 nan
0.211696 nan
0.222499 nan
0.233344 nan
0.244232 nan
0.255066 nan
0.265243 nan
0.275293 nan
0.285304 nan
0.295339 nan
0.305366 nan
0.315221 nan
0.325041 nan
0.33456 nan
0.343957 nan
0.353358 nan
0.362705 nan
0.372092 nan
0.381476 nan
0.390841 nan
0.400193 nan
0.409372 nan
0.418504 nan
0.427643 nan
0.436862 nan
0.446087 nan
0.455229 nan
0.464495 nan
0.473609 nan
0.482784 nan
0.491965 nan
0.501135 nan
0.51028 nan
0.519449 nan
0.528608 nan
0.537767 nan
0.546901 nan
0.556063 nan
0.565184 nan
0.574317 nan
0.58346 nan
0.592542 nan
0.601684 nan
0.610742 nan
0.61979 nan
0.628891 nan
0.638043 nan
0.647191 nan
0.656372 nan
0.665499 nan
0.674614 nan
0.683719 nan
0.692854 nan
0.701953 nan
0.711055 nan
0.7202 nan
0.729319 nan
0.738355 nan
0.747436 nan
0.756547 nan
0.765611 nan
0.774689 nan
0.783787 nan
0.793252 nan
0.0087427 nan
0.00948638 nan
0.010236 nan
0.0109781 nan
0.0117134 nan
0.0124427 nan
0.0131836 nan
0.0138975 nan
0.014602 nan
0.0153314 nan
0.016048 nan
0.0167566 nan
0.0174643 nan
0.0181768 nan
0.0188734 nan
0.0195565 nan
0.0202883 nan
0.0210245 nan
0.0217544 nan
0.0225153 nan
0.0232618 nan
0.0241965 nan
0.0249689 nan
0.0257181 nan
0.0264539 nan
0.0271765 nan
0.0279069 nan
0.0286414 nan
0.0293651 nan
0.0300878 nan
0.0308087 nan
0.0315246 nan
0.0322194 nan
0.032945 nan
0.0336581 nan
0.0344682 nan
0.0351823 nan
0.035927 nan
0.0366298 nan
0.0373399 nan
0.0380435 nan
0.0387631 nan
0.0396699 nan
0.0404204 nan
0.0411817 nan
0.0419031 nan
0.0426132 nan
0.0433607 nan
0.044094 nan
0.0448163 nan
0.0455242 nan
0.0462376 nan
0.0469401 nan
0.0476654 nan
0.0483781 nan
0.0491138 nan
0.0498171 nan
0.0504837 nan
0.0511522 nan
0.0518473 nan
0.0525368 nan
0.0531938 nan
0.05386 nan
0.0547237 nan
0.0554173 nan
0.0561464 nan
0.0568398 nan
0.0575022 nan
0.0581651 nan
0.0588294 nan
0.0595395 nan
0.0602105 nan
0.0609101 nan
0.0616359 nan
0.062362 nan
0.0630728 nan
0.0637754 nan
0.0644806 nan
0.0654303 nan
0.00602355 20.1074
0.00862439 60.125
0.0112738 117.382
0.013854 758.195
0.0164541 2.30009e+08
0.0190291 4.22268e+10
0.0216516 3.84507e+15
0.0243854 1.90251e+26
0.0269823 inf
0.0295925 nan
0.032176 nan
0.034771 nan
0.0373483 nan
0.0399423 nan
0.0425438 nan
0.0451562 nan
0.0477536 nan
0.0503337 nan
0.0528989 nan
0.055476 nan
0.0580685 nan
0.0606831 nan
0.0632536 nan
0.0658534 nan
0.0684317 nan
0.07102 nan
0.0736241 nan
0.0762088 nan
0.0788215 nan
0.0814296 nan
0.0840348 nan
0.0866274 nan
0.0892168 nan
0.0918357 nan
0.0944223 nan
0.0970225 nan
0.0996034 nan
0.102214 nan
0.10481 nan
0.10741 nan
0.110001 nan
0.112596 nan
0.115202 nan
0.117638 nan
0.120038 nan
0.12245 nan
0.124857 nan
0.127245 nan
0.12963 nan
0.132009 nan
0.134408 nan
0.136788 nan
0.139183 nan
0.141585 nan
0.143975 nan
0.146372 nan
0.148758 nan
0.151155 nan
0.153528 nan
0.15591 nan
0.158316 nan
0.16072 nan
0.163115 nan
0.165506 nan
0.167896 nan
0.170295 nan
0.172667 nan
0.175066 nan
0.177483 nan
0.179886 nan
0.182276 nan
0.184673 nan
0.186904 nan
0.189129 nan
0.191353 nan
0.193568 nan
0.195788 nan
0.198022 nan
0.200233 nan
0.202452 nan
0.20464 nan
0.206853 nan
0.209071 nan
0.211294 nan
0.213519 nan
0.215744 nan
0.21794 nan
0.220142 nan
0.222336 nan
0.224544 nan
0.226761 nan
0.228955 nan
0.231153 nan
0.233365 nan
0.235566 nan
0.23777 nan
0.239992 nan
0.242192 nan
0.244388 nan
0.24659 nan
0.248802 nan
0.251028 nan
0.253259 nan
0.255279 nan
0.257302 nan
0.259336 nan
0.261371 nan
0.263404 nan
0.26545 nan
0.267485 nan
0.269547 nan
0.271581 nan
0.273602 nan
0.275634 nan
0.277672 nan
0.279693 nan
0.281739 nan
0.283765 nan
0.285793 nan
0.287818 nan
0.289857 nan
0.291896 nan
0.293928 nan
0.295971 nan
0.298015 nan
0.30006 nan
0.3021 nan
0.304156 nan
0.3062 nan
0.308226 nan
0.310254 nan
0.312289 nan
0.314296 nan
0.316328 nan
0.318352 nan
0.320406 nan
0.322443 nan
0.324375 nan
0.3263 nan
0.328203 nan
0.330143 nan
0.332092 nan
0.334008 nan
0.335945 nan
0.337866 nan
0.339779 nan
0.341689 nan
0.343591 nan
0.345515 nan
0.34742 nan
0.349335 nan
0.351262 nan
0.353154 nan
0.355076 nan
0.356975 nan
0.358888 nan
0.360813 nan
0.362723 nan
0.364654 nan
0.36658 nan
0.36848 nan
0.370397 nan
0.372311 nan
0.374232 nan
0.376178 nan
0.378078 nan
0.379998 nan
0.381912 nan
0.38382 nan
0.385766 nan
0.387686 nan
0.389621 nan
0.391564 nan
0.393425 nan
0.395317 nan
0.397161 nan
0.39904 nan
0.400898 nan
0.40281 nan
0.40467 nan
0.406547 nan
0.408421 nan
0.410297 nan
0.412159 nan
0.414091 nan
0.415994 nan
0.417891 nan
0.419783 nan
0.421662 nan
0.428716 nan
0.430597 nan
0.432453 nan
0.434302 nan
0.436208 nan
0.438067 nan
0.439925 nan
0.441822 nan
0.443695 nan
0.445545 nan
0.447382 nan
0.449233 nan
0.451096 nan
0.452953 nan
0.454803 nan
0.456654 nan
0.458499 nan
0.460356 nan
0.462237 nan
0.464141 nan
0.465981 nan
0.467863 nan
0.469735 nan
0.471593 nan
0.473476 nan
0.475309 nan
0.477168 nan
0.479025 nan
0.480939 nan
0.482828 nan
0.484697 nan
0.486552 nan
0.488399 nan
0.490254 nan
0.492098 nan
0.49398 nan
0.495833 nan
0.497683 nan
0.499521 nan
0.501377 nan
0.503211 nan
0.505127 nan
0.507013 nan
0.508888 nan
0.516954 nan
0.518821 nan
0.520689 nan
0.522569 nan
0.524406 nan
0.526271 nan
0.52813 nan
0.530021 nan
0.531854 nan
0.533702 nan
0.53554 nan
0.537383 nan
0.539211 nan
0.541061 nan
0.542908 nan
0.544821 nan
0.546699 nan
0.548569 nan
0.5504 nan
0.552238 nan
0.554069 nan
0.555908 nan
0.557754 nan
0.559588 nan
0.561414 nan
0.563259 nan
0.56509 nan
0.566924 nan
0.568754 nan
0.57059 nan
0.572423 nan
0.574277 nan
0.576116 nan
0.577957 nan
0.579794 nan
0.581622 nan
0.583454 nan
0.585302 nan
0.587142 nan
0.589134 nan
0.590996 nan
0.59285 nan
0.594709 nan
0.596563 nan
0.598404 nan
0.600259 nan
0.602106 nan
0.603953 nan
0.605789 nan
0.607641 nan
0.609477 nan
0.611323 nan
0.613169 nan
0.61502 nan
0.616864 nan
0.618709 nan
0.620546 nan
0.622401 nan
0.624243 nan
0.626104 nan
0.627953 nan
0.629798 nan
0.631639 nan
0.633501 nan
0.635344 nan
0.637207 nan
0.639045 nan
0.640901 nan
0.642763 nan
0.644659 nan
0.646526 nan
0.648384 nan
0.650229 nan
0.652079 nan
0.653944 nan
0.655789 nan
0.657642 nan
0.659511 nan
0.661371 nan
0.663235 nan
0.665089 nan
0.666952 nan
0.668815 nan
0.670668 nan
0.672533 nan
0.674376 nan
0.67623 nan
0.678082 nan
0.679944 nan
0.681801 nan
0.68368 nan
0.685526 nan
0.687401 nan
0.68924 nan
0.691084 nan
0.692927 nan
0.694783 nan
0.696628 nan
0.698499 nan
0.70034 nan
0.702196 nan
0.704058 nan
0.705933 nan
0.707774 nan
0.709641 nan
0.711507 nan
0.713374 nan
0.715222 nan
0.717097 nan
0.718974 nan
0.720841 nan
0.722721 nan
0.7246 nan
0.726455 nan
0.728332 nan
0.730187 nan
0.732055 nan
0.733918 nan
0.735806 nan
0.737684 nan
0.739568 nan
0.741439 nan
0.743334 nan
0.74519 nan
0.747083 nan
0.748956 nan
0.750823 nan
0.752693 nan
0.754571 nan
0.756432 nan
0.758314 nan
0.760177 nan
0.762049 nan
0.763906 nan
0.765778 nan
0.767647 nan
0.769529 nan
0.771391 nan
0.773263 nan
0.775123 nan
0.776999 nan
0.778871 nan
0.780762 nan
0.782631 nan
0.78451 nan
0.786386 nan
0.788266 nan
0.790146 nan
0.792024 nan
0.793885 nan
0.795767 nan
0.797651 nan
0.799535 nan
0.801418 nan
0.803295 nan
0.805164 nan
0.807043 nan
0.80891 nan
0.81081 nan
0.812668 nan
0.814548 nan
0.816409 nan
0.818285 nan
0.820153 nan
0.822034 nan
0.823902 nan
0.825776 nan
0.827645 nan
0.829515 nan
0.831369 nan
0.833251 nan
0.835123 nan
0.837014 nan
0.838896 nan
0.840782 nan
0.842645 nan
0.84454 nan
0.846413 nan
0.848304 nan
0.850494 nan
0.852528 nan
0.854586 nan
0.856622 nan
0.858565 nan
0.860572 nan
0.862555 nan
0.864549 nan
0.866561 nan
0.868482 nan
0.870476 nan
0.872461 nan
0.874374 nan
0.876376 nan
0.87834 nan
0.880246 nan
0.88223 nan
0.884128 nan
0.886079 nan
0.888018 nan
0.889911 nan
0.891872 nan
0.893777 nan
0.895661 nan
0.897586 nan
0.89948 nan
0.901398 nan
0.903303 nan
0.905246 nan
0.907143 nan
0.909033 nan
0.911025 nan
0.912927 nan
0.914882 nan
0.916795 nan
0.918656 nan
0.920599 nan
0.922476 nan
0.924403 nan
0.926306 nan
0.928168 nan
0.930064 nan
0.931936 nan
0.933881 nan
0.935759 nan
0.937605 nan
0.93952 nan
0.941391 nan
0.943318 nan
0.945221 nan
0.947074 nan
0.948989 nan
0.950838 nan
0.952778 nan
0.954667 nan
0.956536 nan
0.958445 nan
0.96034 nan
0.962273 nan
0.964134 nan
0.965994 nan
0.967905 nan
0.969759 nan
0.971739 nan
0.973596 nan
0.975458 nan
0.977356 nan
0.979233 nan
0.981125 nan
0.982984 nan
0.98492 nan
0.986801 nan
0.988658 nan
0.990543 nan
0.992409 nan
0.994325 nan
0.996199 nan
0.998097 nan
0.999992 nan
1.00186 nan
1.00376 nan
1.00568 nan
1.00756 nan
1.00947 nan
1.01134 nan
1.01319 nan
1.01508 nan
1.01696 nan
1.0189 nan
1.0208 nan
1.02269 nan
1.02458 nan
1.02648 nan
1.0284 nan
1.03028 nan
1.03214 nan
1.03405 nan
1.03591 nan
1.03779 nan
1.0397 nan
1.04158 nan
1.0435 nan
1.04537 nan
1.04724 nan
1.04924 nan
1.05114 nan
1.05304 nan
1.05496 nan
1.05682 nan
1.05875 nan
1.06065 nan
1.06252 nan
1.06443 nan
1.06627 nan
1.06816 nan
1.07007 nan
1.07194 nan
1.07386 nan
1.07575 nan
1.07763 nan
1.07956 nan
1.08143 nan
1.08338 nan
1.08527 nan
1.08716 nan
1.08908 nan
1.09096 nan
1.09289 nan
1.09481 nan
1.0967 nan
1.09867 nan
1.10056 nan
1.10243 nan
1.10445 nan
1.1063 nan
1.10828 nan
1.11016 nan
1.1121 nan
1.11401 nan
1.11589 nan
1.11784 nan
1.11971 nan
1.12158 nan
1.12351 nan
1.12543 nan
1.12736 nan
1.12929 nan
1.13116 nan
1.1331 nan
1.13501 nan
1.13691 nan
1.13886 nan
1.14074 nan
1.14258 nan
1.14449 nan
1.14636 nan
1.14829 nan
1.15016 nan
1.15202 nan
1.15401 nan
1.15589 nan
1.1578 nan
1.15968 nan
1.1616 nan
1.16359 nan
1.16545 nan
1.16732 nan
1.16926 nan
1.17117 nan
0.00551485 nan
0.00809839 nan
0.0106409 nan
0.0131878 nan
0.0157487 nan
0.0182969 nan
0.0208176 nan
0.0233561 nan
0.0260475 nan
0.0285754 nan
0.0311093 nan
0.0336315 nan
0.0361469 nan
0.0387089 nan
0.0412344 nan
0.0437743 nan
0.0462979 nan
0.0488169 nan
0.0513544 nan
0.0538993 nan
0.0564277 nan
0.0589522 nan
0.0614926 nan
0.064004 nan
0.0665354 nan
0.0690467 nan
0.0715749 nan
0.0741016 nan
0.0766078 nan
0.079133 nan
0.0816721 nan
0.0840111 nan
0.0864028 nan
0.0887292 nan
0.0910613 nan
0.0934294 nan
0.0957434 nan
0.0980511 nan
0.100389 nan
0.102712 nan
0.105032 nan
0.107336 nan
0.109649 nan
0.111979 nan
0.11429 nan
0.11661 nan
0.118918 nan
0.121235 nan
0.123567 nan
0.125886 nan
0.1282 nan
0.13051 nan
0.132833 nan
0.135182 nan
0.137486 nan
0.139803 nan
0.142119 nan
0.144436 nan
0.146765 nan
0.149073 nan
0.151229 nan
0.153393 nan
0.155538 nan
0.157692 nan
0.159838 nan
0.161994 nan
0.164129 nan
0.166284 nan
0.168435 nan
0.170581 nan
0.172754 nan
0.174915 nan
0.177073 nan
0.179241 nan
0.181389 nan
0.183548 nan
0.185724 nan
0.187877 nan
0.190051 nan
0.192212 nan
0.194359 nan
0.196508 nan
0.198665 nan
0.200801 nan
0.202962 nan
0.205118 nan
0.207262 nan
0.209416 nan
0.211564 nan
0.213711 nan
0.215861 nan
0.218087 nan
0.220063 nan
0.222041 nan
0.224008 nan
0.225998 nan
0.227976 nan
0.229977 nan
0.231966 nan
0.233956 nan
0.235929 nan
0.237907 nan
0.239881 nan
0.241865 nan
0.243843 nan
0.245832 nan
0.247808 nan
0.249789 nan
0.251765 nan
0.00507746 nan
0.00708665 nan
0.00909413 nan
0.0110791 nan
0.0130643 nan
0.0150425 nan
0.0170263 nan
0.0190033 nan
0.0209736 nan
0.0229571 nan
0.0249448 nan
0.0269433 nan
0.0289431 nan
0.0309444 nan
0.0329385 nan
0.0349113 nan
0.0368993 nan
0.0388828 nan
0.0408734 nan
0.0428643 nan
0.0448537 nan
0.0522474 nan
0.0542425 nan
0.056242 nan
0.0582249 nan
0.0602374 nan
0.0622508 nan
0.0642556 nan
0.0662504 nan
0.0682453 nan
0.0702478 nan
0.0722435 nan
0.0742741 nan
0.0763137 nan
0.078291 nan
0.0803 nan
0.0822918 nan
0.0842887 nan
0.0862729 nan
0.0882603 nan
0.094972 nan
0.096964 nan
0.0990059 nan
0.101005 nan
0.103002 nan
0.104974 nan
0.106995 nan
0.108968 nan
0.110942 nan
0.112916 nan
0.114905 nan
0.116882 nan
0.118911 nan
0.120921 nan
0.122792 nan
0.124657 nan
0.12653 nan
0.128412 nan
0.130262 nan
0.132134 nan
0.133996 nan
0.13587 nan
0.142586 nan
0.144453 nan
0.146414 nan
0.148281 nan
0.150152 nan
0.152034 nan
0.153893 nan
0.155765 nan
0.157637 nan
0.159531 nan
0.161406 nan
0.163273 nan
0.16513 nan
0.167004 nan
0.168869 nan
0.17076 nan
0.17262 nan
0.174502 nan
0.176366 nan
0.178235 nan
0.180112 nan
0.181981 nan
0.183845 nan
0.185723 nan
0.187572 nan
0.189436 nan
0.19134 nan
0.193168 nan
0.194992 nan
0.00491394 nan
0.0067895 nan
0.00860918 nan
0.010458 nan
0.0122827 nan
0.0141297 nan
0.0159484 nan
0.0177728 nan
0.0195923 nan
0.0214055 nan
0.0232354 nan
0.0250515 nan
0.0268785 nan
0.0287051 nan
0.0305451 nan
0.0323708 nan
0.0342248 nan
0.0360528 nan
0.0378862 nan
0.0396901 nan
0.0415269 nan
0.0433516 nan
0.0451938 nan
0.0470133 nan
0.0488511 nan
0.0506655 nan
0.0525007 nan
0.0543226 nan
0.056161 nan
0.0579885 nan
0.0598241 nan
0.061646 nan
0.0634771 nan
0.0652983 nan
0.0671221 nan
0.0689459 nan
0.0707788 nan
0.0725988 nan
0.0744295 nan
0.0762531 nan
0.0780855 nan
0.0798918 nan
0.081726 nan
0.0835555 nan
0.0853955 nan
0.0872201 nan
0.089049 nan
0.0908634 nan
0.0926968 nan
0.0945199 nan
0.0963459 nan
0.098165 nan
0.0999921 nan
0.101814 nan
0.103652 nan
0.105482 nan
0.107319 nan
0.109136 nan
0.110961 nan
0.112782 nan
0.114608 nan
0.116433 nan
0.118272 nan
0.120096 nan
0.121918 nan
0.123741 nan
0.125578 nan
0.127401 nan
0.129225 nan
0.131025 nan
0.132867 nan
0.00598868 nan
0.00862768 nan
0.0112235 nan
0.0138078 nan
0.0164193 nan
0.0189989 nan
0.0215804 nan
0.0241657 nan
0.0267285 nan
0.0293088 nan
0.0318978 nan
0.0344988 nan
0.0370872 nan
0.0396855 nan
0.0422797 nan
0.0448432 nan
0.0474319 nan
0.0500241 nan
0.0526043 nan
0.0551918 nan
0.0577606 nan
0.0603152 nan
0.0628611 nan
0.0654283 nan
0.0679676 nan
0.0704931 nan
0.0730327 nan
0.0755664 nan
0.0781195 nan
0.0806386 nan
0.0829595 nan
0.0852745 nan
0.0875991 nan
0.0899059 nan
0.092219 nan
0.0945353 nan
0.0968641 nan
0.0991916 nan
0.101538 nan
0.103902 nan
0.106239 nan
0.108582 nan
0.110936 nan
0.113298 nan
0.115671 nan
0.118021 nan
0.120374 nan
0.122732 nan
0.125055 nan
0.127394 nan
0.12976 nan
0.132103 nan
0.134476 nan
0.136841 nan
0.139211 nan
0.141564 nan
0.005607 nan
0.00817496 nan
0.01071 nan
0.0132499 nan
0.0157837 nan
0.00610961 nan
0.00889135 nan
0.0116349 nan
0.0143682 nan
0.0171193 nan
0.00386147 2.49893
0.00445803 2.49887
0.00502474 2.49896
0.00557652 2.49891
0.00616314 2.49913
0.00672658 2.4989
0.00731636 2.49899
0.00786992 2.49886
0.0084586 2.49892
0.00904066 2.49892
0.00961071 2.49901
0.0101841 2.49887
0.0107366 2.49891
0.0113153 2.49883
0.0118986 2.49883
0.0124687 2.4991
0.0130525 2.49888
0.013624 2.49907
0.0141999 2.49896
0.0147668 2.49928
0.0153378 2.49868
0.0159173 2.49892
0.0164934 2.49896
0.0170702 2.49872
0.0176259 2.49896
0.0181933 2.49878
0.0187564 2.49879
0.0193397 2.49894
0.0199201 2.49916
0.0205005 2.49912
0.021076 2.49872
0.0216328 2.49858
0.0221963 2.49855
0.022781 2.49914
0.0233621 2.49932
0.0239421 2.49887
0.0245032 2.49861
0.0250665 2.49925
0.0256594 2.49885
0.0262491 2.49885
0.0268353 2.49923
0.0273982 2.49922
0.0279617 2.49919
0.0285362 2.49891
0.0291076 2.49903
0.0296883 2.49905
0.0302681 2.49897
0.0308728 2.49913
0.0314419 2.49877
0.0320201 2.49873
0.0326188 2.49914
0.0332668 2.49919
0.0338933 2.49889
0.0345145 2.49925
0.0351447 2.49903
0.0357641 2.49907
0.0363935 2.49886
0.0369805 2.49856
0.0375904 2.49907
0.0381939 2.49847
0.0388018 2.49913
0.0394039 2.4986
0.0399899 2.49912
0.0405879 2.49896
0.0411956 2.49892
0.0418092 2.4988
0.0424037 2.49861
0.0430305 2.49909
0.0436472 2.49936
0.0442368 2.49901
0.0448515 2.49901
0.0454672 2.49869
0.0460618 2.49921
0.0466354 2.49939
0.0472361 2.4987
0.0478339 2.49891
0.0484086 2.49878
0.0490137 2.49935
0.0496335 2.49927
0.0502451 2.49896
0.050849 2.4998
0.0514526 2.49939
0.052089 2.49881
0.0527018 2.49884
0.0533188 2.49872
0.0539156 2.49955
0.0545371 2.49909
0.0551343 2.4988
0.0557579 2.49904
0.0563261 2.49892
0.0569284 2.49906
0.0575415 2.49907
0.0581274 2.49899
0.0587469 2.49896
0.0593798 2.49914
0.0599678 2.49895
0.0605788 2.4987
0.061219 2.49867
0.0618251 2.49944
0.0624212 2.49964
0.063018 2.49904
0.0636252 2.49903
0.0641903 2.49846
0.0647716 2.49883
0.06539 2.49887
0.0659832 2.49893
0.0665984 2.49912
0.0672022 2.4991
0.0677788 2.49929
0.0683654 2.4993
0.0689606 2.49884
0.069535 2.49888
0.0701544 2.49918
0.0707865 2.49932
0.0714134 2.49906
0.0720224 2.49925
0.0726418 2.49908
0.0732476 2.49881
0.0738537 2.49921
0.0744521 2.49907
0.075049 2.49941
0.0755959 2.49877
0.0761897 2.49886
0.0768143 2.49865
0.0773991 2.49852
0.0780197 2.49907
0.0786493 2.49905
0.0792354 2.49911
0.0798144 2.49964
0.0804302 2.49933
0.0810309 2.49904
0.0815978 2.49914
0.0822136 2.49874
0.0828191 2.49937
0.0834422 2.49924
0.084073 2.49933
0.084682 2.49866
0.0852828 2.49854
0.0858792 2.49877
0.0864752 2.49881
0.0870807 2.49901
0.0876593 2.49969
0.0882504 2.49905
0.0888332 2.49871
0.0894268 2.49927
0.0900388 2.49864
0.0906339 2.49886
0.0912427 2.499
0.0918567 2.49949
0.0924495 2.49931
0.0930289 2.49897
0.0936145 2.49989
0.0941458 2.49957
0.0947042 2.49936
0.0952568 2.49937
0.0958255 2.49917
0.0964104 2.49919
0.0970082 2.4988
0.0976273 2.4991
0.0982085 2.49888
0.0987845 2.49926
0.0993461 2.49898
0.0999254 2.49872
0.100499 2.49898
0.101072 2.49905
0.101636 2.49952
0.102267 2.49916
0.102842 2.49924
0.103388 2.49891
0.103962 2.49918
0.104536 2.49899
0.105127 2.49954
0.105729 2.49927
0.106318 2.49882
0.106901 2.49857
0.107476 2.49972
0.108115 2.49868
0.108767 2.49945
0.109363 2.4999
0.109968 2.49887
0.110547 2.49957
0.111152 2.4992
0.111758 2.49892
0.112351 2.49917
0.113001 2.50013
0.113603 2.49919
0.114194 2.49947
0.11481 2.49938
0.115399 2.4991
0.116002 2.49955
0.116611 2.49883
0.117244 2.49925
0.117896 2.49939
0.118533 2.49883
0.119149 2.49951
0.119807 2.49883
0.120438 2.49952
0.121048 2.49943
0.121716 2.49932
0.122389 2.49979
0.123031 2.49927
0.123689 2.49941
0.124339 2.49961
0.124972 2.49929
0.125611 2.49921
0.12625 2.49941
0.126858 2.49926
0.127509 2.49962
0.128137 2.49953
0.128754 2.49955
0.12942 2.49934
0.130059 2.49917
0.1307 2.49933
0.131345 2.49915
0.131974 2.49957
0.132606 2.49899
0.133264 2.49974
0.133893 2.4991
0.134585 2.50007
0.135279 2.49914
0.135913 2.49912
0.136537 2.49867
0.137207 2.49928
0.137834 2.49922
0.138479 2.49969
0.139152 2.49912
0.139817 2.49979
0.14045 2.49934
0.141073 2.4994
0.141693 2.49922
0.142315 2.49914
0.142947 2.49953
0.143665 2.49936
0.144273 2.49963
0.144901 2.49959
0.145521 2.49921
0.146168 2.49944
0.146785 2.49973
0.1474 2.4996
0.148034 2.49946
0.148668 2.49928
0.149296 2.49944
0.149918 2.49955
0.15055 2.49941
0.151172 2.4994
0.151797 2.49946
0.152447 2.49931
0.153063 2.49929
0.153701 2.49925
0.154316 2.4991
0.154927 2.49966
0.155548 2.49945
0.156154 2.49948
0.156772 2.49958
0.157397 2.4994
0.158022 2.4994
0.158668 2.4995
0.159315 2.49939
0.159939 2.4995
0.160591 2.49942
0.161212 2.49945
0.161851 2.49913
0.162496 2.49936
0.163118 2.49947
0.163777 2.49935
0.164409 2.49936
0.16503 2.4993
0.165678 2.49893
0.166322 2.49998
0.166948 2.49919
0.167598 2.49926
0.168206 2.49943
0.168989 2.49978
0.169653 2.50025
0.170291 2.50001
0.17091 2.49967
0.171549 2.49978
0.172174 2.49942
0.172806 2.4996
0.173455 2.49941
0.17407 2.49982
0.174707 2.49901
0.175323 2.49938
0.17594 2.49911
0.176583 2.49958
0.177219 2.4994
0.177856 2.49958
0.178509 2.49941
0.179131 2.49957
0.179785 2.49919
0.180418 2.49961
0.181037 2.49943
0.181688 2.49895
0.182325 2.49955
0.182966 2.49999
0.183635 2.4991
0.18427 2.49939
0.184915 2.49893
0.185553 2.49969
0.186152 2.49887
0.186806 2.50048
0.187427 2.49957
0.188048 2.50052
0.188695 2.49951
0.189295 2.49969
0.189935 2.50031
0.190563 2.50001
0.191177 2.49928
0.191824 2.50042
0.192466 2.49887
0.193053 2.50041
0.193603 2.49916
0.194147 2.49975
0.194699 2.49988
0.19524 2.49968
0.195794 2.50053
0.19634 2.49996
0.196894 2.50042
0.197437 2.49975
0.197992 2.49987
0.19858 2.49945
0.199135 2.49965
0.199676 2.49973
0.200226 2.49988
0.200768 2.4997
0.201319 2.49948
0.20186 2.49957
0.202416 2.50013
0.202981 2.50044
0.203564 2.49945
0.20413 2.49941
0.20467 2.49957
0.20524 2.49961
0.205783 2.49932
0.206347 2.49953
0.206902 2.50021
0.20748 2.49979
0.208034 2.50055
0.208608 2.50016
0.209168 2.49997
0.209736 2.49946
0.210324 2.49989
0.210887 2.50024
0.211478 2.49958
0.212033 2.49973
0.212689 2.50052
0.213294 2.49964
0.213941 2.49975
0.214552 2.49976
0.215125 2.50094
0.215708 2.49951
0.216275 2.49968
0.216842 2.49959
0.217399 2.49904
0.217971 2.50006
0.218526 2.50023
0.219089 2.49968
0.21966 2.50042
0.220211 2.49945
0.220805 2.49997
0.22136 2.50017
0.221921 2.50003
0.222478 2.49972
0.223096 2.49939
0.223713 2.49987
0.224324 2.50021
0.224938 2.49959
0.225529 2.49941
0.226147 2.49922
0.226791 2.49905
0.227406 2.49929
0.22804 2.49946
0.228623 2.49991
0.229263 2.49982
0.229911 2.50122
0.230535 2.50005
0.231176 2.50003
0.231771 2.50031
0.232412 2.4999
0.233036 2.50005
0.233636 2.50021
0.234263 2.49995
0.234885 2.50013
0.235507 2.50053
0.236161 2.49968
0.236739 2.50011
0.23736 2.49963
0.237966 2.49988
0.238552 2.50026
0.239195 2.50037
0.239787 2.50059
0.240438 2.50027
0.241066 2.49982
0.241676 2.50057
0.24231 2.49921
0.242917 2.50076
0.243568 2.50082
0.244195 2.49931
0.24483 2.49971
0.245451 2.5009
0.246029 2.50112
0.246665 2.50068
0.247245 2.50034
0.247817 2.5
0.248424 2.50051
0.249 2.49978
0.249561 2.49945
0.250134 2.50059
0.250707 2.50085
0.251317 2.50031
0.251877 2.50032
0.252506 2.5001
0.253097 2.5002
0.253709 2.50026
0.254309 2.50005
0.254908 2.49989
0.255548 2.50005
0.256136 2.50107
0.256729 2.50008
0.257354 2.49936
0.257928 2.50089
0.258556 2.49937
0.259168 2.49982
0.259762 2.49984
0.260395 2.50072
0.260966 2.50087
0.261592 2.50094
0.262214 2.50009
0.262828 2.49981
0.263432 2.50003
0.264002 2.49985
0.264648 2.50119
0.265273 2.50041
0.265865 2.50146
0.266474 2.5005
0.267065 2.50143
0.267693 2.50156
0.268298 2.50005
0.268941 2.5
0.269553 2.50021
0.270144 2.5001
0.270774 2.50012
0.271415 2.5006
0.272047 2.50003
0.272697 2.50125
0.273304 2.501
0.273938 2.50191
0.274561 2.50083
0.275123 2.50081
0.275825 2.50119
0.27639 2.50105
0.277033 2.5012
0.277595 2.50045
0.278204 2.50183
0.27879 2.50032
0.279364 2.50095
0.279929 2.50085
0.280473 2.50098
0.281043 2.5007
0.281606 2.50003
0.282181 2.50076
0.282747 2.50077
0.283301 2.50126
0.283871 2.5016
0.284413 2.50009
0.284981 2.50046
0.285565 2.50064
0.286165 2.50062
0.286722 2.49955
0.287377 2.50165
0.287976 2.50007
0.288579 2.50091
0.28919 2.50079
0.289792 2.50069
0.290415 2.50063
0.291001 2.49958
0.291601 2.50095
0.292205 2.50046
0.292825 2.49998
0.293476 2.50151
0.294044 2.50162
0.29469 2.50056
0.295265 2.50122
0.29588 2.50106
0.296516 2.50116
0.297098 2.5015
0.29774 2.50081
0.29832 2.50107
0.298943 2.50081
0.299576 2.50121
0.300168 2.50065
0.300788 2.50087
0.301361 2.50126
0.302016 2.50102
0.30264 2.50138
0.303228 2.50143
0.303861 2.50121
0.304423 2.50077
0.30506 2.50087
0.305676 2.5013
0.3063 2.50117
0.306936 2.50068
0.307514 2.50036
0.308138 2.50094
0.308724 2.50115
0.309375 2.50091
0.309986 2.50082
0.310566 2.50117
0.311196 2.50095
0.311785 2.50159
0.312428 2.5015
0.313037 2.50144
0.313609 2.50113
0.31422 2.50143
0.314803 2.50137
0.315447 2.50159
0.316065 2.50006
0.316658 2.50035
0.31726 2.50078
0.317852 2.50156
0.31849 2.5024
0.319091 2.50095
0.319706 2.50082
0.320316 2.50122
0.3209 2.50165
0.321545 2.5014
0.322147 2.50154
0.322757 2.50144
0.323376 2.50176
0.323973 2.50047
0.324617 2.50149
0.32522 2.50082
0.325844 2.50075
0.326472 2.50121
0.327072 2.50103
0.327721 2.50029
0.328306 2.50128
0.328925 2.5013
0.329564 2.50079
0.330145 2.50085
0.330776 2.5008
0.331367 2.50145
0.331991 2.50199
0.332602 2.50203
0.333213 2.50135
0.33397 2.50153
0.334598 2.50063
0.335183 2.50135
0.335815 2.50061
0.336417 2.50061
0.337014 2.50326
0.337654 2.50164
0.338261 2.50051
0.338887 2.50157
0.339476 2.50225
0.340067 2.50217
0.340706 2.50195
0.341313 2.50219
0.341932 2.5001
0.342505 2.50134
0.343126 2.50139
0.343768 2.5015
0.344341 2.50147
0.344979 2.50183
0.345589 2.50219
0.346206 2.50118
0.346843 2.50136
0.347453 2.50124
0.348075 2.50137
0.34864 2.50054
0.349271 2.50176
0.34991 2.50179
0.350509 2.50195
0.351128 2.50205
0.351707 2.50194
0.35235 2.50247
0.352972 2.50184
0.353551 2.50047
0.354181 2.50076
0.35476 2.50168
0.355363 2.50204
0.355991 2.50235
0.356573 2.50247
0.357212 2.50326
0.357784 2.50234
0.358418 2.50201
0.359018 2.50149
0.35959 2.50207
0.360199 2.50112
0.36078 2.50237
0.361449 2.50185
0.362049 2.50272
0.362669 2.5014
0.36329 2.50118
0.363871 2.50248
0.364506 2.50152
0.365069 2.50334
0.365654 2.50181
0.366272 2.50229
0.367196 2.50171
0.367823 2.5006
0.368391 2.50149
0.369008 2.5028
0.369602 2.50212
0.370206 2.50328
0.370834 2.50156
0.371433 2.50304
0.372073 2.50277
0.372669 2.50199
0.373339 2.50212
0.37395 2.50345
0.374555 2.5002
0.375187 2.50226
0.375787 2.50384
0.376389 2.50137
0.376997 2.50201
0.377575 2.50266
0.37818 2.50041
0.378772 2.50189
0.379348 2.50228
0.379962 2.50315
0.380528 2.50244
0.381158 2.50312
0.381742 2.50298
0.382388 2.50232
0.382984 2.5022
0.383579 2.50138
0.384182 2.50172
0.384778 2.50114
0.385374 2.50118
0.385982 2.50276
0.386552 2.50216
0.38716 2.50254
0.387733 2.50298
0.388315 2.50424
0.38891 2.50364
0.38946 2.50157
0.39005 2.50249
0.39062 2.50134
0.391225 2.50216
0.391808 2.50245
0.392381 2.50232
0.392968 2.50266
0.393555 2.50229
0.394138 2.50284
0.394735 2.50294
0.3953 2.50325
0.395899 2.50245
0.396469 2.50266
0.397049 2.50423
0.397622 2.50193
0.398167 2.50224
0.398747 2.50141
0.399335 2.50211
0.399918 2.50239
0.40049 2.50288
0.401041 2.50214
0.401645 2.50201
0.402215 2.50265
0.402829 2.50257
0.403405 2.5029
0.404033 2.50275
0.404618 2.50295
0.405197 2.50397
0.405785 2.50196
0.406377 2.50264
0.406955 2.5028
0.407554 2.50353
0.408153 2.50284
0.408768 2.50272
0.409334 2.50331
0.409953 2.50241
0.410545 2.50295
0.411162 2.50441
0.411744 2.50183
0.41234 2.50277
0.412936 2.50298
0.41351 2.50409
0.414104 2.50376
0.414656 2.50413
0.415225 2.50354
0.415794 2.50405
0.416359 2.5023
0.416954 2.50223
0.417526 2.50238
0.418116 2.50287
0.418705 2.50272
0.419273 2.50383
0.419838 2.50389
0.420415 2.50304
0.420978 2.5026
0.421561 2.50343
0.422151 2.50298
0.422751 2.50227
0.423311 2.503
0.423922 2.50411
0.424498 2.50327
0.425111 2.50424
0.425704 2.50339
0.426319 2.50192
0.426913 2.50387
0.427501 2.50356
0.428098 2.50269
0.428695 2.50383
0.4293 2.50292
0.429908 2.50358
0.43048 2.50295
0.43109 2.50288
0.431681 2.50308
0.432291 2.50325
0.432889 2.50497
0.433478 2.50472
0.434065 2.50378
0.434668 2.50363
0.435259 2.50429
0.435833 2.50455
0.436398 2.50473
0.436986 2.50348
0.437549 2.50392
0.438136 2.50336
0.438715 2.5031
0.439295 2.5036
0.439882 2.50472
0.440446 2.5043
0.441033 2.50301
0.44164 2.50266
0.442232 2.50324
0.442819 2.50343
0.44338 2.50542
0.443972 2.50382
0.44454 2.50442
0.445153 2.50343
0.445769 2.50312
0.446354 2.503
0.446969 2.50412
0.447547 2.505
0.448162 2.50451
0.448769 2.50453
0.44934 2.50314
0.449921 2.50288
0.450502 2.50337
0.451104 2.50368
0.451704 2.50396
0.452309 2.505
0.452927 2.50469
0.45351 2.50301
0.454127 2.50401
0.454712 2.50425
0.455333 2.50276
0.455944 2.50386
0.456534 2.50326
0.457139 2.50542
0.457728 2.50421
0.458343 2.50343
0.458952 2.50357
0.459533 2.50315
0.460144 2.50455
0.460743 2.50441
0.461358 2.50371
0.461963 2.5038
0.462543 2.50419
0.463149 2.50354
0.463744 2.50411
0.46436 2.50382
0.464976 2.50353
0.465559 2.50355
0.466161 2.50384
0.466757 2.505
0.467366 2.50411
0.467982 2.50508
0.468566 2.50319
0.469178 2.50359
0.469762 2.50608
0.470374 2.50384
0.470984 2.50507
0.471561 2.50365
0.472176 2.50399
0.472776 2.50633
0.473388 2.50468
0.473989 2.50298
0.474585 2.50327
0.475194 2.50381
0.47579 2.50293
0.476373 2.50264
0.476937 2.50456
0.477522 2.50433
0.478098 2.50432
0.478699 2.50647
0.479301 2.50399
0.479863 2.50322
0.480453 2.50568
0.481038 2.50372
0.48165 2.50408
0.482234 2.50448
0.482819 2.50461
0.483411 2.50412
0.483999 2.50318
0.484608 2.50474
0.485175 2.50391
0.485788 2.50346
0.486367 2.50411
0.487012 2.5047
0.48764 2.50503
0.488268 2.50446
0.488897 2.50636
0.48956 2.50628
0.490179 2.50301
0.490798 2.50307
0.491378 2.50333
0.491995 2.50428
0.492574 2.50273
0.493189 2.50466
0.493779 2.50427
0.494374 2.50526
0.494967 2.50476
0.49558 2.50575
0.496188 2.50638
0.496808 2.50447
0.497496 2.50608
0.498049 2.50602
0.498648 2.50501
0.499199 2.50486
0.499816 2.50569
0.500413 2.50679
0.500996 2.50687
0.501598 2.5044
0.502189 2.50783
0.502803 2.50712
0.503411 2.50714
0.503988 2.5036
0.504594 2.50461
0.505187 2.50309
0.505814 2.50802
0.506407 2.50582
0.506974 2.50435
0.507575 2.50498
0.508153 2.50441
0.508762 2.50594
0.509396 2.50398
0.509977 2.50571
0.510598 2.50696
0.511186 2.50602
0.511816 2.50489
0.512415 2.50321
0.513028 2.50416
0.513636 2.50641
0.514254 2.50583
0.514867 2.50533
0.515458 2.50598
0.516082 2.50727
0.516689 2.50578
0.517278 2.50552
0.517894 2.50438
0.518481 2.50392
0.519093 2.50551
0.519692 2.50408
0.52028 2.50405
0.520884 2.50528
0.521485 2.50583
0.522092 2.50653
0.522692 2.50476
0.523266 2.50412
0.52388 2.50512
0.524469 2.50564
0.525078 2.50293
0.525674 2.50401
0.526257 2.5063
0.526873 2.50874
0.527471 2.50628
0.528065 2.50503
0.528662 2.50464
0.529242 2.50445
0.529831 2.50539
0.530412 2.50791
0.531017 2.5057
0.531602 2.50588
0.532194 2.50661
0.532795 2.50631
0.533402 2.50572
0.533991 2.50861
0.534567 2.50576
0.535155 2.50363
0.535761 2.50566
0.536403 2.50619
0.537006 2.50542
0.537598 2.50534
0.538199 2.50773
0.538792 2.5073
0.539376 2.50465
0.539988 2.50524
0.540583 2.50491
0.541176 2.5068
0.541784 2.50709
0.542365 2.50724
0.542965 2.50532
0.543565 2.50545
0.544169 2.50803
0.544777 2.50467
0.545345 2.50754
0.545955 2.50608
0.546571 2.50605
0.547183 2.50794
0.547792 2.50444
0.548398 2.50883
0.54901 2.50629
0.549615 2.50521
0.550205 2.50514
0.550819 2.50464
0.551431 2.50477
0.552055 2.50546
0.55265 2.50722
0.553279 2.50509
0.553866 2.50453
0.554494 2.50783
0.555083 2.50588
0.555662 2.5067
0.556265 2.50697
0.556843 2.50843
0.557445 2.50388
0.558017 2.50822
0.558618 2.50695
0.5592 2.50704
0.559772 2.50424
0.560372 2.50606
0.560961 2.5043
0.561549 2.50661
0.562153 2.5085
0.562732 2.50625
0.56333 2.51029
0.563928 2.50691
0.564503 2.5063
0.565108 2.50693
0.565662 2.50428
0.566265 2.5078
0.566916 2.50736
0.567523 2.50879
0.568127 2.50582
0.5687 2.50593
0.569303 2.5087
0.569893 2.50878
0.570497 2.50619
0.571101 2.50522
0.571674 2.50548
0.572268 2.50529
0.572847 2.50912
0.573422 2.50835
0.574001 2.50707
0.574595 2.50679
0.575197 2.5057
0.5758 2.50653
0.576412 2.5069
0.57702 2.50539
0.577633 2.50772
0.578253 2.5086
0.578841 2.50765
0.579412 2.50803
0.58003 2.50915
0.580646 2.50605
0.581252 2.50858
0.581852 2.50785
0.582458 2.50808
0.583048 2.50592
0.583655 2.50729
0.584247 2.50941
0.584862 2.51145
0.58547 2.50677
0.586066 2.50831
0.586697 2.50741
0.587297 2.50769
0.5879 2.50811
0.588506 2.5084
0.589096 2.50537
0.58971 2.50778
0.59028 2.50716
0.590876 2.50998
0.591477 2.50586
0.59206 2.50576
0.592671 2.51044
0.593265 2.50615
0.593876 2.50906
0.594474 2.50717
0.595073 2.50894
0.595679 2.50555
0.596257 2.50807
0.59686 2.50689
0.597441 2.50435
0.598014 2.50706
0.598617 2.51224
0.599201 2.50662
0.59978 2.50699
0.600384 2.50687
0.600974 2.50785
0.601585 2.50744
0.602164 2.50715
0.602771 2.50829
0.603366 2.50613
0.603979 2.50654
0.604585 2.50606
0.605158 2.5073
0.605831 2.50902
0.606667 2.50574
0.00371343 2.49893
0.00428996 2.49887
0.00484093 2.49896
0.00540885 2.49891
0.00596015 2.49913
0.00649709 2.4989
0.00706487 2.49899
0.00760123 2.49886
0.00815698 2.49892
0.00871551 2.49892
0.00925951 2.49901
0.00981355 2.49887
0.0103656 2.49891
0.0109068 2.49883
0.0114645 2.49883
0.0120352 2.4991
0.0126038 2.49888
0.0131641 2.49907
0.0137088 2.49896
0.0142954 2.49928
0.0148613 2.49868
0.0154305 2.49892
0.0159783 2.49896
0.0165205 2.49872
0.0170977 2.49896
0.0176421 2.49878
0.0182104 2.49879
0.0187707 2.49894
0.0193194 2.49916
0.0198851 2.49912
0.020448 2.49872
0.0210339 2.49858
0.0215964 2.49855
0.0221799 2.49914
0.0227295 2.49932
0.0232835 2.49887
0.0238323 2.49861
0.0243929 2.49925
0.0249521 2.49885
0.0255183 2.49885
0.0260679 2.49923
0.0266322 2.49922
0.0271776 2.49919
0.0277414 2.49891
0.0283126 2.49903
0.0289024 2.49905
0.029459 2.49897
0.0300204 2.49913
0.0305913 2.49877
0.0311398 2.49873
0.0317026 2.49914
0.0322595 2.49919
0.03282 2.49889
0.0333802 2.49925
0.0339274 2.49903
0.0344754 2.49907
0.0350241 2.49886
0.0355832 2.49856
0.0361521 2.49907
0.0366971 2.49847
0.0372773 2.49913
0.0378265 2.4986
0.0384032 2.49912
0.0389712 2.49896
0.0395411 2.49892
0.0400994 2.4988
0.0406514 2.49861
0.041224 2.49909
0.0417882 2.49936
0.0423728 2.49901
0.0429319 2.49901
0.0435084 2.49869
0.0440569 2.49921
0.0446719 2.49939
0.0452262 2.4987
0.0457922 2.49891
0.0463674 2.49878
0.0469408 2.49935
0.047499 2.49927
0.0480665 2.49896
0.0486357 2.4998
0.0491953 2.49939
0.0497579 2.49881
0.0503069 2.49884
0.0508754 2.49872
0.0514318 2.49955
0.0520046 2.49909
0.0526058 2.4988
0.053199 2.49904
0.0537861 2.49892
0.0543675 2.49906
0.0549618 2.49907
0.0555646 2.49899
0.0561608 2.49896
0.0567714 2.49914
0.0573391 2.49895
0.0578957 2.4987
0.0584636 2.49867
0.0590255 2.49944
0.0595914 2.49964
0.0601617 2.49904
0.0607277 2.49903
0.0612832 2.49846
0.0618268 2.49883
0.0623705 2.49887
0.0629134 2.49893
0.0635006 2.49912
0.0640438 2.4991
0.0646246 2.49929
0.0652029 2.4993
0.0657816 2.49884
0.0663616 2.49888
0.0669408 2.49918
0.0675196 2.49932
0.068087 2.49906
0.0686823 2.49925
0.0692543 2.49908
0.069853 2.49881
0.0704604 2.49921
0.0710663 2.49907
0.0716514 2.49941
0.0722706 2.49877
0.0729173 2.49886
0.0735155 2.49865
0.0741362 2.49852
0.0747313 2.49907
0.075345 2.49905
0.0759249 2.49911
0.0765157 2.49964
0.0770852 2.49933
0.0776797 2.49904
0.078292 2.49914
0.0788857 2.49874
0.0794555 2.49937
0.0800813 2.49924
0.080716 2.49933
0.0813185 2.49866
0.0819187 2.49854
0.0825305 2.49877
0.0831531 2.49881
0.0837383 2.49901
0.0842924 2.49969
0.0849195 2.49905
0.0854926 2.49871
0.0860639 2.49927
0.0866076 2.49864
0.087172 2.49886
0.0877393 2.499
0.0883024 2.49949
0.0888534 2.49931
0.0894267 2.49897
0.0900194 2.49989
0.0906098 2.49957
0.0912013 2.49936
0.0918152 2.49937
0.0924006 2.49917
0.0929799 2.49919
0.0935718 2.4988
0.0941608 2.4991
0.0947336 2.49888
0.0953261 2.49926
0.0959271 2.49898
0.0964984 2.49872
0.09707 2.49898
0.0976587 2.49905
0.0982595 2.49952
0.0988624 2.49916
0.0994392 2.49924
0.100034 2.49891
0.100635 2.49918
0.101211 2.49899
0.101797 2.49954
0.102407 2.49927
0.102997 2.49882
0.103578 2.49857
0.104144 2.49972
0.104741 2.49868
0.105354 2.49945
0.105954 2.4999
0.10654 2.49887
0.107106 2.49957
0.107739 2.4992
0.108356 2.49892
0.108944 2.49917
0.109559 2.50013
0.110171 2.49919
0.110754 2.49947
0.11136 2.49938
0.111957 2.4991
0.11255 2.49955
0.113179 2.49883
0.113766 2.49925
0.114359 2.49939
0.114962 2.49883
0.11553 2.49951
0.116131 2.49883
0.116731 2.49952
0.117322 2.49943
0.117932 2.49932
0.118517 2.49979
0.119127 2.49927
0.119707 2.49941
0.120283 2.49961
0.120878 2.49929
0.12147 2.49921
0.12206 2.49941
0.122651 2.49926
0.12323 2.49962
0.123818 2.49953
0.124405 2.49955
0.124963 2.49934
0.125564 2.49917
0.126144 2.49933
0.126734 2.49915
0.127315 2.49957
0.127881 2.49899
0.128472 2.49974
0.12905 2.4991
0.129608 2.50007
0.130196 2.49914
0.130768 2.49912
0.13135 2.49867
0.131948 2.49928
0.13253 2.49922
0.133124 2.49969
0.133714 2.49912
0.134278 2.49979
0.134882 2.49934
0.135467 2.4994
0.136058 2.49922
0.136626 2.49914
0.13722 2.49953
0.137811 2.49936
0.138421 2.49963
0.139001 2.49959
0.13961 2.49921
0.140213 2.49944
0.140807 2.49973
0.141414 2.4996
0.14202 2.49946
0.142635 2.49928
0.143235 2.49944
0.143826 2.49955
0.144421 2.49941
0.145006 2.4994
0.145578 2.49946
0.146178 2.49931
0.146765 2.49929
0.147372 2.49925
0.147965 2.4991
0.14856 2.49966
0.149173 2.49945
0.149757 2.49948
0.150365 2.49958
0.150946 2.4994
0.151533 2.4994
0.152114 2.4995
0.152695 2.49939
0.153261 2.4995
0.153845 2.49942
0.154402 2.49945
0.154988 2.49913
0.155572 2.49936
0.156148 2.49947
0.156703 2.49935
0.157294 2.49936
0.157877 2.4993
0.158457 2.49893
0.159012 2.49998
0.15959 2.49919
0.160181 2.49926
0.160768 2.49943
0.161539 2.49978
0.162158 2.50025
0.162731 2.50001
0.163319 2.49967
0.163904 2.49978
0.164474 2.49942
0.165064 2.4996
0.165644 2.49941
0.166203 2.49982
0.166784 2.49901
0.167354 2.49938
0.167918 2.49911
0.168508 2.49958
0.169079 2.4994
0.169643 2.49958
0.170228 2.49941
0.170783 2.49957
0.17137 2.49919
0.171959 2.49961
0.172536 2.49943
0.173122 2.49895
0.17374 2.49955
0.174327 2.49999
0.174938 2.4991
0.175553 2.49939
0.176124 2.49893
0.17673 2.49969
0.177332 2.49887
0.177914 2.50048
0.178517 2.49957
0.179113 2.50052
0.179732 2.49951
0.180323 2.49969
0.180915 2.50031
0.181511 2.50001
0.182112 2.49928
0.182681 2.50042
0.183272 2.49887
0.183876 2.50041
0.18448 2.49916
0.18508 2.49975
0.185663 2.49988
0.186267 2.49968
0.186872 2.50053
0.18746 2.49996
0.188064 2.50042
0.188669 2.49975
0.189353 2.49987
0.189956 2.49945
0.190556 2.49965
0.191168 2.49973
0.191735 2.49988
0.192318 2.4997
0.192924 2.49948
0.193515 2.49957
0.194096 2.50013
0.194697 2.50044
0.195287 2.49945
0.195886 2.49941
0.196492 2.49957
0.197074 2.49961
0.197678 2.49932
0.198271 2.49953
0.198853 2.50021
0.199447 2.49979
0.200043 2.50055
0.200635 2.50016
0.20124 2.49997
0.201834 2.49946
0.202433 2.49989
0.203049 2.50024
0.203635 2.49958
0.20424 2.49973
0.204849 2.50052
0.205448 2.49964
0.20602 2.49975
0.206622 2.49976
0.207177 2.50094
0.20779 2.49951
0.208397 2.49968
0.208976 2.49959
0.209581 2.49904
0.210176 2.50006
0.210779 2.50023
0.211376 2.49968
0.211931 2.50042
0.212508 2.49945
0.213056 2.49997
0.213659 2.50017
0.214263 2.50003
0.214795 2.49972
0.215374 2.49939
0.215936 2.49987
0.216509 2.50021
0.217078 2.49959
0.217634 2.49941
0.218167 2.49922
0.21869 2.49905
0.219225 2.49929
0.219757 2.49946
0.220309 2.49991
0.220877 2.49982
0.221444 2.50122
0.221991 2.50005
0.222513 2.50003
0.223051 2.50031
0.22357 2.4999
0.224134 2.50005
0.22467 2.50021
0.225202 2.49995
0.225756 2.50013
0.226288 2.50053
0.226852 2.49968
0.22738 2.50011
0.227916 2.49963
0.228438 2.49988
0.228975 2.50026
0.229507 2.50037
0.230047 2.50059
0.230572 2.50027
0.231126 2.49982
0.231657 2.50057
0.232209 2.49921
0.232751 2.50076
0.233282 2.50082
0.233828 2.49931
0.234385 2.49971
0.234971 2.5009
0.23553 2.50112
0.236114 2.50068
0.236692 2.50034
0.237298 2.5
0.237884 2.50051
0.238428 2.49978
0.239003 2.49945
0.239568 2.50059
0.240134 2.50085
0.240691 2.50031
0.241243 2.50032
0.241815 2.5001
0.242424 2.5002
0.242999 2.50026
0.243558 2.50005
0.24412 2.49989
0.244687 2.50005
0.245246 2.50107
0.245823 2.50008
0.246378 2.49936
0.246958 2.50089
0.247522 2.49937
0.248105 2.49982
0.248698 2.49984
0.249307 2.50072
0.249898 2.50087
0.25049 2.50094
0.251103 2.50009
0.251682 2.49981
0.252296 2.50003
0.252884 2.49985
0.25347 2.50119
0.25408 2.50041
0.254687 2.50146
0.255295 2.5005
0.255891 2.50143
0.256488 2.50156
0.257079 2.50005
0.257691 2.5
0.258253 2.50021
0.258852 2.5001
0.259449 2.50012
0.260056 2.5006
0.260661 2.50003
0.261232 2.50125
0.261845 2.501
0.262418 2.50191
0.263014 2.50083
0.263596 2.50081
0.26418 2.50119
0.264762 2.50105
0.265353 2.5012
0.26591 2.50045
0.266492 2.50183
0.267059 2.50032
0.267619 2.50095
0.2682 2.50085
0.26878 2.50098
0.269323 2.5007
0.269915 2.50003
0.270529 2.50076
0.271126 2.50077
0.27172 2.50126
0.272286 2.5016
0.272874 2.50009
0.273484 2.50046
0.274052 2.50064
0.274642 2.50062
0.275241 2.49955
0.275809 2.50165
0.276386 2.50007
0.276925 2.50091
0.277497 2.50079
0.278051 2.50069
0.278615 2.50063
0.279182 2.49958
0.279728 2.50095
0.280298 2.50046
0.280858 2.49998
0.281424 2.50151
0.281992 2.50162
0.282534 2.50056
0.283109 2.50122
0.283666 2.50106
0.284236 2.50116
0.284791 2.5015
0.285353 2.50081
0.285921 2.50107
0.286486 2.50081
0.28706 2.50121
0.287665 2.50065
0.28825 2.50087
0.28886 2.50126
0.289455 2.50102
0.289999 2.50138
0.290613 2.50143
0.291193 2.50121
0.291781 2.50077
0.29239 2.50087
0.292991 2.5013
0.293589 2.50117
0.294169 2.50068
0.294757 2.50036
0.295373 2.50094
0.295945 2.50115
0.296524 2.50091
0.297091 2.50082
0.297687 2.50117
0.298296 2.50095
0.298856 2.50159
0.29943 2.5015
0.300017 2.50144
0.300621 2.50113
0.301222 2.50143
0.301799 2.50137
0.30237 2.50159
0.302971 2.50006
0.303538 2.50035
0.304116 2.50078
0.304708 2.50156
0.305311 2.5024
0.305891 2.50095
0.306512 2.50082
0.307114 2.50122
0.307722 2.50165
0.308366 2.5014
0.308949 2.50154
0.309543 2.50144
0.310137 2.50176
0.310745 2.50047
0.311335 2.50149
0.31192 2.50082
0.312518 2.50075
0.313081 2.50121
0.313643 2.50103
0.314212 2.50029
0.314766 2.50128
0.315334 2.5013
0.315891 2.50079
0.316454 2.50085
0.317026 2.5008
0.317579 2.50145
0.318156 2.50199
0.31872 2.50203
0.319281 2.50135
0.319999 2.50153
0.320553 2.50063
0.32112 2.50135
0.321696 2.50061
0.322253 2.50061
0.322828 2.50326
0.323383 2.50164
0.323975 2.50051
0.324537 2.50157
0.32509 2.50225
0.325682 2.50217
0.326255 2.50195
0.326867 2.50219
0.327461 2.5001
0.328025 2.50134
0.328639 2.50139
0.329228 2.5015
0.329773 2.50147
0.330343 2.50183
0.330897 2.50219
0.33146 2.50118
0.332063 2.50136
0.332611 2.50124
0.333174 2.50137
0.333724 2.50054
0.334306 2.50176
0.33487 2.50179
0.33545 2.50195
0.336008 2.50205
0.336557 2.50194
0.337125 2.50247
0.337684 2.50184
0.338234 2.50047
0.338776 2.50076
0.339329 2.50168
0.339879 2.50204
0.340449 2.50235
0.341019 2.50247
0.341575 2.50326
0.342199 2.50234
0.342836 2.50201
0.343413 2.50149
0.344021 2.50207
0.344633 2.50112
0.345203 2.50237
0.345793 2.50185
0.346387 2.50272
0.346974 2.5014
0.347619 2.50118
0.34819 2.50248
0.348749 2.50152
0.349313 2.50334
0.349935 2.50181
0.350487 2.50229
0.351094 2.50171
0.351718 2.5006
0.352296 2.50149
0.352923 2.5028
0.353531 2.50212
0.354138 2.50328
0.354739 2.50156
0.355364 2.50304
0.355976 2.50277
0.356577 2.50199
0.357164 2.50212
0.357777 2.50345
0.358372 2.5002
0.358951 2.50226
0.359538 2.50384
0.360123 2.50137
0.360718 2.50201
0.361343 2.50266
0.361926 2.50041
0.362508 2.50189
0.363107 2.50228
0.363715 2.50315
0.364321 2.50244
0.364933 2.50312
0.365548 2.50298
0.366165 2.50232
0.366804 2.5022
0.367419 2.50138
0.368039 2.50172
0.368677 2.50114
0.369285 2.50118
0.369896 2.50276
0.370497 2.50216
0.37108 2.50254
0.371687 2.50298
0.372315 2.50424
0.372888 2.50364
0.373482 2.50157
0.374097 2.50249
0.374702 2.50134
0.375304 2.50216
0.375896 2.50245
0.376486 2.50232
0.377083 2.50266
0.377676 2.50229
0.378271 2.50284
0.378879 2.50294
0.379519 2.50325
0.380124 2.50245
0.380728 2.50266
0.381351 2.50423
0.381965 2.50193
0.382572 2.50224
0.383188 2.50141
0.383788 2.50211
0.3844 2.50239
0.384981 2.50288
0.385586 2.50214
0.386199 2.50201
0.386791 2.50265
0.387397 2.50257
0.388012 2.5029
0.388589 2.50275
0.389191 2.50295
0.389802 2.50397
0.390429 2.50196
0.391014 2.50264
0.39159 2.5028
0.392175 2.50353
0.392782 2.50284
0.39336 2.50272
0.393972 2.50331
0.394564 2.50241
0.395141 2.50295
0.395747 2.50441
0.396342 2.50183
0.396925 2.50277
0.397527 2.50298
0.398112 2.50409
0.398687 2.50376
0.3993 2.50413
0.399886 2.50354
0.400483 2.50405
0.401085 2.5023
0.401686 2.50223
0.402307 2.50238
0.40291 2.50287
0.403502 2.50272
0.404158 2.50383
0.404759 2.50389
0.405364 2.50304
0.405969 2.5026
0.40656 2.50343
0.407158 2.50298
0.407749 2.50227
0.408341 2.503
0.408967 2.50411
0.40956 2.50327
0.410148 2.50424
0.410796 2.50339
0.411419 2.50192
0.412001 2.50387
0.412615 2.50356
0.413222 2.50269
0.413808 2.50383
0.414385 2.50292
0.415054 2.50358
0.415639 2.50295
0.416224 2.50288
0.416799 2.50308
0.417369 2.50325
0.417938 2.50497
0.418486 2.50472
0.419054 2.50378
0.419615 2.50363
0.420177 2.50429
0.420736 2.50455
0.421352 2.50473
0.42195 2.50348
0.422529 2.50392
0.423154 2.50336
0.423741 2.5031
0.424323 2.5036
0.424914 2.50472
0.425492 2.5043
0.426096 2.50301
0.426672 2.50266
0.427229 2.50324
0.427781 2.50343
0.428324 2.50542
0.428883 2.50382
0.429425 2.50442
0.429975 2.50343
0.430517 2.50312
0.431101 2.503
0.431647 2.50412
0.4322 2.505
0.432743 2.50451
0.433296 2.50453
0.43384 2.50314
0.434391 2.50288
0.434933 2.50337
0.435486 2.50368
0.436028 2.50396
0.436602 2.505
0.437198 2.50469
0.437748 2.50301
0.438299 2.50401
0.438839 2.50425
0.43939 2.50276
0.43993 2.50386
0.440484 2.50326
0.441027 2.50542
0.441577 2.50421
0.442119 2.50343
0.442672 2.50357
0.443211 2.50315
0.443767 2.50455
0.444351 2.50441
0.444949 2.50371
0.445541 2.5038
0.446152 2.50419
0.446738 2.50354
0.447315 2.50411
0.447907 2.50382
0.448496 2.50353
0.449074 2.50355
0.449665 2.50384
0.450245 2.505
0.45083 2.50411
0.451399 2.50508
0.451986 2.50319
0.452575 2.50359
0.453158 2.50608
0.453747 2.50384
0.454324 2.50507
0.454916 2.50365
0.455501 2.50399
0.456088 2.50633
0.456709 2.50468
0.457297 2.50298
0.457909 2.50327
0.458515 2.50381
0.459142 2.50293
0.459774 2.50264
0.460373 2.50456
0.460989 2.50433
0.461605 2.50432
0.462236 2.50647
0.462832 2.50399
0.463493 2.50322
0.46411 2.50568
0.464688 2.50372
0.465293 2.50408
0.465899 2.50448
0.466476 2.50461
0.46709 2.50412
0.467684 2.50318
0.468278 2.50474
0.468889 2.50391
0.469442 2.50346
0.470015 2.50411
0.47058 2.5047
0.471155 2.50503
0.471736 2.50446
0.472276 2.50636
0.472837 2.50628
0.473391 2.50301
0.473964 2.50307
0.47452 2.50333
0.475075 2.50428
0.475644 2.50273
0.476199 2.50466
0.476775 2.50427
0.477325 2.50526
0.477904 2.50476
0.478462 2.50575
0.479011 2.50638
0.479586 2.50447
0.480223 2.50608
0.480776 2.50602
0.481338 2.50501
0.48189 2.50486
0.48247 2.50569
0.483038 2.50679
0.48359 2.50687
0.484157 2.5044
0.484713 2.50783
0.485286 2.50712
0.48586 2.50714
0.486407 2.5036
0.486977 2.50461
0.48754 2.50309
0.488114 2.50802
0.48868 2.50582
0.489246 2.50435
0.489819 2.50498
0.490382 2.50441
0.49095 2.50594
0.491514 2.50398
0.492083 2.50571
0.492655 2.50696
0.493199 2.50602
0.493775 2.50489
0.494339 2.50321
0.494908 2.50416
0.495461 2.50641
0.496024 2.50583
0.496596 2.50533
0.497154 2.50598
0.497726 2.50727
0.498276 2.50578
0.498818 2.50552
0.499396 2.50438
0.499958 2.50392
0.500531 2.50551
0.501088 2.50408
0.501654 2.50405
0.502211 2.50528
0.502754 2.50583
0.503322 2.50653
0.503877 2.50476
0.504455 2.50412
0.505005 2.50512
0.50557 2.50564
0.506141 2.50293
0.506696 2.50401
0.507267 2.5063
0.507828 2.50874
0.508402 2.50628
0.50897 2.50503
0.509516 2.50464
0.510076 2.50445
0.510637 2.50539
0.511205 2.50791
0.511775 2.5057
0.512316 2.50588
0.512887 2.50661
0.513436 2.50631
0.514023 2.50572
0.514583 2.50861
0.515158 2.50576
0.515729 2.50363
0.516276 2.50566
0.516839 2.50619
0.517394 2.50542
0.51796 2.50534
0.518525 2.50773
0.519086 2.5073
0.519664 2.50465
0.520206 2.50524
0.520781 2.50491
0.521338 2.5068
0.521915 2.50709
0.522491 2.50724
0.523037 2.50532
0.5236 2.50545
0.524156 2.50803
0.524726 2.50467
0.525282 2.50754
0.525858 2.50608
0.526429 2.50605
0.526976 2.50794
0.527545 2.50444
0.52811 2.50883
0.528676 2.50629
0.529236 2.50521
0.529804 2.50514
0.53037 2.50464
0.530913 2.50477
0.531478 2.50546
0.532044 2.50722
0.532607 2.50509
0.533167 2.50453
0.533726 2.50783
0.534296 2.50588
0.534859 2.5067
0.535435 2.50697
0.53599 2.50843
0.536537 2.50388
0.5371 2.50822
0.537654 2.50695
0.538229 2.50704
0.538784 2.50424
0.539359 2.50606
0.539928 2.5043
0.540475 2.50661
0.541049 2.5085
0.541606 2.50625
0.542182 2.51029
0.542733 2.50691
0.543287 2.5063
0.543858 2.50693
0.544406 2.50428
0.544985 2.5078
0.54555 2.50736
0.546112 2.50879
0.546666 2.50582
0.547207 2.50593
0.547772 2.5087
0.548335 2.50878
0.548904 2.50619
0.549462 2.50522
0.550036 2.50548
0.550615 2.50529
0.551154 2.50912
0.551726 2.50835
0.552284 2.50707
0.552849 2.50679
0.553398 2.5057
0.553968 2.50653
0.554524 2.5069
0.555074 2.50539
0.555644 2.50772
0.556193 2.5086
0.556766 2.50765
0.557323 2.50803
0.557898 2.50915
0.558469 2.50605
0.559012 2.50858
0.559581 2.50785
0.560134 2.50808
0.560704 2.50592
0.561262 2.50729
0.561833 2.50941
0.56239 2.51145
0.562954 2.50677
0.563527 2.50831
0.564077 2.50741
0.564648 2.50769
0.56521 2.50811
0.565777 2.5084
0.566336 2.50537
0.566899 2.50778
0.567462 2.50716
0.568015 2.50998
0.568585 2.50586
0.569148 2.50576
0.569718 2.51044
0.57029 2.50615
0.570831 2.50906
0.571399 2.50717
0.571968 2.50894
0.572536 2.50555
0.57309 2.50807
0.57367 2.50689
0.574259 2.50435
0.574817 2.50706
0.575391 2.51224
0.575957 2.50662
0.576514 2.50699
0.577086 2.50687
0.577647 2.50785
0.578218 2.50744
0.578794 2.50715
0.579339 2.50829
0.579907 2.50613
0.580464 2.50654
0.581041 2.50606
0.581602 2.5073
0.582182 2.50902
0.582959 2.50574
0.00852089 2.49653
0.00930278 2.49707
0.0100439 2.49873
0.010783 2.49781
0.011513 2.49795
0.0122458 2.49732
0.0129851 2.50032
0.0137159 2.49991
0.0144534 2.50015
0.0151644 2.49704
0.0159628 2.49688
0.0166759 2.50228
0.0173899 2.499
0.0181061 2.5002
0.0188188 2.4992
0.0195339 2.49759
0.0202254 2.5007
0.0209197 2.49929
0.0216122 2.50013
0.0223109 2.51178
0.0230127 3.35625
0.0238858 -nan
0.0246258 -nan
0.0253066 nan
0.0259916 nan
0.0266752 nan
0.0273567 nan
0.0280377 nan
0.0287258 nan
0.0294042 nan
0.0300815 nan
0.0307432 nan
0.0314097 nan
0.0320781 nan
0.0327373 nan
0.0334022 nan
0.0340658 nan
0.0347394 nan
0.0354057 nan
0.0360691 nan
0.0367226 nan
0.0373853 nan
0.0382137 nan
0.0389216 nan
0.0396024 nan
0.0402778 nan
0.0409423 nan
0.0417003 nan
0.0423728 nan
0.0430368 nan
0.0437034 nan
0.0443614 nan
0.0450259 nan
0.0456829 nan
0.0463497 nan
0.0470116 nan
0.0476745 nan
0.0483272 nan
0.0489952 nan
0.0496595 nan
0.0503228 nan
0.0509816 nan
0.0516476 nan
0.0524329 nan
0.0531042 nan
0.0537777 nan
0.0544379 nan
0.0551081 nan
0.0557904 nan
0.0564631 nan
0.0571666 nan
0.0578681 nan
0.0585818 nan
0.0592998 nan
0.0600341 nan
0.060753 nan
0.0614686 nan
0.0622012 nan
0.0631626 nan
0.00853063 nan
0.00930859 nan
0.0100454 nan
0.01078 nan
0.0115134 nan
0.0122413 nan
0.012974 nan
0.0136887 nan
0.0144005 nan
0.015116 nan
0.0158261 nan
0.0165381 nan
0.0173005 nan
0.0179856 nan
0.0186753 nan
0.0194039 nan
0.0200972 nan
0.0207855 nan
0.0214782 nan
0.0221735 nan
0.0228631 nan
0.0237167 nan
0.024416 nan
0.025097 nan
0.0257803 nan
0.0264538 nan
0.0271371 nan
0.0278135 nan
0.0284719 nan
0.0291628 nan
0.0298245 nan
0.0304835 nan
0.0311463 nan
0.0318031 nan
0.0324613 nan
0.0331569 nan
0.0338182 nan
0.0344693 nan
0.0351239 nan
0.0357741 nan
0.0364248 nan
0.03707 nan
0.037931 nan
0.0386274 nan
0.0392789 nan
0.0399782 nan
0.040623 nan
0.0413152 nan
0.0419932 nan
0.0426401 nan
0.0432952 nan
0.0439483 nan
0.0445965 nan
0.0452655 nan
0.0459208 nan
0.0465964 nan
0.0472446 nan
0.0478888 nan
0.048538 nan
0.049208 nan
0.049855 nan
0.0504988 nan
0.0511498 nan
0.0519261 nan
0.0525905 nan
0.0532487 nan
0.0539019 nan
0.0545554 nan
0.0552187 nan
0.0558826 nan
0.056538 nan
0.0571994 nan
0.0578533 nan
0.0585099 nan
0.0591604 nan
0.0598179 nan
0.06047 nan
0.0611272 nan
0.0620241 nan
