0.000299852 2.22067
0.00056889 2.27904
0.000854125 2.22931
0.00111566 2.30451
0.00137363 2.2415
0.00159921 2.25003
0.00182203 2.19994
0.00203062 2.17898
0.00223684 2.28201
0.00241778 2.24549
0.00269472 2.20406
0.00293689 2.15564
0.00327506 2.23125
0.00358084 2.30393
0.00386884 2.31827
0.00413037 2.25156
0.00432672 2.24218
0.00457008 2.27053
0.00481659 2.27518
0.00516109 2.2721
0.00542696 2.16475
0.00568257 2.26361
0.00600928 2.2622
0.0062001 2.28332
0.00646321 2.27995
0.00664336 2.22891
0.00685116 2.2779
0.00705304 2.24814
0.00727032 2.25903
0.00753857 2.2019
0.0078641 2.29811
0.00812761 2.26781
0.0084883 2.25091
0.00876879 2.27622
0.00908405 2.27531
0.00940721 2.18288
0.0096964 2.21795
0.0170611 2.14455
0.0173543 2.19144
0.0176095 2.26676
0.0179725 2.25545
0.01824 2.18183
0.0185636 2.28441
0.0189045 2.31383
0.019155 2.21698
0.0194722 2.22167
0.0196919 2.26147
0.0199542 2.17627
0.0203034 2.29706
0.0205969 2.27178
0.0208391 2.23881
0.0212038 2.17914
0.0215301 2.17655
0.021937 2.23161
0.0222333 2.29626
0.0225071 2.12677
0.0227623 2.2866
0.0229725 2.2516
0.0232869 2.22758
0.0235437 2.27988
0.0238135 2.22946
0.0241778 2.28113
0.0244788 2.25714
0.0248814 2.17283
0.0252271 2.24025
0.0255893 2.22933
0.0259255 2.19015
0.0261922 2.21403
0.0266201 2.22471
0.0268942 2.22131
0.0273675 2.2821
0.027759 2.12964
0.0280917 2.26747
0.0284413 2.23791
0.0291192 2.21043
0.0294827 2.26178
0.0297928 2.25678
0.0301732 2.23643
0.0305185 2.24124
0.0308488 2.15085
0.0312695 2.30052
0.0315271 2.24456
0.0318001 2.16359
0.0321343 2.19651
0.0324994 2.29561
0.0327909 2.2313
0.0330394 2.23919
0.0334384 2.22985
0.0337015 2.18983
0.0339907 2.18857
0.0342803 2.23293
0.0345201 2.21327
0.0347508 2.25106
0.0351668 2.17063
0.0354552 2.2191
0.0358108 2.2099
0.0360652 2.11806
0.0363409 2.26429
0.0366839 2.26754
0.0370453 2.143
0.0373096 2.19795
0.0376202 2.20309
0.0379773 2.1993
0.0382317 2.33635
0.0384759 2.13973
0.0387568 2.19975
0.0391514 2.21971
0.0394382 2.22459
0.0396958 2.07802
0.0400202 2.2301
0.0402315 2.25855
0.0404543 2.24489
0.0408131 2.19568
0.0411062 2.26253
0.0413973 2.28465
0.0416688 2.04628
0.0419184 2.24557
0.0422432 2.18831
0.0425588 2.16629
0.0427955 2.16735
0.0431167 2.20064
0.0433904 2.19535
0.0436891 2.17288
0.0440158 2.16596
0.0443315 2.24254
0.0446669 2.14329
0.0449632 2.30872
0.0452298 2.17129
0.0454606 2.19187
0.0457422 2.22185
0.0460468 2.19714
0.0464814 2.24437
0.0468595 2.14116
0.0471076 2.15851
0.0474793 2.17678
0.0477582 2.185
0.0480344 2.27666
0.0483212 2.22725
0.0485713 2.23211
0.0488316 2.14807
0.0491481 2.25351
0.0493946 2.1231
0.0497367 2.20444
0.050048 2.25012
0.0503609 2.23586
0.0506967 2.20806
0.0510491 2.19989
0.051296 2.2214
0.05162 2.19801
0.0518586 2.18728
0.0521679 2.15965
0.0524275 2.21069
0.0527328 2.14626
0.0530058 2.24032
0.0532334 2.19293
0.053534 2.21957
0.0538189 2.148
0.0540646 2.22005
0.0543388 2.19071
0.054577 2.25696
0.0548397 2.13832
0.0551222 2.23975
0.055439 2.1329
0.0557156 2.17852
0.0559656 2.19681
0.0562078 2.19886
0.0564666 2.16844
0.0567463 2.16937
0.0570619 2.15038
0.0573796 2.11137
0.0577158 2.05749
0.0579852 2.12197
0.0582096 2.12163
0.0585975 2.12386
0.0588662 2.20218
0.0591285 2.22221
0.0593438 2.06072
0.0596002 2.21975
0.0598479 2.16649
0.0601118 2.1557
0.0603299 2.19087
0.0605634 2.20107
0.0608952 2.20941
0.0612117 2.09427
0.0615222 2.10386
0.0618726 2.18189
0.0621183 2.17115
0.0623846 2.1832
0.0627429 2.16679
0.0630503 2.07409
0.0632964 2.13324
0.0635485 2.15605
0.063823 2.15803
0.0641458 2.10685
0.0644836 2.18215
0.0646843 2.09552
0.0649256 2.14513
0.0653839 2.23545
0.065696 2.08977
0.0659607 2.12594
0.066195 2.1602
0.0663953 2.17693
0.0666884 2.11274
0.0668994 2.15965
0.0671909 2.17251
0.0674979 2.09754
0.0678009 2.1441
0.0681138 2.0851
0.0684172 2.09587
0.0687143 2.1778
0.0690623 2.04719
0.0693511 2.16776
0.0695498 2.13343
0.0697414 2.15403
0.0700437 2.06176
0.0703218 1.98833
0.0707406 2.00953
0.0709618 2.11794
0.0711779 2.13853
0.0714501 2.08438
0.0717567 2.05934
0.0720636 2.21353
0.0723544 2.00374
0.0726452 2.03103
0.0729561 2.11897
0.073252 2.06849
0.0735439 2.17002
0.0738363 2.16316
0.0741029 2.12544
0.0743842 2.00136
0.0747955 2.14177
0.0750827 2.12713
0.0753193 2.04904
0.0756295 2.06041
0.0759423 2.11846
0.0762035 2.11196
0.0765104 2.11147
0.0768656 2.16809
0.0772176 2.1579
0.0774756 2.07288
0.0777339 2.09244
0.077971 1.99193
0.0782373 2.09771
0.0785509 2.09381
0.0788097 1.97706
0.0790578 2.08837
0.0794386 2.11741
0.0796883 2.16471
0.0800269 2.03463
0.0803698 1.96366
0.0806452 2.13138
0.0808909 2.07008
0.0811279 2.0265
0.0813966 1.96777
0.0816881 2.04239
0.0819757 2.19304
0.0822274 2.02134
0.082511 2.05105
0.0827259 1.90416
0.0830321 2.08448
0.0832537 2.03718
0.083454 2.03128
0.0837701 1.95238
0.0841059 2.04756
0.0844156 2.08161
0.084676 1.92601
0.0849806 2.02596
0.0852512 2.1687
0.0855182 2.06049
0.0857675 2.10094
0.0861946 1.96994
0.0864103 2.03834
0.0866655 2.10699
0.0870218 2.0259
0.0873912 2.02595
0.0877247 1.96487
0.0880241 2.09744
0.0883165 2.03463
0.0885875 1.99417
0.0889 1.99622
0.0892042 2.03171
0.0894712 2.00353
0.0898714 1.963
0.0901614 1.98152
0.0904506 2.0231
0.0907789 1.96302
0.0910957 2.06713
0.0913407 1.67694
0.091614 1.97687
0.0919309 1.81293
0.0921466 2.05545
0.0924599 1.97961
0.0927581 2.08852
0.0930031 1.8476
0.0934475 2.10996
0.0938054 2.11093
0.0940215 1.9628
0.0944063 1.95909
0.0946864 1.94325
0.0949851 1.9675
0.0953146 2.09525
0.0956354 1.87502
0.0959447 1.9924
0.0962177 2.04114
0.0964413 1.9907
0.0967048 2.02996
0.0969387 2.07586
0.097363 2.06074
0.0976352 2.02727
0.0979876 1.96413
0.0982428 1.90803
0.0985126 1.92999
0.0988444 1.97849
0.0992237 1.88106
0.0995196 1.95263
0.0998313 1.94731
0.10012 1.98588
0.100484 1.98728
0.100789 2.06748
0.101091 1.87744
0.101475 2.01304
0.1018 1.9644
0.102071 1.9974
0.102359 1.85171
0.102593 1.79733
0.102923 1.83391
0.103302 1.9235
0.103642 2.01408
0.103954 1.89058
0.104319 1.94984
0.104586 1.94352
0.104864 1.92218
0.105272 1.90158
0.105596 1.88902
0.105846 1.76276
0.106195 2.05009
0.106424 2.04524
0.106671 1.80508
0.106962 2.02806
0.107211 1.7812
0.107537 1.93853
0.107837 1.87872
0.108176 1.83509
0.108647 1.89498
0.108971 1.87615
0.10946 1.84712
0.109807 1.82957
0.110263 1.77793
0.110537 1.97602
0.110833 1.81303
0.111138 1.94424
0.111461 1.71825
0.111798 1.9979
0.112144 1.97737
0.112427 1.69972
0.112686 1.94935
0.113001 1.62008
0.11329 2.03745
0.113675 1.90085
0.114028 1.80984
0.114367 1.61256
0.114658 1.77292
0.114944 1.81343
0.115309 2.00353
0.115643 1.91731
0.115945 1.83684
0.116337 1.83116
0.116812 1.8119
0.117099 1.94055
0.117375 1.85746
0.117594 1.67372
0.117833 1.87471
0.118139 1.74848
0.118398 1.74271
0.118835 1.94043
0.119272 1.83488
0.119547 1.90841
0.11976 1.54629
0.120073 1.66798
0.12028 1.88576
0.120587 1.77922
0.120856 1.89684
0.121094 1.75391
0.121342 1.89258
0.121702 1.7161
0.122014 1.72207
0.122324 1.88962
0.122638 1.86632
0.122869 1.54786
0.123166 1.60815
0.123517 1.71229
0.12385 1.76635
0.124153 1.84004
0.124423 1.69787
0.124634 1.76882
0.12489 1.63427
0.125107 1.69941
0.125372 1.94362
0.125692 1.8794
0.12605 1.64998
0.126297 1.65366
0.126571 1.66664
0.126884 1.58548
0.127183 1.78164
0.1274 1.59807
0.127684 1.83198
0.127907 1.75686
0.12814 1.7154
0.128343 1.65555
0.128569 1.68527
0.128912 1.69997
0.12914 1.77256
0.129494 1.44746
0.129807 1.75466
0.130012 1.82557
0.130355 1.72889
0.130686 1.5535
0.131062 1.84448
0.131498 1.74803
0.13206 1.49834
0.132328 1.60858
0.132678 1.665
0.133135 1.5865
0.133566 1.47952
0.133885 1.61764
0.134231 1.69937
0.134508 1.66206
0.134847 1.76322
0.135163 1.40504
0.135417 1.60056
0.135811 1.87394
0.136093 1.50766
0.13645 1.84379
0.136716 1.47404
0.13699 1.46108
0.137308 1.4637
0.137581 1.58583
0.13784 1.7705
0.138138 1.72588
0.138362 1.54429
0.138879 1.64158
0.139119 1.82182
0.139356 1.71466
0.139682 1.53309
0.140032 1.70629
0.140492 1.64095
0.140694 1.70325
0.1409 1.55899
0.141198 1.63257
0.141408 1.4972
0.141669 1.48484
0.141936 1.52814
0.14221 1.60951
0.142568 1.30991
0.14299 1.60159
0.143249 1.35101
0.143688 1.33072
0.14403 1.56064
0.144303 1.42012
0.144512 1.63232
0.144755 1.54963
0.145058 1.68427
0.145246 1.48986
0.145506 1.66648
0.145804 1.57713
0.146041 1.28309
0.146277 1.68557
0.1465