0.000935507 2.29594
0.00139062 2.29816
0.00173037 2.29462
0.00223447 2.29305
0.00264692 2.29914
0.00305739 2.30075
0.00346075 2.29937
0.00387043 2.28485
0.0042888 2.29364
0.0047127 2.28242
0.00513344 2.29988
0.00554944 2.29839
0.00594489 2.29524
0.00633522 2.29612
0.00674094 2.29264
0.00713956 2.29554
0.00755122 2.29135
0.00797512 2.28503
0.00841443 2.29095
0.00884228 2.28716
0.00925156 2.29389
0.00960633 2.28398
0.00994806 2.2779
0.0102866 2.29897
0.0106386 2.29344
0.011023 2.29009
0.0114268 2.28705
0.0117973 2.28985
0.0121873 2.29242
0.0125357 2.28343
0.0129418 2.28088
0.01331 2.28789
0.013732 2.28506
0.0142088 2.27941
0.0145727 2.28153
0.0150112 2.28053
0.0154939 2.29147
0.015936 2.27737
0.0162702 2.2718
0.0167826 2.27901
0.017235 2.27713
0.0176929 2.27324
0.0181835 2.28566
0.0186043 2.27816
0.0190736 2.28008
0.0194169 2.28156
0.0198294 2.27643
0.0202829 2.26692
0.0207313 2.28405
0.0211963 2.28086
0.0215645 2.28062
0.0219046 2.27214
0.0223455 2.27873
0.0228085 2.28374
0.023396 2.27487
0.0238183 2.28218
0.024224 2.28281
0.0246902 2.28093
0.025118 2.28146
0.0256052 2.26617
0.0259544 2.26969
0.0263791 2.26939
0.0267939 2.2785
0.0271242 2.2526
0.0275153 2.27287
0.0279917 2.27611
0.0283587 2.26237
0.0288186 2.27136
0.0292306 2.27536
0.0296364 2.27249
0.0299907 2.26185
0.0304131 2.27745
0.0307911 2.26355
0.0314118 2.27491
0.0318219 2.26599
0.0322015 2.25432
0.0326637 2.26962
0.0330134 2.26051
0.0334657 2.26436
0.0338367 2.26852
0.0341666 2.25112
0.0345762 2.27161
0.0350041 2.26887
0.0354928 2.2697
0.0359064 2.26573
0.0362738 2.26404
0.036787 2.24531
0.0373132 2.2592
0.0377257 2.2551
0.0381436 2.26964
0.0385984 2.26175
0.038967 2.2668
0.0393229 2.26787
0.0396733 2.26034
0.0400581 2.24991
0.0404927 2.25931
0.0409565 2.25147
0.0413203 2.26275
0.0416972 2.26319
0.042069 2.25554
0.0426782 2.26264
0.0430922 2.26347
0.0436563 2.25253
0.0442837 2.2493
0.0447179 2.25682
0.0450572 2.24756
0.045431 2.24425
0.0457968 2.25591
0.0461401 2.25559
0.0465012 2.25267
0.0468627 2.25762
0.0472226 2.24309
0.0476066 2.25867
0.0480158 2.25452
0.0484469 2.26916
0.0488609 2.25389
0.0492291 2.24208
0.0496178 2.24593
0.0501527 2.24806
0.0505213 2.2419
0.0510132 2.2519
0.0514592 2.23685
0.0517733 2.25324
0.0521996 2.25094
0.0525705 2.23284
0.0528921 2.25318
0.0531979 2.23249
0.0537079 2.2346
0.0540635 2.24412
0.0546063 2.24494
0.0549508 2.23589
0.0552933 2.24889
0.0556251 2.23703
0.0562252 2.22655
0.0567037 2.24172
0.0570671 2.22976
0.057425 2.235
0.0578181 2.24714
0.0581551 2.24
0.0585846 2.23884
0.0589294 2.23093
0.0595197 2.23818
0.0600376 2.228
0.0603805 2.23967
0.0607586 2.23507
0.0611817 2.23569
0.0615799 2.22922
0.0619418 2.22634
0.0623578 2.22924
0.0627141 2.23481
0.0631404 2.22143
0.0635758 2.22461
0.0640206 2.22178
0.0644263 2.21899
0.0648542 2.20687
0.0652421 2.22657
0.0656091 2.22844
0.0661606 2.22214
0.0665044 2.2183
0.0669409 2.20856
0.0674489 2.22725
0.0678401 2.20182
0.0682122 2.2205
0.0686839 2.21191
0.0690671 2.22295
0.0694839 2.21037
0.0699169 2.20876
0.0703625 2.21278
0.0706889 2.20511
0.0710381 2.2181
0.0713956 2.20459
0.0718041 2.16755
0.0722126 2.22536
0.0726128 2.20346
0.0731054 2.2119
0.0735179 2.20754
0.0738391 2.21537
0.0742468 2.1922
0.0746245 2.19679
0.0750187 2.19491
0.0754478 2.20308
0.0758436 2.19548
0.0761766 2.18869
0.0765437 2.20757
0.0769257 2.21066
0.0773377 2.2089
0.0777735 2.19106
0.0782728 2.20112
0.0788646 2.18016
0.079206 2.21315
0.0796078 2.179
0.080145 2.19444
0.0806061 2.19593
0.0809759 2.20446
0.0814559 2.19527
0.0817577 2.17035
0.082182 2.18443
0.0826545 2.18281
0.0830108 2.1605
0.0833557 2.17573
0.0837125 2.17785
0.0842312 2.16927
0.0847823 2.18326
0.0852623 2.16496
0.0856182 2.17909
0.0860805 2.18987
0.0865364 2.17949
0.0870768 2.18503
0.0875623 2.18259
0.0879629 2.17754
0.0883928 2.159
0.0888151 2.16941
0.0891912 2.16526
0.0897237 2.16737
0.0901109 2.16586
0.0906304 2.15337
0.0909457 2.17274
0.0913277 2.15712
0.0917338 2.14266
0.0921336 2.13528
0.0926156 2.14057
0.0930826 2.14542
0.093734 2.14838
0.0940469 2.14501
0.0945075 2.15875
0.094922 2.12145
0.0953486 2.16227
0.0959207 2.17912
0.0963545 2.14118
0.0971339 2.11446
0.0976929 2.11299
0.0981382 2.14454
0.0985842 2.17792
0.0989374 2.16625
0.0993399 2.16367
0.0998049 2.15016
0.100249 2.1355
0.100737 2.1268
0.101243 2.15168
0.101627 2.15908
0.102047 2.14771
0.102468 2.13195
0.10286 2.14296
0.103224 2.10928
0.103641 2.15898
0.104081 2.13738
0.104442 2.14678
0.104867 2.15826
0.105416 2.12506
0.105925 2.12339
0.106438 2.13509
0.106862 2.14167
0.10718 2.13912
0.107527 2.13526
0.107933 2.10766
0.108248 2.13162
0.108577 2.08951
0.108961 2.09938
0.109421 2.10924
0.109828 2.1062
0.11018 2.09513
0.110597 2.0903
0.110893 2.10382
0.111321 2.10543
0.111662 2.07607
0.111998 2.08974
0.112587 2.10276
0.112918 2.0766
0.113264 2.08522
0.113891 2.09241
0.11421 2.07855
0.114567 2.09776
0.114886 2.11835
0.115202 2.08611
0.115645 2.12313
0.115948 2.10259
0.116386 2.05453
0.116792 2.07581
0.117167 2.0619
0.117474 2.04487
0.117927 2.09611
0.118376 2.10843
0.118748 2.0642
0.119284 2.04163
0.119794 2.05747
0.12039 2.05801
0.120901 2.03976
0.121337 2.04671
0.121765 2.05728
0.122709 2.04947
0.123291 2.03684
0.123891 2.07102
0.124314 2.07603
0.124703 2.07371
0.125137 2.02999
0.125686 2.06835
0.126079 2.02755
0.126588 2.03926
0.1272 2.02551
0.127667 2.0671
0.128221 1.98611
0.128712 2.06249
0.1293 1.9931
0.129937 2.01042
0.130506 2.0018
0.131123 1.97658
0.131541 1.99471
0.131898 2.04314
0.132424 2.02504
0.132894 2.00064
0.133425 2.05535
0.133843 2.01094
0.134315 1.99275
0.134835 1.97267
0.135359 1.98213
0.135893 1.9745
0.136469 2.01117
0.136908 2.01988
0.137344 1.99203
0.137808 1.95778
0.138319 2.00045
0.138879 2.00696
0.139223 2.00865
0.139697 2.00166
0.140121 2.03709
0.140449 1.98342
0.141017 2.0051
0.141542 1.9784
0.141922 1.92934
0.142282 2.00295
0.142763 1.99662
0.143259 1.98361
0.143656 1.96232
0.144124 1.96499
0.14456 1.90921
0.145296 1.9855
0.145715 2.01875
0.146243 1.95655
0.146581 1.91521
0.147046 1.94401
0.1474 1.94509
0.147896 1.95859
0.148376 1.98334
0.148727 1.96979
0.149301 1.96055
0.149806 1.97247
0.150312 1.96967
0.151106 1.92175
0.151536 1.89982
0.151952 1.93286
0.152386 1.95094
0.15281 1.93227
0.153247 1.93253
0.153625 1.89676
0.154054 1.91657
0.154525 1.92108
0.154973 1.9024
0.155554 1.92278
0.156094 1.96885
0.156607 1.92877
0.157177 1.89868
0.157716 1.92844
0.158206 1.92259
0.158702 1.8864
0.159223 1.89831
0.159583 1.88111
0.160084 1.83045
0.160707 1.87975
0.161165 1.85964
0.161696 1.93962
0.162311 1.85083
0.162838 1.89671
0.163349 1.84664
0.16373 1.81996
0.164196 1.87683
0.16474 1.83778
0.165072 1.79717
0.165596 1.83423
0.166117 1.82301
0.166581 1.82643
0.166935 1.81591
0.167423 1.83462
0.167867 1.9306
0.168333 1.90353
0.168804 1.86889
0.169297 1.75658
0.169766 1.89966
0.170289 1.9215
0.170909 1.87013
0.171296 1.86557
0.171714 1.86211
0.172202 1.80269
0.172682 1.83821
0.173141 1.89629
0.173623 1.81297
0.174194 1.82191
0.174687 1.86426
0.175194 1.78344
0.17563 1.73267
0.176125 1.81785
0.176552 1.80399
0.176957 1.79798
0.177354 1.75146
0.17784 1.79343
0.178295 1.79948
0.178844 1.81086
0.179165 1.79742
0.179609 1.86289
0.180191 1.80739
0.180974 1.73038
0.181416 1.70746
0.18186 1.76086
0.182369 1.84904
0.182758 1.83007
0.183258 1.74893
0.183689 1.77816
0.184261 1.71239
0.184825 1.72193
0.18517 1.78366
0.185802 1.81323
0.186251 1.73655
0.186697 1.77437
0.187212 1.81503
0.187618 1.77222
0.187947 1.73089
0.188329 1.69929
0.188856 1.68938
0.18942 1.69516
0.189899 1.74178
0.190407 1.7552
0.19076 1.67649
0.191171 1.68779
0.191686 1.6794
0.192199 1.75537
0.192685 1.63449
0.193139 1.65038
0.193619 1.67138
0.194003 1.69457
0.194553 1.69488
0.195033 1.75954
0.195509 1.69595
0.196193 1.6901
0.196526 1.69682
0.196981 1.61913
0.197428 1.67001
0.19789 1.70964
0.198436 1.67864
0.198852 1.73811
0.199346 1.63957
0.199967 1.69621
0.200449 1.66932
0.200872 1.69339
0.201287 1.67223
0.201823 1.64707
0.202223 1.61502
0.202581 1.66238
0.203135 1.57961
0.203495 1.64791
0.204051 1.67705
0.204577 1.6809
0.205129 1.52543
0.205651 1.54248
0.206332 1.50837
0.206762 1.66022
0.207428 1.53104
0.207903 1.58197
0.208293 1.64494
0.208695 1.50886
0.209155 1.71672
0.209633 1.54232
0.210228 1.62682
0.210797 1.56871
0.211321 1.60812
0.21176 1.69333
0.212215 1.60986
0.212643 1.62222
0.212991 1.65463
0.213441 1.68457
0.213925 1.59484
0.214332 1.60019
0.214902 1.65104
0.215258 1.63028
0.215716 1.51827
0.216201 1.55857
0.216671 1.57462
0.217059 1.48469
0.21753 1.56283
0.218002 1.58601
0.218349 1.56491
0.218783 1.53271
0.219371 1.54869
0.219883 1.4856
0.220238 1.60312
0.220667 1.60533
0.221139 1.5778
0.221602 1.56429
0.222103 1.5716
0.222536 1.53656
0.222976 1.53406
0.223562 1.49777
0.224083 1.53982
0.224699 1.51711
0.225219 1.5051
0.225791 1.56706
0.226226 1.41436
0.22674 1.52951
0.227164 1.56502
0.22782 1.45256
0.228381 1.50317
0.228932 1.49152
0.229354 1.49441
0.229895 1.46396
0.230424 1.4841
0.230965 1.51043
0.231415 1.54903
0.231905 1.46838
0.232284 1.36045
0.232731 1.48143
0.233164 1.45066
0.233611 1.50859
0.234061 1.37705
0.234401 1.49802
0.23485 1.59342
0.235321 1.44578
0.235748 1.53002
0.236151 1.64123
0.236715 1.58846
0.237237 1.54412
0.237721 1.50033
0.238051 1.53361
0.238529 1.45771
0.238999 1.461
0.239413 1.38365
0.239915 1.53354
0.240293 1.49974
0.24069 1.35916
0.241181 1.46519
0.241574 1.52594
0.242047 1.52993
0.242423 1.32164
0.242906 1.47477
0.243392 1.45359
0.243789 1.4552
0.244183 1.4714
0.244596 1.36751
0.245012 1.46105
0.245465 1.37476
0.246151 1.43022
0.246874 1.40542
0.247432 1.31039
0.247864 1.37823
0.248216 1.3912
0.248621 1.42789
0.249113 1.40004
0.249606 1.40943
0.250031 1.31249
0.250452 1.42325
0.25107 1.35013
0.251653 1.38208
0.252121 1.4708
0.252795 1.48148
0.253171 1.43225
0.253687 1.41945
0.254339 1.35478
0.254827 1.41016
0.255199 1.42709
0.255574 1.42527
0.256052 1.45074
0.256584 1.40676
0.257042 1.42157
0.2574 1.46611
0.257725 1.4419
0.258078 1.36099
0.258601 1.43641
0.259037 1.30198
0.259474 1.38126
0.259981 1.42435
0.260466 1.40245
0.260963 1.44236
0.261384 1.36353
0.261924 1.40734
0.262326 1.44635
0.262709 1.43073
0.263129 1.54113
0.263515 1.5117
0.264015 1.3318
0.264424 1.32936
0.264951 1.4102
0.265424 1.32547
0.265886 1.38373
0.26651 1.29535
0.267041 1.3935
0.26749 1.46969
0.268039 1.36762
0.268472 1.47845
0.268909 1.32581
0.269318 1.30198
0.269812 1.30767
0.270207 1.30285
0.270708 1.36488
0.271111 1.4722
0.27147 1.40402
0.272143 1.32077
0.272536 1.41272
0.273061 1.32338
0.273515 1.32803
0.273897 1.46194
0.274332 1.48167
0.274972 1.39438
0.275415 1.31249
0.275762 1.26985
0.276161 1.27411
0.276637 1.40029
0.277055 1.35243
0.277632 1.3639
0.278242 1.31116
0.278802 1.26654
0.279386 1.34408
0.279858 1.3628
0.280284 1.26814
0.280843 1.26531
0.281245 1.24427
0.281729 1.19537
0.282277 1.20265
0.28271 1.32987
0.283101 1.38315
0.283553 1.31858
0.284159 1.27935
0.284648 1.20983
0.285127 1.28092
0.285601 1.23639
0.286068 1.31039
0.286517 1.33221
0.287 1.29804
0.287444 1.21912
0.287924 1.22783
0.288552 1.26735
0.289035 1.30013
0.289464 1.29302
0.289852 1.14968
0.290326 1.08225
0.290805 1.37798
0.291217 1.3063
0.291671 1.25751
0.292286 1.35467
0.292782 1.37101
0.293328 1.23183
0.29376 1.22208
0.294187 1.17832
0.294755 1.27541
0.295237 1.20462
0.295684 1.18453
0.296126 1.24382
0.296616 1.30264
0.297078 1.29877
0.297596 1.26351
0.298256 1.25973
0.298752 1.16418
0.299206 1.34932
0.299549 1.20467
0.299912 1.25427
0.300464 1.27964
0.301012 1.34861
0.3015 1.28316
0.302038 1.17685
0.302578 1.19562
0.303015 1.2348
0.303471 1.088
0.304107 1.15718
0.304692 1.17104
0.305193 1.21325
0.305588 1.22509
0.306141 1.13672
0.306642 1.1968
0.30715 1.24719
0.307631 1.31839
0.3082 1.28542
0.308885 1.2962
0.309405 1.23821
0.309953 1.17545
0.310347 1.19791
0.310685 1.27899
0.311181 1.21656
0.311621 1.25721
0.311986 1.1628
0.312506 1.24395
0.312995 1.20096
0.313492 1.09412
0.313974 1.10159
0.314446 1.17045
0.314952 1.22289
0.315429 1.17081
0.31601 1.20916
0.316597 1.18163
0.317104 1.10554
0.317486 1.21732
0.31792 1.34784
0.318356 1.17975
0.318902 1.10229
0.31955 1.09189
0.319931 1.20458
0.320488 1.31467
0.321051 1.32137
0.321562 1.27914
0.321934 1.35608
0.322346 1.15223
0.322782 1.15628
0.323147 1.29621
0.323587 1.295
0.323988 1.22343
0.324499 1.18122
0.324971 1.22637
0.325443 1.15184
0.325862 1.3468
0.326525 1.23788
0.327101 1.20689
0.327468 1.3387
0.327898 1.18051
0.328436 1.1748
0.328985 1.19208
0.329333 1.27954
0.329985 1.30005
0.330458 1.31732
0.330947 1.13919
0.331499 1.18707
0.331918 1.10377
0.332348 1.09751
0.332825 1.20408
0.333137 1.16546
0.333629 1.1698
0.33413 1.15815
0.334601 1.14053
0.335114 1.12469
0.335668 1.00396
0.336099 1.1016
0.336611 1.16187
0.33705 1.04723
0.337463 1.13988
0.338053 1.17791
0.33864 1.13043
0.339093 1.19125
0.33964 1.23063
0.340088 1.1162
0.340678 1.2077
0.341096 1.15006
0.341569 1.08958
0.342008 1.10494
0.342321 1.16889
0.34268 1.04513
0.343199 1.16431
0.343671 1.23954
0.344187 1.09451
0.344603 1.0305
0.345072 1.12048
0.345636 1.09463
0.346072 1.01807
0.346384 1.12654
0.346804 1.09882
0.347298 1.11668
0.347754 1.05086
0.348206 1.18666
0.348611 1.24369
0.349086 1.17386
0.349615 1.11036
0.349919 1.1948
0.350373 1.09136
0.350805 1.12229
0.351184 1.09007
0.351698 1.19626
0.352208 1.04516
0.352852 1.17704
0.353402 1.02026
0.353836 1.03098
0.354283 1.04481
0.354972 0.960944
0.355315 1.03525
0.355787 1.23715
0.356232 1.14118
0.356873 1.07727
0.357313 1.20477
0.357709 1.14698
0.35821 1.06863
0.358589 1.01552
0.359075 1.09151
0.359468 1.01035
0.359962 1.0993
0.360308 1.12544
0.360727 1.06627
0.361149 0.965656
0.361694 1.10046
0.362109 1.09451
0.362512 1.20023
0.362923 1.19897
0.363275 1.20572
0.363747 1.07601
0.36431 1.12844
0.364946 1.07677
0.365614 1.01235
0.366113 1.14921
0.366706 1.18194
0.367144 1.13506
0.367682 1.05328
0.368039 1.08164
0.368419 1.02321
0.368824 1.13553
0.369325 1.23397
0.369819 1.05746
0.370353 0.923372
0.370886 0.974522
0.371455 0.994493
0.372007 1.05111
0.372606 1.13098
0.373153 1.12312
0.373614 1.15089
0.374066 1.1242
0.374481 1.15597
0.375114 0.994085
0.37557 0.950278
0.376082 1.03036
0.376488 1.14173
0.376812 1.08793
0.377395 1.11215
0.377961 0.984955
0.378384 1.02542
0.378933 1.10773
0.379358 1.00316
0.379853 1.05428
0.38038 1.14031
0.38079 1.10743
0.381161 1.04581
0.381577 1.115
0.382261 1.09776
0.382641 0.986217
0.383045 1.02857
0.383575 1.02733
0.384121 0.939153
0.38453 1.01547
0.385132 1.00754
0.385566 1.15617
0.38604 1.01939
0.386503 1.07341
0.387008 1.02435
0.387526 0.92856
0.388052 1.08381
0.388533 0.947249
0.388967 0.893984
0.389597 1.01173
0.389974 0.941957
0.39046 1.00223
0.390895 0.962227
0.391322 0.956543
0.391788 1.23384
0.392161 1.13645
0.392659 1.07154
0.393125 0.863649
0.393471 1.1719
0.394007 1.22276
0.394625 1.0526
0.395063 1.08959
0.39551 1.06414
0.395991 0.991421
0.396553 1.0394
0.396958 1.24512
0.397433 1.00227
0.397866 1.03943
0.398194 1.06813
0.398609 0.950494
0.399157 0.86402
0.399766 1.02507
0.400296 1.05319
0.400698 0.970886
0.401038 0.896564
0.401638 0.940545
0.40211 1.0009
0.402502 1.00828
0.403036 1.05227
0.403496 1.17414
0.403979 1.05284
0.404458 0.917915
0.404875 0.834898
0.405337 1.00726
0.405738 1.14628
0.406236 1.1703
0.406719 0.967809
0.407221 1.05079
0.407711 0.914412
0.408159 0.935224
0.408602 1.04807
0.409158 1.02254
0.409653 0.926713
0.410093 1.05896
0.410746 1.09268
0.411327 0.972124
0.411733 0.943589
0.412204 0.916541
0.412634 0.921877
0.413122 0.894707
0.413531 1.01214
0.413955 1.08996
0.414598 0.886286
0.415129 0.9185
0.415575 0.927515
0.416121 1.0127
0.416526 0.898558
0.416869 0.903415
0.417458 0.92623
0.41794 0.887831
0.418467 0.958844
0.418911 1.03428
0.419539 0.943581
0.419952 0.953722
0.420327 0.994508
0.4208 0.860342
0.421292 0.912005
0.421673 1.01724
0.42232 0.91002
0.42268 1.06313
0.423043 0.922905
0.423448 0.978976
0.423828 1.00365
0.424207 0.96958
0.424615 0.937008
0.424997 0.913899
0.42538 0.830981
0.425799 0.894615
0.426201 0.869932
0.426584 0.929099
0.426998 0.927652
0.427516 0.95829
0.42792 0.729689
0.428344 0.765605
0.428948 0.761779
0.42942 0.997544
0.429879 0.79862
0.430204 0.793758
0.430528 1.00661
0.430919 0.729281
0.431274 1.06909
0.431831 0.893939
0.432274 0.985017
0.4327 0.865325
0.433084 0.969136
0.433481 1.05737
0.433998 0.926984
0.434497 0.978736
0.434905 1.03113
0.43544 1.12737
0.435776 0.922918
0.436461 0.984957
0.436824 0.995748
0.437275 0.970855
0.437674 0.836499
0.438026 0.894285
0.438476 0.918668
0.438981 0.815661
0.439413 0.88837
0.43994 0.94612
0.440327 0.920198
0.44066 0.873066
0.441099 0.917927
0.441495 0.846687
0.441877 0.981277
0.442301 0.941931
0.442828 0.949985
0.443209 0.957718
0.443612 0.95102
0.44419 0.912133
0.444593 0.938362
0.444981 0.846143
0.44537 0.89608
0.44584 0.926073
0.446205 0.899151
0.446628 0.931925
0.447173 0.786065
0.447655 0.905929
0.448069 0.955585
0.448608 0.888943
0.449025 0.908948
0.449507 0.947764
0.449984 0.934536
0.450423 0.827168
0.450938 0.912715
0.451379 0.920761
0.451853 0.949928
0.452426 0.859186
0.452728 0.720178
0.453242 0.881285
0.453735 0.850988
0.454221 0.921208
0.454646 0.741348
0.455238 0.884142
0.455735 1.02793
0.456202 0.93613
0.456922 0.929152
0.457472 1.11807
0.45794 1.02842
0.458364 0.976156
0.458818 0.920835
0.459268 0.967065
0.459915 0.958949
0.460294 0.944915
0.460645 0.846421
0.461078 1.03171
0.461553 0.954797
0.462188 0.80569
0.462603 0.956342
0.462958 1.01954
0.463364 1.03686
0.463845 0.752362
0.464376 0.906334
0.464792 0.925394
0.46512 0.948486
0.465551 0.906241
0.466027 0.804473
0.4664 0.909394
0.466737 0.811889
0.467074 0.88068
0.467456 0.879287
0.467831 0.796764
0.468212 0.796856
0.468621 0.808992
0.469037 0.897302
0.469425 0.885713
0.469769 0.851184
0.470118 0.792097
0.470721 0.908598
0.471098 0.82695
0.471566 0.828591
0.471906 1.04373
0.472403 1.03013
0.472928 0.9112
0.473504 0.901797
0.473928 0.828137
0.474411 0.908842
0.474887 0.894682
0.475271 0.936003
0.475684 0.991831
0.476302 0.926105
0.476878 0.905851
0.47731 1.00754
0.477744 1.00315
0.478221 0.849076
0.478623 0.915846
0.479091 0.797111
0.479505 0.875809
0.479846 0.950345
0.480268 0.911988
0.480655 0.991311
0.481026 0.899367
0.481363 0.970462
0.481857 1.01978
0.482404 0.974113
0.482765 1.06799
0.483115 1.07766
0.483554 0.866732
0.483955 0.81303
0.484306 0.938266
0.484762 0.836519
0.485376 0.86109
0.485819 0.834014
0.486324 0.928007
0.486696 1.02849
0.487227 0.932909
0.48766 1.0389
0.488093 0.866697
0.488533 0.811275
0.488937 0.827159
0.489522 0.849192
0.489927 0.925276
0.490281 1.0178
0.490887 0.986362
0.491308 0.881976
0.491727 0.965783
0.492105 0.873837
0.492699 0.887252
0.493092 1.04646
0.49355 1.04906
0.494017 0.95891
0.494358 0.837855
0.49486 0.800419
0.495353 0.779929
0.495847 0.928876
0.496324 0.877839
0.496934 0.902263
0.497338 0.848742
0.497695 0.814038
0.498249 0.894477
0.498765 0.939144
0.499232 0.836012
0.499676 0.832701
0.500245 0.854633
0.500755 0.730284
0.501188 0.76555
0.501657 0.885818
0.502238 0.972367
0.502934 0.920824
0.503389 0.859244
0.504195 0.760925
0.504669 0.810352
0.505058 0.833235
0.505488 0.885976
0.506071 0.976389
0.506572 0.87195
0.507016 0.776739
0.50765 0.808482
0.508036 0.839192
0.508551 0.894483
0.508963 0.848166
0.50929 0.688482
0.509806 0.708425
0.510201 0.951366
0.510648 0.899716
0.510983 0.817851
0.511404 0.972113
0.511831 0.979772
0.512371 0.831287
0.512882 0.804574
0.513363 0.7529
0.513889 0.878198
0.514259 0.782381
0.514643 0.746043
0.515212 0.823919
0.515714 0.874845
0.516108 0.897736
0.516586 0.868804
0.517154 0.864493
0.517617 0.750445
0.518133 0.953705
0.518673 0.82027
0.519093 0.881575
0.519559 0.902103
0.520046 0.965075
0.520593 0.896288
0.521093 0.795131
0.521612 0.783129
0.522211 0.871941
0.522697 0.687704
0.523112 0.761579
0.523525 0.780845
0.524031 0.843377
0.524653 0.844443
0.525052 0.750943
0.525412 0.798489
0.525824 0.867395
0.526269 0.975436
0.526669 0.939309
0.527185 0.966867
0.527639 0.864198
0.528316 0.792587
0.528822 0.809603
0.529388 0.947242
0.529799 0.837311
0.530147 0.895391
0.530651 0.793868
0.531205 0.867556
0.531595 0.842883
0.532112 0.717249
0.532585 0.716939
0.533025 0.814144
0.533523 0.872067
0.534025 0.825096
0.534586 0.900802
0.535066 0.826293
0.535562 0.743868
0.53593 0.825974
0.536412 1.01309
0.536834 0.838793
0.537199 0.769404
0.537538 0.766688
0.538139 0.842634
0.538808 0.946665
0.539288 0.998826
0.53989 0.933904
0.540479 1.04855
0.540875 0.804049
0.541518 0.814168
0.542113 0.964425
0.542533 0.972094
0.543117 0.88121
0.543444 0.855507
0.543944 0.874582
0.544342 0.843833
0.544765 1.02688
0.545106 0.925282
0.545648 0.84885
0.546113 1.02717
0.546676 0.844696
0.547078 0.834184
0.547525 0.845666
0.54798 0.95721
0.548523 0.985902
0.548898 1.0305
0.549637 0.784614
0.550051 0.845949
0.550459 0.80569
0.550955 0.772567
0.551567 0.885473
0.552084 0.832925
0.552387 0.87931
0.552717 0.84033
0.553137 0.79432
0.553491 0.777053
0.553971 0.650003
0.554382 0.758734
0.554845 0.822186
0.555245 0.690941
0.555631 0.810475
0.555991 0.876975
0.556478 0.819033
0.556832 0.877827
0.557191 0.913037
0.557819 0.763103
0.558243 0.854454
0.558778 0.808285
0.559132 0.76008
0.559637 0.765064
0.56001 0.878505
0.560417 0.732559
0.560831 0.826707
0.561422 0.911147
0.561841 0.770589
0.562396 0.698548
0.562779 0.829588
0.563305 0.782401
0.564005 0.672159
0.564428 0.803556
0.564881 0.759424
0.565227 0.819996
0.56572 0.742416
0.566188 0.922687
0.566719 0.989844
0.567151 0.868613
0.567681 0.815276
0.568182 0.875128
0.56869 0.797905
0.569052 0.802428
0.569517 0.802796
0.570069 0.900893
0.570596 0.764912
0.571108 0.893025
0.57158 0.739725
0.572035 0.708027
0.572502 0.730177
0.572874 0.650233
0.573308 0.737053
0.573811 0.975244
0.574259 0.861913
0.574849 0.804215
0.575257 0.928414
0.575613 0.876721
0.576165 0.794897
0.576497 0.732075
0.576865 0.803193
0.577362 0.721523
0.577714 0.808555
0.578295 0.825607
0.578896 0.762806
0.579504 0.672351
0.579798 0.838388
0.580206 0.802788
0.581029 0.941032
0.58157 0.920785
0.58208 0.903128
0.582624 0.77373
0.583118 0.845702
0.583464 0.805035
0.584038 0.757703
0.584668 0.886573
0.585094 0.93358
0.585655 0.874882
0.585984 0.780377
0.586525 0.793747
0.586867 0.770996
0.587324 0.869605
0.58775 0.95348
0.588248 0.790412
0.588735 0.628025
0.589297 0.672333
0.589838 0.697973
0.590307 0.770176
0.590894 0.870608
0.59141 0.849545
0.591843 0.897905
0.592267 0.847324
0.592861 0.895754
0.593236 0.72972
0.593794 0.66497
0.594516 0.763274
0.594953 0.892055
0.595669 0.849269
0.596158 0.865334
0.596655 0.715394
0.597098 0.750777
0.597618 0.874097
0.598181 0.758938
0.598721 0.798565
0.599389 0.868334
0.599839 0.85649
0.600353 0.798548
0.600769 0.879079
0.60118 0.841696
0.601853 0.718709
0.60222 0.766068
0.602678 0.756958
0.603121 0.695377
0.603548 0.759399
0.604053 0.76529
0.604553 0.900661
0.605002 0.780892
0.605435 0.822698
0.605852 0.785463
0.606312 0.674316
0.606655 0.860329
0.607235 0.675343
0.607712 0.61752
0.608137 0.790089
0.608736 0.691734
0.609147 0.752274
0.609593 0.697539
0.610008 0.699194
0.610529 1.0287
0.610995 0.88728
0.611424 0.832387
0.611927 0.624323
0.612381 0.939708
0.612898 1.00452
0.613413 0.80299
0.613856 0.868556
0.614426 0.830029
0.614956 0.759623
0.615381 0.814733
0.615886 1.05563
0.616238 0.765141
0.616755 0.81432
0.617218 0.813313
0.617621 0.714781
0.618176 0.620135
0.618704 0.786256
0.619102 0.83613
0.619838 0.730003
0.620365 0.656236
0.620915 0.690318
0.62129 0.763659
0.62187 0.75697
0.622442 0.847117
0.622984 0.964334
0.623488 0.818195
0.624021 0.698805
0.624506 0.586486
0.625039 0.789832
0.625495 0.902046
0.626043 0.984716
0.626561 0.734613
0.626999 0.833398
0.62747 0.686893
0.627843 0.70759
0.628325 0.832704
0.62882 0.77015
0.629164 0.685514
0.62966 0.840485
0.630091 0.856059
0.630499 0.732984
0.631077 0.712978
0.63161 0.687671
0.632132 0.730318
0.632649 0.657823
0.633196 0.799391
0.63374 0.903446
0.634179 0.65897
0.6346 0.686957
0.63501 0.721746
0.635422 0.773839
0.635897 0.706101
0.636288 0.695565
0.63675 0.70117
0.637208 0.638322
0.637609 0.731535
0.63812 0.803239
0.638493 0.719898
0.63901 0.741978
0.639397 0.796416
0.63991 0.638377
0.640428 0.680626
0.640977 0.79817
0.641572 0.672163
0.641931 0.848013
0.642428 0.706333
0.642921 0.76648
0.643318 0.808981
0.643707 0.745785
0.644316 0.710552
0.644814 0.699858
0.645269 0.589566
0.645688 0.651315
0.646152 0.667162
0.646628 0.707562
0.647163 0.689411
0.647646 0.729638
0.648354 0.50154
0.648752 0.539666
0.649093 0.560816
0.649612 0.792675
0.650135 0.597356
0.650597 0.564842
0.65105 0.83235
0.651388 0.509742
0.651845 0.818495
0.6523 0.698848
0.652767 0.78815
0.653283 0.670939
0.653926 0.773789
0.654338 0.846927
0.65482 0.724936
0.655155 0.796287
0.655523 0.835834
0.655944 0.961022
0.656645 0.728859
0.657149 0.796788
0.657527 0.769569
0.657958 0.765264
0.658482 0.632478
0.658987 0.68546
0.659417 0.710782
0.659791 0.62136
0.660185 0.688371
0.660644 0.750737
0.661146 0.720805
0.661537 0.678693
0.662103 0.740219
0.662542 0.663348
0.663002 0.789222
0.663658 0.729601
0.664048 0.75118
0.664528 0.757469
0.66497 0.758552
0.665426 0.725241
0.665853 0.769183
0.666384 0.635504
0.666729 0.704843
0.667237 0.757182
0.668123 0.719277
0.668567 0.735128
0.6689 0.6
0.669538 0.717869
0.66987 0.763383
0.670346 0.729529
0.67071 0.726244
0.67117 0.777676
0.671644 0.766044
0.672145 0.6349
0.672601 0.72763
0.673248 0.724593
0.673752 0.761566
0.674178 0.66985
0.674603 0.547443
0.675122 0.697849
0.675595 0.673588
0.676066 0.72784
0.676574 0.563182
0.677056 0.69646
0.677512 0.843771
0.678006 0.796142
0.678457 0.733999
0.678967 0.940622
0.679515 0.834963
0.679955 0.788159
0.680348 0.731975
0.680653 0.771094
0.681057 0.809033
0.681472 0.774865
0.681895 0.681549
0.682378 0.872613
0.682727 0.783064
0.683094 0.647407
0.683452 0.800052
0.683897 0.869049
0.684286 0.876193
0.684834 0.583587
0.685266 0.725689
0.685719 0.767054
0.686567 0.788645
0.686948 0.724268
0.687734 0.637115
0.688166 0.721009
0.688607 0.647135
0.688978 0.70707
0.689356 0.716217
0.689793 0.647167
0.690447 0.606794
0.690785 0.616678
0.691158 0.73511
0.691771 0.717386
0.692302 0.66252
0.692655 0.62994
0.693137 0.739323
0.693565 0.660717
0.694079 0.660949
0.694502 0.900287
0.694996 0.881464
0.69548 0.739337
0.695913 0.727713
0.696328 0.663197
0.696741 0.751698
0.697164 0.719338
0.697609 0.778603
0.698042 0.861686
0.698422 0.766028
0.699055 0.735392
0.699502 0.863648
0.69999 0.855876
0.700541 0.685805
0.701008 0.731746
0.701455 0.636571
0.701855 0.714417
0.702506 0.781776
0.703108 0.759197
0.703569 0.851704
0.704179 0.762598
0.704666 0.817515
0.705113 0.879109
0.705594 0.821326
0.706117 0.905371
0.706525 0.941732
0.706917 0.708233
0.707356 0.642084
0.708094 0.774651
0.708466 0.675268
0.70896 0.690648
0.709526 0.693491
0.70987 0.76931
0.710307 0.866807
0.71066 0.778714
0.711269 0.872844
0.711752 0.712477
0.712237 0.656457
0.712673 0.66638
0.71306 0.698485
0.713556 0.778097
0.714267 0.854385
0.714875 0.837698
0.715284 0.740269
0.715839 0.806716
0.71631 0.714685
0.716806 0.743424
0.717267 0.905556
0.717609 0.885727
0.718016 0.81994
0.718475 0.673055
0.71887 0.647119
0.719407 0.61201
0.719737 0.753713
0.720183 0.717841
0.720656 0.740783
0.72106 0.689345
0.721552 0.662175
0.721979 0.739085
0.722431 0.796943
0.723019 0.693744
0.723509 0.686951
0.723996 0.735783
0.724484 0.578518
0.724847 0.619276
0.725323 0.73378
0.726873 0.832366
0.727296 0.782038
0.727844 0.715978
0.728347 0.609428
0.728954 0.656417
0.729405 0.713764
0.729793 0.741326
0.730226 0.860921
0.730655 0.72625
0.731091 0.629586
0.731454 0.661261
0.731879 0.688807
0.732267 0.744003
0.732731 0.695786
0.733096 0.53133
0.733513 0.589318
0.734055 0.794818
0.73458 0.76234
0.735054 0.664532
0.73551 0.83258
0.73597 0.835973
0.736455 0.692764
0.736958 0.658167
0.737384 0.612644
0.737995 0.741422
0.738503 0.637098
0.73899 0.60397
0.739409 0.684218
0.739852 0.72755
0.740256 0.760033
0.740626 0.731924
0.741055 0.729037
0.741427 0.610764
0.74184 0.810665
0.742246 0.679689
0.742657 0.756936
0.743309 0.772065
0.743766 0.821424
0.744262 0.755805
0.744824 0.664342
0.745222 0.650848
0.745678 0.748242
0.746042 0.548412
0.746433 0.639513
0.746809 0.645401
0.747265 0.714024
0.747769 0.710896
0.748286 0.623068
0.74872 0.650937
0.74928 0.737106
0.74973 0.848597
0.750282 0.821795
0.750772 0.853168
0.751323 0.733972
0.751883 0.660961
0.752289 0.667189
0.752661 0.821433
0.753168 0.698996
0.75356 0.760699
0.753947 0.663129
0.754354 0.730031
0.754734 0.719118
0.755418 0.581155
0.755956 0.582877
0.756434 0.684376
0.757088 0.741418
0.75751 0.696937
0.757986 0.792873
0.758457 0.705123
0.75891 0.613074
0.759279 0.678567
0.760002 0.887434
0.760388 0.719997
0.760873 0.653827
0.761425 0.647676
0.761771 0.709137
0.762245 0.804134
0.762788 0.883515
0.763199 0.806788
0.763681 0.925482
0.764068 0.68105
0.764589 0.695043
0.765174 0.835171
0.765915 0.858905
0.766414 0.757525
0.766826 0.750055
0.767217 0.737335
0.767666 0.742321
0.768134 0.905828
0.768468 0.811156
0.768919 0.715196
0.769234 0.905742
0.769772 0.729425
0.77035 0.714934
0.770871 0.722801
0.771377 0.830711
0.771891 0.854955
0.772418 0.908598
0.772888 0.651732
0.773381 0.720277
0.773897 0.704948
0.774477 0.660719
0.774937 0.757694
0.775586 0.707804
0.776193 0.774641
0.776613 0.720704
0.777129 0.668059
0.777523 0.654592
0.777856 0.525281
0.778143 0.633405
0.778657 0.696165
0.779102 0.565876
0.779636 0.685449
0.78012 0.774102
0.780551 0.710065
0.781044 0.762682
0.781724 0.798846
0.782195 0.632458
0.782603 0.71677
0.783055 0.691993
0.783592 0.634581
0.784152 0.648364
0.784579 0.760639
0.785108 0.616951
0.785594 0.705314
0.785951 0.791815
0.78646 0.652406
0.786993 0.573917
0.787461 0.724133
0.788019 0.669781
0.788427 0.545948
0.788885 0.679278
0.789452 0.634194
0.789886 0.710053
0.790405 0.634928
0.790801 0.832955
0.791289 0.903648
0.79164 0.758902
0.792175 0.701215
0.792634 0.74368
0.793119 0.689847
0.793531 0.68246
0.793886 0.696527
0.794336 0.786828
0.794898 0.659772
0.795268 0.787354
0.795695 0.643113
0.7963 0.591205
0.796822 0.614798
0.797339 0.546927
0.797981 0.622805
0.798395 0.87113
0.798886 0.756753
0.799221 0.702647
0.799618 0.820853
0.800035 0.770844
0.80045 0.693898
0.800936 0.634735
0.801368 0.690637
0.801833 0.619781
0.802519 0.699565
0.802849 0.707105
0.803403 0.653874
0.803891 0.571354
0.80427 0.736642
0.804766 0.688968
0.805406 0.83959
0.805802 0.812461
0.806195 0.781752
0.806826 0.659505
0.807409 0.742084
0.8079 0.699978
0.80868 0.666027
0.809257 0.779171
0.809693 0.834751
0.810179 0.770487
0.810585 0.683452
0.811028 0.684554
0.811676 0.676983
0.81231 0.774641
0.812641 0.8371
0.81324 0.691295
0.813804 0.524663
0.814197 0.562118
0.814816 0.587392
0.815277 0.663413
0.815735 0.77052
0.816265 0.742754
0.816766 0.791219
0.817186 0.741855
0.817763 0.789894
0.818209 0.634247
0.818631 0.559919
0.819146 0.661094
0.819588 0.794862
0.82006 0.762599
0.820559 0.766394
0.821058 0.612282
0.821609 0.64452
0.822134 0.788767
0.822589 0.672985
0.822932 0.703179
0.8234 0.761701
0.82383 0.763445
0.824307 0.70219
0.824773 0.793965
0.825263 0.747457
0.825664 0.617314
0.82617 0.659015
0.826692 0.647672
0.827026 0.608156
0.827382 0.660619
0.827791 0.675851
0.828323 0.800645
0.828805 0.689361
0.829276 0.724519
0.829672 0.683738
0.83009 0.580116
0.830531 0.775649
0.830938 0.572979
0.83145 0.511975
0.832012 0.706011
0.832473 0.592849
0.833035 0.648193
0.83354 0.592861
0.834138 0.593187
0.834649 0.941084
0.835053 0.787602
0.835525 0.741057
0.836051 0.538495
0.836506 0.847768
0.837046 0.91161
0.837486 0.70368
0.838042 0.781525
0.838545 0.738869
0.839025 0.66997
0.839499 0.732879
0.839952 0.967471
0.84031 0.675642
0.84073 0.730002
0.841212 0.714637
0.841816 0.622053
0.842235 0.530226
0.842686 0.687416
0.843226 0.747804
0.843759 0.637968
0.844266 0.567112
0.844757 0.592471
0.845134 0.668363
0.845553 0.65843
0.84617 0.767231
0.846707 0.880409
0.847257 0.721867
0.847706 0.617452
0.848257 0.495093
0.848685 0.705041
0.849251 0.799931
0.849666 0.906346
0.85025 0.643138
0.850754 0.739135
0.851131 0.598422
0.851676 0.616706
0.852148 0.747767
0.85269 0.67012
0.853165 0.596036
0.85362 0.75338
0.85406 0.760382
0.854654 0.641678
0.855211 0.626219
0.855651 0.594535
0.856141 0.658616
0.856501 0.56277
0.857023 0.714066
0.85744 0.825531
0.858116 0.569946
0.858513 0.597884
0.858903 0.639794
0.859326 0.676296
0.859906 0.62489
0.8604 0.612855
0.860852 0.609415
0.861367 0.539977
0.861791 0.635815
0.862275 0.710078
0.862614 0.63031
0.863101 0.660418
0.863672 0.717611
0.864186 0.550297
0.864663 0.589489
0.865182 0.707588
0.865535 0.576946
0.866052 0.759229
0.866405 0.617726
0.866992 0.682003
0.867796 0.728436
0.868152 0.656279
0.868674 0.620596
0.869109 0.616374
0.869651 0.492997
0.871271 0.550911
0.871856 0.584704
0.872328 0.612327
0.872729 0.595255
0.873168 0.636364
0.873558 0.414233
0.873991 0.447381
0.87445 0.481952
0.874878 0.707622
0.875239 0.516635
0.87562 0.481455
0.875996 0.764633
0.876363 0.4249
0.876789 0.616998
0.877142 0.70302
0.877707 0.588955
0.878127 0.69011
0.878581 0.757672
0.879256 0.644664
0.879651 0.726062
0.880082 0.752107
0.880517 0.892516
0.880876 0.648588
0.881217 0.716999
0.881573 0.668628
0.881962 0.681254
0.882387 0.551684
0.882828 0.599574
0.88328 0.622205
0.883651 0.543397
0.884102 0.606392
0.884503 0.666965
0.884991 0.63309
0.885434 0.599284
0.885917 0.667789
0.886343 0.588939
0.886832 0.708353
0.887315 0.642943
0.887715 0.666067
0.888089 0.671344
0.888507 0.678082
0.888976 0.648661
0.889404 0.696129
0.890015 0.548581
0.890394 0.627938
0.890758 0.686994
0.891182 0.644667
0.891652 0.651294
0.892002 0.524262
0.89252 0.642476
0.892991 0.681131
0.893444 0.658659
0.894067 0.647418
0.894598 0.704769
0.895074 0.696402
0.895502 0.557501
0.895961 0.645409
0.896431 0.639666
0.896788 0.679278
0.897163 0.589938
0.897636 0.483857
0.898145 0.618056
0.898488 0.598193
0.898925 0.643553
0.899354 0.495393
0.899846 0.61616
0.900276 0.767595
0.900684 0.741123
0.901343 0.649863
0.901759 0.863101
0.902257 0.753309
0.902648 0.704875
0.903145 0.65125
0.90383 0.684728
0.904239 0.744298
0.904638 0.689249
0.904997 0.611027
0.90542 0.800807
0.905976 0.706414
0.906489 0.583586
0.906876 0.728898
0.907363 0.805633
0.907917 0.805421
0.908315 0.511928
0.908876 0.652939
0.909311 0.700013
0.909913 0.714345
0.910369 0.650175
0.91076 0.568479
0.91121 0.641027
0.911573 0.577563
0.912113 0.635041
0.91258 0.64943
0.912934 0.585136
0.913374 0.527124
0.913978 0.533968
0.914371 0.665276
0.914756 0.641333
0.915104 0.579757
0.916002 0.562148
0.916579 0.667097
0.916912 0.589922
0.917252 0.593671
0.917753 0.83623
0.918297 0.81294
0.918729 0.667884
0.919205 0.647719
0.919696 0.593131
0.920227 0.683904
0.920613 0.646317
0.92103 0.714938
0.921349 0.808369
0.921852 0.696951
0.922371 0.659361
0.92282 0.802469
0.923136 0.786182
0.923552 0.614847
0.923983 0.650384
0.924349 0.566861
0.924857 0.650813
0.925226 0.704942
0.925705 0.696413
0.926099 0.79333
0.92653 0.704592
0.926916 0.744028
0.927301 0.812037
0.927682 0.753632
0.928272 0.835714
0.928714 0.887576
0.929041 0.633749
0.929473 0.569438
0.929851 0.704133
0.93023 0.605847
0.930755 0.619457
0.931244 0.633561
0.931752 0.698921
0.932216 0.792672
0.93269 0.712452
0.933045 0.79459
0.933456 0.641978
0.934067 0.589742
0.934497 0.594735
0.935008 0.6315
0.935498 0.714508
0.935858 0.780581
0.936467 0.764637
0.937059 0.678334
0.937644 0.733011
0.938188 0.637171
0.938582 0.678616
0.938931 0.838405
0.939266 0.807106
0.939804 0.760139
0.940345 0.599264
0.940839 0.57956
0.941395 0.540177
0.941904 0.676565
0.942468 0.650401
0.942842 0.66905
0.943396 0.617177
0.943846 0.594661
0.944329 0.667594
0.944791 0.73056
0.945283 0.631245
0.945733 0.621623
0.946182 0.679819
0.946712 0.513816
0.947185 0.551818
0.947666 0.665841
0.948081 0.766024
0.948538 0.715922
0.948993 0.64926
0.949556 0.542372
0.950032 0.592625
0.950352 0.66163
0.950781 0.675868
0.951236 0.810019
0.951742 0.660559
0.952243 0.565989
0.952806 0.593746
0.95332 0.61912
0.953831 0.674068
0.954258 0.629661
0.954783 0.459258
0.955309 0.532404
0.955749 0.719025
0.956205 0.703519
0.956724 0.597224
0.957089 0.770139
0.957506 0.770627
0.958035 0.6317
0.958427 0.591924
0.958955 0.549905
0.959494 0.680924
0.959982 0.574537
0.960425 0.546292
0.960901 0.621371
0.961434 0.661091
0.96188 0.697225
0.962398 0.671867
0.962889 0.66947
0.963372 0.550535
0.963861 0.74506
0.964574 0.612042
0.965027 0.70201
0.96547 0.712926
0.966033 0.755664
0.966593 0.692611
0.967007 0.606701
0.967499 0.59765
0.967965 0.690154
0.968399 0.48295
0.968868 0.589178
0.969328 0.582507
0.971541 0.654428
0.97199 0.648716
0.972503 0.565256
0.972901 0.581784
0.973345 0.679496
0.973771 0.786834
0.974142 0.767983
0.974697 0.801303
0.975196 0.675819
0.97572 0.602827
0.976301 0.600289
0.976693 0.763611
0.977167 0.634855
0.977625 0.695899
0.978106 0.604132
0.978494 0.666143
0.978876 0.664584
0.979323 0.519402
0.979837 0.523609
0.98032 0.624354
0.980825 0.680748
0.981267 0.633266
0.981871 0.741937
0.982272 0.648866
0.982844 0.55221
0.983311 0.611779
0.983774 0.827574
0.984195 0.668282
0.984616 0.600871
0.985158 0.589357
0.985821 0.649003
0.986255 0.737348
0.986672 0.833023
0.987121 0.748761
0.987555 0.863114
0.98799 0.622819
0.988465 0.638682
0.989077 0.771205
0.989477 0.806777
0.989931 0.699874
0.990428 0.705441
0.990748 0.672264
0.991093 0.695724
0.991561 0.848235
0.991976 0.754592
0.992537 0.652594
0.992871 0.846282
0.993312 0.676947
0.993839 0.660868
0.994441 0.66601
0.994806 0.770254
0.995114 0.789272
0.995658 0.844192
0.996107 0.590666
0.996588 0.66017
0.997019 0.658632
0.997367 0.607474
0.99784 0.690672
0.998194 0.646978
0.998708 0.722039
0.999192 0.664432
0.99975 0.610265
1.00015 0.598662
1.00069 0.469851
1.00119 0.574445
1.00162 0.638267
1.00203 0.511514
1.00239 0.624447
1.00273 0.726973
1.00313 0.662491
1.0035 0.70943
1.00406 0.745899
1.0046 0.571594
1.00514 0.651885
1.00565 0.641281
1.00611 0.576226
1.00654 0.599175
1.00687 0.699388
1.00731 0.560723
1.00781 0.650397
1.0083 0.741084
1.00882 0.59674
1.00935 0.515349
1.00982 0.67534
1.01026 0.617932
1.01068 0.490909
1.01122 0.622754
1.01167 0.577955
1.01213 0.659621
1.01261 0.58789
1.01313 0.791039
1.0135 0.866469
1.0138 0.708559
1.01433 0.647194
1.01484 0.679272
1.0153 0.637761
1.01577 0.627465
1.01626 0.645531
1.01674 0.73078
1.01709 0.610558
1.01764 0.735924
1.01804 0.598845
1.01854 0.538633
1.0191 0.561956
1.01951 0.502767
1.02004 0.567338
1.02051 0.821496
1.02093 0.706558
1.02135 0.651259
1.02184 0.765539
1.02223 0.718181
1.02266 0.645519
1.02309 0.592176
1.02341 0.63719
1.024 0.574385
1.0245 0.64825
1.02513 0.650138
1.02564 0.605902
1.02611 0.527145
1.0265 0.683524
1.02707 0.63183
1.02755 0.791086
1.0281 0.762898
1.02858 0.724319
1.02901 0.609805
1.0294 0.694339
1.02989 0.644905
1.03041 0.621988
1.03092 0.726832
1.03137 0.784454
1.03181 0.718012
1.03235 0.639102
1.03281 0.632698
1.03318 0.631436
1.03351 0.732471
1.03394 0.780067
1.03435 0.642608
1.03477 0.478225
1.03536 0.511745
1.03569 0.535379
1.03613 0.612223
1.0366 0.719569
1.03702 0.690132
1.03752 0.734305
1.03811 0.69084
1.03848 0.735617
1.03901 0.589145
1.0395 0.510533
1.03984 0.609581
1.04023 0.746306
1.04065 0.71873
1.0412 0.715892
1.04151 0.563178
1.04201 0.592253
1.04262 0.749352
1.04314 0.633388
1.04361 0.656673
1.04418 0.709932
1.04469 0.720972
1.04512 0.656344
1.04568 0.754389
1.04621 0.705061
1.04657 0.567026
1.04699 0.602116
1.04747 0.592418
1.04796 0.567329
1.04825 0.610173
1.04868 0.632127
1.0491 0.752326
1.04948 0.647362
1.04997 0.676196
1.05054 0.629808
1.05099 0.535695
1.05149 0.733067
1.05211 0.525193
1.05262 0.462271
1.05317 0.66493
1.0538 0.541202
1.0543 0.594596
1.05498 0.543535
1.05545 0.538819
1.05615 0.894621
1.05695 0.739434
1.05744 0.697932
1.05794 0.497959
1.0584 0.803569
1.05893 0.864488
1.05946 0.65245
1.06 0.736984
1.06056 0.694166
1.06102 0.625966
1.06145 0.69414
1.06188 0.918011
1.06231 0.630914
1.06272 0.689506
1.06316 0.666516
1.06372 0.574904
1.06423 0.488205
1.06475 0.637687
1.06531 0.702545
1.06579 0.591277
1.06628 0.524408
1.0668 0.542787
1.06719 0.619209
1.06757 0.611379
1.06812 0.726396
1.06866 0.83945
1.069 0.673207
1.06956 0.578727
1.06994 0.452319
1.07037 0.662448
1.07113 0.74893
1.07172 0.864085
1.0723 0.598569
1.07284 0.688577
1.0733 0.554086
1.0738 0.570613
1.07432 0.705392
1.07485 0.621675
1.07528 0.553605
1.07577 0.710067
1.07614 0.713486
1.07649 0.597843
1.07687 0.585453
1.07733 0.547621
1.07785 0.621677
1.07843 0.515702
1.07901 0.671031
1.07936 0.783892
1.0797 0.526164
1.0802 0.55613
1.08057 0.597605
1.08106 0.628229
1.08141 0.579436
1.08199 0.57127
1.08245 0.563239
1.08286 0.492154
1.08335 0.585901
1.0838 0.663883
1.08449 0.584577
1.08512 0.622662
1.08565 0.677025
1.08611 0.505851
1.08668 0.543849
1.08726 0.661842
1.08779 0.529816
1.08812 0.713322
1.08865 0.573439
1.08917 0.640372
1.08952 0.686835
1.09001 0.614004
1.09035 0.576381
1.0908 0.575666
1.09129 0.444762
1.09182 0.501119
1.09231 0.54197
1.09278 0.561507
1.09351 0.550698
1.09396 0.59095
1.09433 0.371702
1.09499 0.400409
1.09552 0.44216
1.0961 0.664687
1.09665 0.473871
1.09711 0.442647
1.09759 0.729645
1.09809 0.383448
1.09849 0.691807
1.09892 0.568517
1.09936 0.660033
1.09992 0.544246
1.10048 0.648407
1.10103 0.713651
1.10162 0.603657
1.10212 0.691891
1.10267 0.710092
1.10303 0.858212
1.1035 0.606544
1.10414 0.676065
1.10467 0.615152
1.10514 0.638108
1.10558 0.509403
1.10604 0.556687
1.10647 0.578766
1.10691 0.504918
1.10751 0.563103
1.10794 0.621659
1.10844 0.584654
1.10894 0.559176
1.10933 0.629903
1.10981 0.550682
1.11035 0.665856
1.11078 0.599644
1.11129 0.620534
1.11169 0.625093
1.11224 0.636022
1.11279 0.608243
1.11323 0.655358
1.11384 0.506835
1.11433 0.58944
1.11481 0.650116
1.11529 0.605162
1.1157 0.606783
1.11631 0.485963
1.11686 0.604465
1.11735 0.638067
1.11775 0.617423
1.11815 0.604771
1.11861 0.666182
1.11917 0.659337
1.11965 0.518061
1.12013 0.602124
1.12051 0.595886
1.12091 0.634358
1.12137 0.548575
1.12187 0.453093
1.12235 0.574704
1.1229 0.558169
1.12336 0.599607
1.12378 0.462425
1.1242 0.572744
1.12465 0.729323
1.12504 0.711354
1.12546 0.605243
1.12588 0.821975
1.12631 0.711909
1.12676 0.660782
1.12726 0.609869
1.12785 0.639843
1.12827 0.708714
1.12867 0.637807
1.12916 0.574641
1.12965 0.760569
1.13009 0.66277
1.13057 0.550651
1.1311 0.687907
1.13156 0.772484
1.13205 0.767918
1.13257 0.474915
1.13309 0.6169
1.13366 0.664916
1.13411 0.671537
1.13457 0.613715
1.13501 0.533578
1.13543 0.599226
1.13582 0.539893
1.13631 0.597958
1.13668 0.614957
1.13717 0.55188
1.13769 0.486702
1.13819 0.489963
1.13865 0.62681
1.13905 0.599287
1.1396 0.535393
1.14 0.527252
1.14046 0.629153
1.14103 0.55227
1.14156 0.559657
1.1423 0.801584
1.14264 0.774258
1.14322 0.631626
1.14374 0.602934
1.1441 0.555566
1.14462 0.647262
1.14509 0.609867
1.14551 0.684111
1.14598 0.779737
1.14647 0.660368
1.14719 0.617411
1.14774 0.771546
1.14821 0.746962
1.14873 0.577358
1.14927 0.608131
1.1497 0.529033
1.15008 0.619732
1.15056 0.664136
1.15112 0.664161
1.15159 0.763402
1.15215 0.674064
1.15258 0.701741
1.15307 0.773206
1.15365 0.717633
1.15411 0.800298
1.15454 0.860334
1.15505 0.590957
1.15545 0.532147
1.15584 0.668833
1.15652 0.57036
1.15687 0.584179
1.15718 0.600502
1.15761 0.661486
1.15827 0.754004
1.15887 0.678957
1.15975 0.751222
1.16033 0.60256
1.16073 0.554222
1.16124 0.556536
1.16162 0.595687
1.1621 0.681155
1.16249 0.739963
1.16294 0.721766
1.16346 0.645016
1.16411 0.692375
1.16464 0.592715
1.1651 0.64313
1.16565 0.79934
1.16609 0.762172
1.16655 0.72801
1.16704 0.559419
1.16763 0.542484
1.16797 0.50252
1.16848 0.636757
1.16895 0.615555
1.16936 0.629557
1.16979 0.577153
1.17026 0.557372
1.17067 0.628284
1.17125 0.691398
1.17167 0.597388
1.17222 0.586471
1.17275 0.6465
1.17321 0.480732
1.17369 0.514202
1.1742 0.629894
1.17474 0.727938
1.17535 0.678102
1.17582 0.611659
1.17626 0.506212
1.17674 0.560169
1.17723 0.631485
1.17762 0.639265
1.17799 0.781915
1.17839 0.624359
1.17881 0.532656
1.1793 0.557439
1.17972 0.581734
1.18019 0.636748
1.18077 0.59517
1.18125 0.419042
1.18177 0.499908
1.18218 0.675304
1.1828 0.67346
1.18329 0.561284
1.18396 0.73781
1.18435 0.736474
1.18486 0.599527
1.18537 0.555775
1.18589 0.514993
1.1862 0.64738
1.18659 0.541069
1.18713 0.518378
1.18769 0.587083
1.18822 0.623829
1.1887 0.662597
1.18912 0.639967
1.18946 0.637422
1.18988 0.519348
1.19042 0.708785
1.19095 0.574284
1.19143 0.672578
1.19191 0.680815
1.19246 0.721264
1.19297 0.659355
1.19354 0.575491
1.19395 0.570872
1.19435 0.657254
1.19482 0.446446
1.1952 0.563056
1.19564 0.54664
1.19606 0.621474
1.19647 0.613878
1.19697 0.533375
1.19753 0.542915
1.19803 0.647562
1.19845 0.751035
1.19901 0.73727
1.19961 0.772731
1.20016 0.643896
1.20055 0.57175
1.20099 0.563465
1.20176 0.732534
1.20248 0.599604
1.20291 0.658726
1.20344 0.572223
1.204 0.630626
1.20459 0.635627
1.20515 0.485897
1.20571 0.491452
1.20611 0.591378
1.20669 0.647487
1.20726 0.596002
1.2077 0.712376
1.20814 0.615972
1.20854 0.518441
1.20903 0.576299
1.20961 0.79419
1.21018 0.641072
1.21063 0.571436
1.21111 0.556186
1.21161 0.616515
1.21203 0.700417
1.21254 0.806052
1.21287 0.717013
1.21334 0.826615
1.21394 0.590594
1.21436 0.606918
1.21474 0.733512
1.21519 0.777469
1.21562 0.667091
1.21607 0.681904
1.21653 0.635602
1.21737 0.668826
1.21779 0.8152
1.21832 0.721467
1.21867 0.618308
1.21914 0.812989
1.21957 0.648046
1.21996 0.631897
1.22037 0.63446
1.22077 0.736688
1.22124 0.751699
1.22172 0.806477
1.2222 0.557306
1.22264 0.626506
1.22316 0.632282
1.22366 0.576664
1.2241 0.650376
1.22454 0.612132
1.22502 0.690624
1.22539 0.633676
1.2258 0.578181
1.22619 0.56757
1.2267 0.440249
1.22709 0.540971
1.22757 0.606494
1.22797 0.483308
1.2284 0.5893
1.22875 0.700499
1.22915 0.637361
1.22959 0.679314
1.22998 0.715767
1.23051 0.537785
1.23086 0.616905
1.2314 0.613696
1.23186 0.545362
1.23238 0.574145
1.23291 0.662849
1.23336 0.528894
1.23396 0.620887
1.23454 0.716689
1.23493 0.566258
1.23537 0.482861
1.23584 0.648269
1.23634 0.588708
1.23686 0.461689
1.23769 0.592679
1.23819 0.547821
1.23865 0.632321
1.23916 0.562838
1.23967 0.766157
1.24013 0.845527
1.2406 0.679898
1.24116 0.617394
1.2416 0.642443
1.24199 0.607483
1.24253 0.597271
1.24318 0.615794
1.24356 0.697217
1.24402 0.582498
1.2445 0.705577
1.24493 0.573379
1.24549 0.510172
1.24591 0.532877
1.24621 0.479886
1.24677 0.535721
1.24721 0.794347
1.24774 0.677727
1.24823 0.619734
1.24869 0.731619
1.24918 0.687524
1.24984 0.617841
1.25022 0.569116
1.25074 0.607591
1.2512 0.54971
1.25157 0.619335
1.252 0.617731
1.25253 0.580536
1.25293 0.503911
1.25354 0.651137
1.25401 0.598031
1.25451 0.762558
1.25514 0.736767
1.25566 0.693457
1.25606 0.584765
1.25655 0.66776
1.257 0.610473
1.25752 0.596655
1.25826 0.698894
1.25881 0.754952
1.2593 0.688252
1.25976 0.614787
1.26027 0.603229
1.26084 0.604284
1.26134 0.710193
1.26167 0.748603
1.26214 0.613486
1.2627 0.452629
1.26321 0.484323
1.26377 0.506793
1.26426 0.583143
1.26475 0.68862
1.26515 0.659045
1.26565 0.699065
1.26614 0.662164
1.26659 0.703593
1.26699 0.563369
1.26742 0.483021
1.26801 0.579136
1.26845 0.717818
1.26882 0.691422
1.26931 0.686292
1.2699 0.535981
1.27063 0.561555
1.27098 0.727328
1.27165 0.610904
1.27213 0.629741
1.27261 0.681033
1.27303 0.698442
1.27345 0.630576
1.27381 0.731868
1.27426 0.682501
1.27469 0.53773
1.27518 0.567724
1.27567 0.55977
1.27605 0.544121
1.27659 0.579587
1.27691 0.606306
1.27736 0.724972
1.27779 0.625537
1.27815 0.648125
1.27859 0.597321
1.27905 0.510341
1.27946 0.707238
1.27996 0.498627
1.28037 0.434249
1.28078 0.641062
1.28133 0.509974
1.28187 0.563002
1.28237 0.517157
1.28281 0.507264
1.28332 0.866923
1.28392 0.712334
1.28428 0.673947
1.28477 0.474597
1.2853 0.778719
1.28573 0.837339
1.28619 0.621404
1.28666 0.710364
1.28715 0.668841
1.28758 0.599737
1.28803 0.671979
1.28865 0.88784
1.28917 0.604168
1.2895 0.66638
1.28986 0.638989
1.29041 0.546816
1.29088 0.465195
1.29123 0.609068
1.29192 0.675155
1.29245 0.56313
1.29286 0.499904
1.29328 0.513209
1.29378 0.589735
1.29419 0.585298
1.2946 0.701234
1.29499 0.816518
1.29535 0.64479
1.29581 0.557157
1.29628 0.428305
1.29677 0.637399
1.29729 0.719332
1.29785 0.838058
1.29818 0.57315
1.29868 0.657458
1.29913 0.527196
1.29956 0.543034
1.30007 0.680595
1.30045 0.594874
1.30093 0.529541
1.30141 0.684393
1.30177 0.686182
1.30227 0.572974
1.30283 0.562531
1.30348 0.520384
1.30386 0.598802
1.30449 0.488349
1.30508 0.645642
1.30546 0.758127
1.30583 0.500774
1.30623 0.532657
1.30678 0.572279
1.30724 0.601027
1.30765 0.550972
1.30816 0.546906
1.30858 0.536113
1.30911 0.464945
1.30957 0.555903
1.31005 0.637307
1.31038 0.557239
1.31075 0.602572
1.31116 0.652401
1.31174 0.479949
1.31211 0.517035
1.31254 0.634793
1.31297 0.502363
1.31342 0.684633
1.31381 0.547366
1.31437 0.616548
1.31483 0.661694
1.31532 0.591013
1.31612 0.550902
1.3166 0.552137
1.317 0.416484
1.31757 0.472222
1.31805 0.516111
1.31847 0.530191
1.31895 0.526227
1.31952 0.565019
1.31995 0.346862
1.32031 0.372801
1.32077 0.418204
1.32121 0.639558
1.32173 0.447408
1.32205 0.420196
1.32255 0.707831
1.32311 0.359302
1.32358 0.683531
1.32409 0.539355
1.32458 0.635875
1.32498 0.516271
1.3254 0.624633
1.32579 0.688483
1.32613 0.579086
1.32654 0.67248
1.32688 0.683846
1.32728 0.838714
1.32772 0.581487
1.32808 0.651476
1.32855 0.584067
1.3289 0.612912
1.32931 0.484002
1.32969 0.532121
1.33011 0.554436
1.33057 0.482443
1.33091 0.535827
1.33129 0.59446
1.33171 0.555096
1.33208 0.535838
1.33255 0.606886
1.33298 0.528134
1.33348 0.640737
1.33382 0.575227
1.33429 0.592474
1.33467 0.596765
1.33525 0.610608
1.33563 0.583267
1.33606 0.629382
1.33642 0.484058
1.33699 0.567347
1.33749 0.627662
1.33804 0.580854
1.33855 0.579804
1.33901 0.463221
1.33948 0.582347
1.33989 0.612281
1.34036 0.590156
1.34079 0.57874
1.34115 0.643347
1.34162 0.636721
1.34204 0.494719
1.34252 0.577152
1.34318 0.570816
1.34353 0.606862
1.34397 0.524459
1.34435 0.435366
1.34484 0.547802
1.34526 0.533691
1.34571 0.574044
1.34614 0.443619
1.3465 0.545879
1.34688 0.706854
1.34731 0.692041
1.34764 0.578741
1.34816 0.79762
1.34878 0.687924
1.34914 0.634304
1.3496 0.58605
1.35004 0.614472
1.35045 0.686563
1.35089 0.604652
1.35124 0.553448
1.3516 0.736274
1.35202 0.635127
1.35238 0.53096
1.35277 0.661587
1.35313 0.752705
1.35354 0.74595
1.35393 0.453313
1.35428 0.595967
1.35467 0.643514
1.35515 0.644452
1.35565 0.592925
1.35603 0.512912
1.35638 0.574212
1.35686 0.517026
1.35723 0.575856
1.35764 0.594218
1.35828 0.531271
1.35875 0.463435
1.35923 0.463199
1.35978 0.602844
1.36032 0.573203
1.36077 0.508736
1.36113 0.506769
1.36182 0.606466
1.36234 0.529033
1.36283 0.539442
1.36329 0.780406
1.36372 0.749839
1.36406 0.609895
1.36443 0.57514
1.36479 0.532773
1.36529 0.625114
1.36566 0.590132
1.36606 0.666809
1.36661 0.76221
1.36698 0.638275
1.36743 0.591183
1.36791 0.754275
1.36872 0.723345
1.36908 0.555932
1.36969 0.583767
1.37014 0.505794
1.37046 0.601595
1.37097 0.640364
1.37134 0.645312
1.3718 0.746042
1.37219 0.655958
1.37271 0.675056
1.37314 0.748789
1.37361 0.695946
1.37397 0.779658
1.37456 0.843955
1.37508 0.563455
1.37565 0.510522
1.37618 0.649531
1.37657 0.550127
1.37698 0.564829
1.37732 0.579374
1.37763 0.639317
1.37817 0.732597
1.37852 0.659755
1.37886 0.724255
1.37919 0.578161
1.37971 0.532568
1.3802 0.533679
1.38057 0.573915
1.38097 0.661055
1.38129 0.715147
1.38168 0.694574
1.38202 0.625029
1.38239 0.668278
1.38283 0.56535
1.38329 0.621653
1.38375 0.774794
1.38417 0.733697
1.38473 0.707853
1.3852 0.53536
1.3858 0.519123
1.38629 0.479953
1.38692 0.613364
1.38739 0.59466
1.38779 0.604868
1.38825 0.552088
1.38874 0.534163
1.38928 0.604634
1.38972 0.665607
1.39017 0.576797
1.39081 0.565344
1.39114 0.624308
1.39146 0.461544
1.39197 0.490868
1.39252 0.608395
1.39297 0.703441
1.39331 0.653992
1.39376 0.588049
1.39432 0.484321
1.3947 0.541303
1.39508 0.611447
1.39563 0.616489
1.39613 0.764638
1.39666 0.602096
1.39713 0.512715
1.39762 0.535515
1.39808 0.559192
1.3986 0.614613
1.39919 0.574809
1.39965 0.39422
1.40015 0.479811
1.40057 0.647485
1.40102 0.655959
1.40142 0.539317
1.40195 0.71943
1.40242 0.717763
1.40296 0.580293
1.40331 0.534064
1.40371 0.493382
1.40415 0.626292
1.40455 0.520643
1.40498 0.503001
1.40558 0.566099
1.40596 0.600438
1.40649 0.641801
1.40693 0.620555
1.4074 0.617531
1.40791 0.500864
1.40829 0.686612
1.40871 0.55143
1.40916 0.654337
1.40983 0.661245
1.41029 0.701243
1.41081 0.63968
1.41132 0.556187
1.41192 0.555138
1.41234 0.636761
1.41279 0.423797
1.41331 0.547272
1.41378 0.523649
1.41419 0.601322
1.41464 0.592147
1.41517 0.513579
1.41567 0.518427
1.41618 0.627087
1.41666 0.728209
1.41719 0.71726
1.4177 0.754958
1.41813 0.623893
1.41859 0.553079
1.41909 0.541247
1.41967 0.713506
1.4202 0.578077
1.42061 0.635153
1.42124 0.552744
1.4217 0.608415
1.4223 0.618096
1.42281 0.465482
1.42326 0.471709
1.42372 0.571187
1.4242 0.627181
1.42464 0.572123
1.42499 0.693128
1.42545 0.594408
1.42603 0.497892
1.42656 0.555277
1.42708 0.773858
1.42763 0.624997
1.42823 0.553158
1.42872 0.535709
1.4292 0.596733
1.42966 0.677869
1.43013 0.789652
1.43053 0.69809
1.43087 0.804092
1.43143 0.570912
1.43186 0.586882
1.43225 0.709248
1.43259 0.758945
1.43295 0.646142
1.43336 0.667427
1.43379 0.612666
1.43417 0.651325
1.43458 0.794505
1.43499 0.700286
1.43528 0.597617
1.43564 0.792841
1.43621 0.630017
1.43653 0.614573
1.43684 0.615142
1.43719 0.716637
1.43755 0.728673
1.43791 0.783711
1.43833 0.536888
1.43871 0.605825
1.43911 0.615148
1.43951 0.556664
1.43997 0.625119
1.44047 0.590405
1.44091 0.670657
1.44133 0.61529
1.44186 0.558081
1.44241 0.548206
1.44277 0.422261
1.44314 0.519963
1.4435 0.587201
1.44394 0.466677
1.44434 0.567074
1.44482 0.683576
1.44516 0.62222
1.44555 0.660562
1.44596 0.69684
1.44646 0.516858
1.44695 0.596622
1.44749 0.596651
1.44794 0.528047
1.44847 0.560002
1.44887 0.639569
1.44947 0.509181
1.44991 0.603401
1.45027 0.703934
1.45078 0.548187
1.45115 0.462766
1.45171 0.631763
1.45217 0.570178
1.45256 0.443798
1.45298 0.574813
1.45346 0.529878
1.45389 0.615817
1.45433 0.547864
1.45476 0.749693
1.45533 0.83158
1.45576 0.661144
1.45618 0.599337
1.45668 0.619704
1.45709 0.588117
1.45752 0.57873
1.45792 0.596563
1.45844 0.674972
1.45883 0.564414
1.45929 0.685793
1.45973 0.556893
1.46023 0.49267
1.46081 0.514958
1.46144 0.466383
1.4619 0.515995
1.46246 0.777971
1.46294 0.659494
1.46343 0.598478
1.46385 0.709194
1.4642 0.668221
1.46456 0.600074
1.46494 0.554739
1.46569 0.589323
1.46612 0.534369
1.46648 0.601475
1.4669 0.597665
1.46728 0.565506
1.46774 0.489911
1.46827 0.629662
1.46862 0.57652
1.46899 0.743819
1.46945 0.721964
1.46983 0.676042
1.4703 0.570651
1.47072 0.651011
1.47109 0.58744
1.47153 0.580554
1.4719 0.683278
1.47236 0.736587
1.47279 0.669883
1.47318 0.599706
1.47366 0.584646
1.47408 0.586278
1.47439 0.696937
1.4748 0.729762
1.47517 0.594231
1.47562 0.436675
1.47599 0.467749
1.47632 0.489597
1.47672 0.564877
1.47722 0.668343
1.47759 0.638762
1.47799 0.67604
1.47847 0.64496
1.47884 0.683758
1.47919 0.547093
1.4796 0.465962
1.48014 0.559433
1.48054 0.699619
1.48088 0.672637
1.48124 0.667545
1.48174 0.519336
1.48223 0.541789
1.48259 0.713526
1.48314 0.596308
1.48349 0.612606
1.48391 0.663572
1.48439 0.685522
1.48485 0.614464
1.48536 0.717593
1.48589 0.669244
1.48627 0.51919
1.48695 0.545523
1.48736 0.538873
1.48774 0.529328
1.48828 0.559833
1.48878 0.589444
1.48923 0.707897
1.48974 0.613405
1.49033 0.630439
1.49078 0.576292
1.49114 0.494328
1.49155 0.690179
1.49188 0.482184
1.49247 0.416616
1.49289 0.625617
1.49336 0.489834
1.49395 0.543103
1.49442 0.501983
1.49498 0.487627
1.49538 0.849372
1.49597 0.695819
1.49653 0.659221
1.49714 0.459456
1.49758 0.763743
1.49805 0.82057
1.49855 0.601329
1.49905 0.693024
1.49959 0.652949
1.49995 0.582159
1.50053 0.657731
1.50108 0.868611
1.50168 0.586725
1.50223 0.65148
1.50274 0.621657
1.50338 0.528651
1.50418 0.451325
1.50459 0.591372
1.50526 0.657344
1.50577 0.544716
1.50625 0.484273
1.50677 0.494267
1.50721 0.570843
1.50759 0.569371
1.50797 0.684159
1.50836 0.803146
1.50895 0.626847
1.50946 0.544046
1.50999 0.413275
1.51045 0.621625
1.51092 0.700517
1.51135 0.82078
1.51196 0.557265
1.51234 0.636948
1.51289 0.509131
1.5133 0.524904
1.51375 0.664706
1.51429 0.57889
1.51474 0.514374
1.5152 0.667824
1.51581 0.668626
1.5163 0.557268
1.51689 0.548033
1.51733 0.503176
1.51785 0.583168
1.51822 0.470919
1.5186 0.629439
1.51911 0.741093
1.51966 0.484533
1.52006 0.51769
1.52043 0.555696
1.52085 0.584127
1.52123 0.532465
1.52166 0.531341
1.52226 0.518711
1.52279 0.447865
1.52325 0.536713
1.52378 0.620478
1.52424 0.539402
1.5247 0.590657
1.52522 0.635966
1.52566 0.463711
1.5261 0.499821
1.52665 0.617347
1.52704 0.484891
1.52756 0.665119
1.52805 0.530595
1.52861 0.601981
1.5291 0.645237
1.52963 0.577106
1.53032 0.534693
1.53099 0.53704
1.53141 0.398447
1.53186 0.453914
1.53239 0.499156
1.53288 0.509466
1.53339 0.51132
1.53389 0.548549
1.53434 0.330769
1.53484 0.355383
1.53517 0.402514
1.53561 0.623671
1.53611 0.42977
1.53665 0.405464
1.53712 0.693274
1.5378 0.34384
1.53816 0.641327
1.53856 0.520225
1.53894 0.621176
1.53942 0.498005
1.53998 0.609152
1.54039 0.672551
1.54092 0.563841
1.54157 0.659897
1.54197 0.666239
1.54242 0.82668
1.54308 0.565326
1.54344 0.635897
1.5439 0.565398
1.54452 0.596511
1.545 0.467057
1.54535 0.516497
1.54582 0.539667
1.5462 0.467939
1.54679 0.517172
1.54727 0.577004
1.54789 0.53629
1.54851 0.521053
1.54902 0.591279
1.54945 0.513116
1.55002 0.624888
1.55054 0.560007
1.55101 0.574454
1.55146 0.578314
1.55196 0.593952
1.55233 0.566443
1.55294 0.611564
1.55338 0.470377
1.55371 0.553519
1.55407 0.612567
1.55454 0.564618
1.55504 0.562122
1.55558 0.448415
1.556 0.568239
1.55659 0.595942
1.55705 0.571233
1.55759 0.561793
1.55813 0.628568
1.5587 0.621895
1.55924 0.479595
1.55962 0.561745
1.56014 0.555304
1.56081 0.588987
1.56116 0.509282
1.56171 0.424019
1.56213 0.529927
1.56258 0.517696
1.56307 0.558023
1.56381 0.431734
1.56432 0.528044
1.56476 0.692433
1.56521 0.678415
1.56571 0.561848
1.56637 0.782072
1.5668 0.672666
1.56732 0.617404
1.56782 0.57116
1.56825 0.598934
1.56877 0.671705
1.56938 0.582661
1.56978 0.539912
1.57026 0.720747
1.57067 0.616599
1.57122 0.518386
1.57166 0.643813
1.57237 0.739964
1.57275 0.732405
1.57337 0.439643
1.57382 0.582495
1.57436 0.629094
1.57486 0.626318
1.57521 0.579657
1.57554 0.499354
1.57607 0.557944
1.57647 0.502336
1.57713 0.561405
1.57746 0.580717
1.57797 0.517694
1.5783 0.448933
1.57871 0.445558
1.57925 0.586986
1.5798 0.556105
1.5803 0.491858
1.58074 0.493844
1.58123 0.591781
1.58184 0.513566
1.58229 0.52608
1.58287 0.76657
1.58337 0.733481
1.58382 0.595456
1.58429 0.5569
1.5847 0.518132
1.5851 0.610948
1.58559 0.578791
1.58601 0.655792
1.58635 0.750769
1.5868 0.623907
1.58739 0.573765
1.58782 0.743702
1.58825 0.708356
1.58878 0.542925
1.58933 0.568543
1.5899 0.490601
1.59037 0.589628
1.59085 0.625507
1.5913 0.633183
1.59183 0.735088
1.59238 0.644424
1.59279 0.657484
1.59332 0.732648
1.59378 0.681719
1.5943 0.766565
1.59477 0.833105
1.5952 0.544884
1.59568 0.496925
1.59615 0.638443
1.59665 0.537675
1.59718 0.553179
1.59759 0.564863
1.59799 0.625085
1.59853 0.719945
1.59894 0.647772
1.59947 0.706311
1.59997 0.562104
1.60053 0.518273
1.60099 0.519036
1.60146 0.559559
1.60185 0.64786
1.60235 0.698832
1.60276 0.676784
1.60332 0.612264
1.60379 0.653142
1.6044 0.547787
1.60481 0.607766
1.60524 0.758622
1.60567 0.714723
1.60613 0.694209
1.6065 0.519849
1.60702 0.503254
1.60759 0.465403
1.60807 0.598419
1.60876 0.581082
1.60912 0.588394
1.60953 0.535341
1.61002 0.518817
1.61057 0.589506
1.61089 0.647707
1.61138 0.563422
1.61186 0.551638
1.61223 0.608752
1.61264 0.449496
1.61316 0.475666
1.61374 0.59458
1.61418 0.686893
1.61469 0.637516
1.61518 0.572423
1.61559 0.470079
1.61609 0.529457
1.61665 0.597416
1.61704 0.60146
1.61749 0.753173
1.61786 0.587467
1.6183 0.4997
1.61879 0.521234
1.61914 0.544599
1.61971 0.600322
1.62017 0.561804
1.62052 0.378147
1.62099 0.466976
1.6214 0.628808
1.6218 0.644955
1.6223 0.52482
1.62278 0.708311
1.62316 0.70744
1.62554 0.567766
1.6261 0.520229
1.62667 0.479199
1.62709 0.612019
1.62755 0.507361
1.62787 0.493735
1.62848 0.552489
1.62888 0.584794
1.62926 0.62858
1.62973 0.607739
1.6302 0.60412
1.63065 0.488768
1.63107 0.672174
1.63148 0.536756
1.63204 0.641898
1.63244 0.648377
1.63285 0.68864
1.63332 0.627024
1.63376 0.543259
1.63422 0.544961
1.63471 0.623484
1.63522 0.40885
1.63571 0.53684
1.63619 0.508029
1.63669 0.588323
1.63716 0.577809
1.63748 0.500363
1.63798 0.502108
1.63843 0.612909
1.63904 0.712812
1.63959 0.703237
1.64016 0.743092
1.64061 0.610436
1.64121 0.541125
1.64154 0.527203
1.64198 0.700901
1.64257 0.564184
1.64292 0.619459
1.64331 0.539863
1.64366 0.593501
1.64407 0.606503
1.64461 0.452158
1.64505 0.458778
1.64542 0.557935
1.64586 0.6139
1.64647 0.556203
1.64681 0.679811
1.64734 0.57937
1.64771 0.484528
1.64837 0.541837
1.64886 0.760559
1.64931 0.614692
1.64986 0.541026
1.65035 0.522549
1.65097 0.583758
1.65143 0.663287
1.65186 0.778793
1.65237 0.686001
1.65282 0.789642
1.65328 0.55821
1.65369 0.573358
1.65405 0.693006
1.65466 0.746283
1.65512 0.631914
1.65565 0.657725
1.65608 0.597392
1.6566 0.639294
1.65703 0.780866
1.65769 0.686072
1.65808 0.584298
1.65855 0.780043
1.65901 0.617995
1.65948 0.603541
1.65991 0.602558
1.66028 0.703845
1.66083 0.714015
1.66128 0.769633
1.66185 0.523508
1.66236 0.592466
1.66288 0.603224
1.66344 0.542846
1.66394 0.609001
1.66456 0.57615
1.66498 0.657586
1.66543 0.603739
1.66584 0.544647
1.66624 0.535378
1.66663 0.410422
1.6672 0.506015
1.66761 0.574514
1.66803 0.455994
1.66843 0.552309
1.66886 0.671935
1.66932 0.612144
1.66975 0.648147
1.67018 0.684336
1.67067 0.50299
1.67149 0.584191
1.67188 0.585249
1.67234 0.517823
1.67281 0.551492
1.67325 0.624124
1.67374 0.496269
1.67416 0.592412
1.67477 0.696733
1.67521 0.536962
1.67563 0.449528
1.67618 0.621103
1.67676 0.557595
1.67711 0.43185
1.67759 0.563395
1.67802 0.518548
1.67852 0.605059
1.67901 0.538263
1.67947 0.738078
1.68002 0.821393
1.68059 0.648035
1.68101 0.587758
1.68161 0.604875
1.68208 0.57511
1.68256 0.566597
1.68304 0.583303
1.6835 0.659549
1.68405 0.551939
1.68458 0.672051
1.68502 0.545556
1.68554 0.480952
1.68604 0.50315
1.68649 0.457675
1.68715 0.503016
1.68755 0.767291
1.68815 0.647299
1.68869 0.583533
1.68902 0.693922
1.68982 0.655536
1.69016 0.587826
1.69059 0.545069
1.69105 0.577246
1.69158 0.524014
1.69208 0.589764
1.69261 0.584569
1.69319 0.555908
1.69371 0.480581
1.69435 0.614883
1.69484 0.562124
1.69541 0.730705
1.69595 0.712952
1.69636 0.665884
1.69699 0.561836
1.69749 0.639625
1.69799 0.571492
1.69851 0.569691
1.69888 0.674309
1.69926 0.724777
1.69976 0.657826
1.70026 0.589559
1.70078 0.572218
1.70128 0.57366
1.70177 0.688354
1.70214 0.717792
1.70268 0.580842
1.70324 0.426021
1.70359 0.45699
1.7041 0.478644
1.70466 0.552696
1.70533 0.654609
1.70575 0.624849
1.70629 0.660397
1.70677 0.634083
1.70727 0.671115
1.70772 0.536334
1.7081 0.454658
1.70852 0.546018
1.70893 0.687495
1.70937 0.65917
1.70991 0.655108
1.71034 0.508479
1.71069 0.528389
1.71122 0.704256
1.71167 0.586173
1.71214 0.601068
1.71269 0.65236
1.71328 0.677681
1.71361 0.603711
1.71405 0.707941
1.71469 0.660822
1.71523 0.507003
1.71589 0.530683
1.71647 0.524946
1.7169 0.519292
1.71744 0.546672
1.71794 0.577788
1.71844 0.696606
1.71885 0.606278
1.71934 0.61867
1.71985 0.562097
1.7204 0.483656
1.72086 0.678372
1.7213 0.471399
1.72168 0.404869
1.72227 0.614955
1.72267 0.476407
1.72307 0.529993
1.72346 0.492818
1.72392 0.474929
1.72454 0.837875
1.72493 0.685063
1.72531 0.649574
1.72587 0.448965
1.72626 0.754238
1.72679 0.809517
1.72732 0.58786
1.72767 0.681219
1.72822 0.642379
1.72876 0.569601
1.72931 0.647866
1.72973 0.855936
1.73024 0.574833
1.73073 0.641212
1.73121 0.610132
1.73166 0.516411
1.73213 0.442455
1.73258 0.57984
1.73318 0.645333
1.73359 0.532109
1.73409 0.473707
1.73443 0.481618
1.73504 0.558191
1.73556 0.558936
1.7362 0.671946
1.73668 0.795041
1.73717 0.614959
1.73758 0.535582
1.73814 0.403273
1.73867 0.611275
1.73917 0.68782
1.73961 0.808795
1.74019 0.546705
1.74065 0.622811
1.74111 0.496396
1.74162 0.512412
1.74207 0.653954
1.7424 0.568854
1.7429 0.504279
1.74338 0.656578
1.74384 0.656627
1.74429 0.546692
1.74477 0.538187
1.7452 0.491737
1.74566 0.572087
1.74612 0.459231
1.74657 0.618577
1.74702 0.729313
1.74754 0.473559
1.74815 0.50734
1.74859 0.544314
1.74904 0.572982
1.74945 0.520202
1.75 0.520864
1.75045 0.506959
1.75105 0.436425
1.75146 0.523984
1.75185 0.609226
1.75249 0.527203
1.75288 0.583016
1.75329 0.624435
1.75377 0.453119
1.75431 0.488232
1.75472 0.605505
1.7551 0.473119
1.75547 0.651292
1.75586 0.519227
1.75627 0.592592
1.7567 0.633983
1.75713 0.567965
1.7575 0.523783
1.75788 0.526743
1.75829 0.386364
1.75871 0.441524
1.75913 0.487556
1.75948 0.495176
1.76002 0.501561
1.76048 0.537276
1.76095 0.319747
1.76146 0.34386
1.76179 0.391711
1.76235 0.613218
1.76276 0.417652
1.76318 0.395148
1.76366 0.683297
1.76398 0.333303
1.76438 0.511436
1.76507 0.610989
1.76547 0.485209
1.76615 0.597595
1.76654 0.660677
1.76702 0.554765
1.7674 0.651076
1.76792 0.653403
1.76837 0.818784
1.76871 0.553733
1.76912 0.62479
1.76957 0.553549
1.76994 0.585716
1.77049 0.456082
1.77083 0.506031
1.77125 0.529296
1.77169 0.457825
1.77208 0.503616
1.77261 0.565308
1.77305 0.523833
1.77342 0.51086
1.7739 0.58005
1.77434 0.502549
1.77466 0.614266
1.77502 0.549894
1.77548 0.562337
1.77604 0.565992
1.77643 0.582223
1.77686 0.554744
1.77722 0.598967
1.77762 0.461236
1.77797 0.54417
1.77839 0.60188
1.77884 0.553356
1.77925 0.549862
1.7796 0.438192
1.77998 0.558432
1.7804 0.584797
1.78077 0.558044
1.78122 0.550346
1.78164 0.618608
1.78208 0.611674
1.78257 0.46914
1.78301 0.551696
1.78351 0.545331
1.78392 0.577029
1.78434 0.499228
1.78468 0.416117
1.78511 0.517335
1.78558 0.506742
1.78594 0.547413
1.78626 0.423681
1.7867 0.515877
1.7871 0.682582
1.78747 0.668374
1.78792 0.55071
1.78826 0.771641
1.78876 0.662206
1.78914 0.605886
1.78958 0.561393
1.79006 0.588994
1.79045 0.661377
1.79099 0.567809
1.79136 0.53082
1.79172 0.71052
1.79226 0.603778
1.79288 0.510102
1.79325 0.631454
1.79364 0.731343
1.79415 0.723768
1.79461 0.430488
1.79496 0.573135
1.79546 0.618913
1.79578 0.613812
1.79614 0.570517
1.79653 0.489879
1.79693 0.546682
1.79736 0.492412
1.79781 0.551264
1.79819 0.571703
1.79864 0.508425
1.79923 0.439281
1.79959 0.433259
1.80017 0.576055
1.80054 0.544514
1.80106 0.480677
1.80145 0.4851
1.80194 0.581773
1.80249 0.502752
1.80301 0.516566
1.80348 0.756953
1.80396 0.721876
1.80449 0.585298
1.80497 0.544363
1.80528 0.508158
1.80567 0.601444
1.80613 0.572039
1.80659 0.648044
1.80693 0.742848
1.80742 0.614131
1.80783 0.561742
1.80826 0.736612
1.8087 0.698434
1.80928 0.534703
1.80978 0.558289
1.81029 0.480306
1.81073 0.581045
1.81138 0.615715
1.81188 0.624745
1.81232 0.727746
1.81264 0.63657
1.81313 0.645498
1.81346 0.721258
1.81397 0.671983
1.81453 0.757413
1.81498 0.825429
1.81542 0.532013
1.8158 0.487876
1.81626 0.631763
1.81681 0.529617
1.81714 0.545658
1.81762 0.554647
1.81821 0.615391
1.81872 0.711991
1.81912 0.639782
1.81974 0.693569
1.82014 0.551036
1.82055 0.508278
1.82098 0.509177
1.8213 0.549589
1.82181 0.63855
1.82218 0.687546
1.82253 0.664855
1.82305 0.60368
1.82341 0.643369
1.82388 0.536193
1.82433 0.598359
1.82479 0.747667
1.82517 0.701593
1.8256 0.684615
1.82598 0.509471
1.82646 0.49203
1.82706 0.455541
1.82745 0.588116
1.82806 0.571635
1.82848 0.577058
1.82896 0.523583
1.82938 0.508213
1.82988 0.579246
1.83056 0.634802
1.831 0.554366
1.83144 0.542188
1.83184 0.597511
1.83236 0.441311
1.83284 0.46536
1.8332 0.584911
1.83363 0.675258
1.83402 0.625805
1.83453 0.561642
1.83506 0.460263
1.83555 0.521406
1.83604 0.587287
1.8365 0.591216
1.83701 0.745191
1.83753 0.577427
1.83805 0.490601
1.83843 0.511521
1.83884 0.534528
1.8394 0.590556
1.83988 0.552979
1.84037 0.367361
1.84076 0.458512
1.84115 0.615845
1.84171 0.637519
1.84226 0.514794
1.84274 0.701186
1.8432 0.701653
1.84371 0.559043
1.8444 0.510976
1.84497 0.46951
1.84552 0.601864
1.84597 0.498289
1.84632 0.487666
1.84692 0.543207
1.84733 0.57387
1.84783 0.619779
1.84831 0.59882
1.84882 0.594596
1.8492 0.480269
1.84962 0.662411
1.85008 0.526885
1.85051 0.632786
1.85091 0.639359
1.85128 0.680061
1.85163 0.618383
1.85223 0.534135
1.85268 0.538033
1.85325 0.614573
1.85377 0.398463
1.85429 0.529505
1.85474 0.497025
1.85518 0.579666
1.85569 0.568097
1.85618 0.491011
1.85662 0.490718
1.85704 0.602639
1.85739 0.7022
1.8578 0.692901
1.85841 0.734816
1.85881 0.600945
1.85926 0.533006
1.85974 0.517916
1.86012 0.692104
1.86051 0.554824
1.86099 0.608694
1.86141 0.530954
1.86185 0.583116
1.86223 0.598386
1.86279 0.44299
1.86326 0.449917
1.86366 0.548839
1.86416 0.604805
1.86451 0.54525
1.86485 0.670286
1.86521 0.568658
1.86556 0.47543
1.86607 0.532757
1.86646 0.751314
1.86686 0.607649
1.8675 0.532497
1.86789 0.513683
1.86838 0.574854
1.86881 0.653379
1.86924 0.771165
1.86961 0.677858
1.87012 0.780111
1.87084 0.549574
1.87114 0.56372
1.87151 0.681821
1.8719 0.737218
1.87231 0.621963
1.87282 0.650766
1.87331 0.586779
1.8739 0.630763
1.87429 0.771602
1.87477 0.676207
1.87522 0.575288
1.8756 0.771668
1.87605 0.609497
1.87648 0.596124
1.87703 0.594031
1.87754 0.695296
1.87795 0.704262
1.87844 0.760649
1.87887 0.514384
1.8793 0.583524
1.87968 0.594628
1.88011 0.532929
1.8806 0.598516
1.88093 0.56646
1.88154 0.648756
1.882 0.596182
1.88243 0.535305
1.88291 0.526498
1.88331 0.402137
1.88366 0.496376
1.88416 0.56569
1.88463 0.448689
1.88516 0.542054
1.88569 0.663498
1.8862 0.604957
1.88658 0.639687
1.88695 0.675823
1.88736 0.493348
1.88796 0.576177
1.88868 0.577375
1.88917 0.51138
1.8896 0.546217
1.89012 0.613506
1.89059 0.487394
1.89103 0.585239
1.89155 0.692248
1.89202 0.529615
1.89235 0.440441
1.8928 0.613898
1.89333 0.548609
1.89386 0.423472
1.89437 0.55559
1.89496 0.51114
1.89534 0.597667
1.8957 0.531798
1.89618 0.729545
1.89656 0.813648
1.89711 0.63856
1.89754 0.579949
1.898 0.59484
1.89862 0.56606
1.89919 0.558277
1.89975 0.57378
1.90019 0.648712
1.90077 0.543037
1.90126 0.662246
1.90161 0.537495
1.9023 0.472587
1.90274 0.494979
1.90324 0.451623
1.90372 0.494138
1.9042 0.759908
1.90467 0.638749
1.90532 0.572697
1.90587 0.683276
1.90634 0.646906
1.90678 0.579001
1.90718 0.538195
1.90769 0.568884
1.90814 0.516642
1.90872 0.581728
1.90939 0.575774
1.90977 0.549424
1.91039 0.473943
1.91084 0.604419
1.91137 0.552136
1.91183 0.721216
1.91236 0.70722
1.91282 0.65977
1.91331 0.555828
1.91381 0.631514
1.91423 0.56018
1.9147 0.561942
1.91507 0.668958
1.91567 0.716997
1.91608 0.649533
1.91662 0.582265
1.91709 0.56355
1.91779 0.564542
1.91824 0.682529
1.91862 0.70973
1.91915 0.571247
1.91966 0.418538
1.92011 0.449593
1.92054 0.471295
1.92096 0.544218
1.92148 0.645105
1.92194 0.615038
1.92232 0.649495
1.92281 0.626859
1.92325 0.66285
1.92372 0.528953
1.92449 0.446761
1.92513 0.536553
1.92562 0.679147
1.92605 0.649222
1.92647 0.646437
1.927 0.501008
1.92746 0.518974
1.92799 0.697692
1.92855 0.578827
1.92914 0.592987
1.92969 0.644853
1.93023 0.672649
1.93072 0.596192
1.93127 0.701113
1.93188 0.655107
1.93231 0.498744
1.93276 0.520403
1.93323 0.515337
1.93378 0.512146
1.93432 0.537729
1.93495 0.569476
1.9354 0.688795
1.93588 0.601897
1.93642 0.610606
1.93676 0.552227
1.93737 0.476307
1.93788 0.669919
1.93828 0.464046
1.93872 0.396726
1.93921 0.607374
1.93971 0.467196
1.9405 0.521035
1.94095 0.487037
1.94144 0.466376
1.94179 0.830051
1.94233 0.677702
1.94267 0.642929
1.94328 0.441355
1.94362 0.748003
1.94402 0.801866
1.9446 0.578535
1.94509 0.672888
1.94559 0.634975
1.94596 0.560325
1.94655 0.640679
1.94706 0.847347
1.94752 0.566495
1.94795 0.633809
1.94828 0.602112
1.9487 0.507872
1.94913 0.436448
1.94953 0.571975
1.95013 0.637009
1.95062 0.523116
1.95104 0.466202
1.95154 0.472897
1.95202 0.549453
1.95246 0.551636
1.95287 0.662915
1.95331 0.790014
1.95387 0.606779
1.95435 0.529805
1.95486 0.396218
1.95544 0.604185
1.95582 0.678861
1.95637 0.800174
1.95686 0.539382
1.9574 0.612781
1.95785 0.487158
1.95828 0.503544
1.95881 0.646339
1.95941 0.562209
1.95987 0.49721
1.96045 0.648695
1.96097 0.648034
1.96138 0.539128
1.96181 0.531182
1.96234 0.483887
1.96302 0.563952
1.96352 0.451063
1.96389 0.611134
1.96435 0.720942
1.96481 0.465812
1.9653 0.49974
1.96585 0.536167
1.96634 0.56522
1.96667 0.511908
1.9671 0.513563
1.96778 0.49877
1.96828 0.428356
1.9687 0.515296
1.96925 0.601349
1.96978 0.518516
1.9702 0.577821
1.97064 0.616041
1.97102 0.44597
1.97146 0.480076
1.97219 0.597146
1.97286 0.46483
1.97332 0.641378
1.97372 0.511244
1.97415 0.586344
1.9746 0.626065
1.9752 0.561512
1.97554 0.516167
1.976 0.519466
1.97659 0.377966
1.97695 0.432795
1.97745 0.479402
1.97802 0.485107
1.97843 0.494791
1.97903 0.529236
1.97964 0.311913
1.98016 0.335933
1.9806 0.383954
1.98105 0.606105
1.98159 0.409121
1.98223 0.387645
1.98274 0.676277
1.98325 0.325828
1.98371 0.626879
1.98422 0.501124
1.98469 0.604677
1.98513 0.476626
1.98558 0.590671
1.98613 0.65336
1.98656 0.547972
1.98705 0.644594
1.98737 0.646613
1.98783 0.812946
1.98838 0.545833
1.9888 0.617684
1.98938 0.544855
1.98981 0.577537
1.99055 0.447112
1.99097 0.498388
1.99156 0.522954
1.99205 0.450934
1.99259 0.494175
1.99315 0.557057
1.99352 0.514753
1.99408 0.503646
1.99471 0.571672
1.99517 0.494894
1.99583 0.60655
1.99617 0.54247
1.99668 0.553778
1.99714 0.556431
1.99755 0.57375
1.99814 0.545699
1.99867 0.590004
1.99919 0.455213
1.99968 0.537893
2.00018 0.593999
2.00053 0.545269
2.00099 0.541335
2.00146 0.431146
2.00194 0.551572
2.00247 0.577549
2.00314 0.548669
2.00361 0.542467
2.00409 0.610904
2.00457 0.604179
2.00503 0.461538
2.00571 0.544782
2.00613 0.538338
2.00691 0.56872
2.00737 0.492011
2.008 0.410581
2.00855 0.508559
2.00919 0.499401
2.00973 0.539907
2.0102 0.417856
2.01065 0.50739
2.01113 0.675726
2.01167 0.660705
2.01202 0.542565
2.0125 0.764072
2.01294 0.654499
2.01332 0.598288
2.01386 0.554566
2.01436 0.581774
2.01469 0.653814
2.01507 0.557839
2.01563 0.524293
2.01614 0.702752
2.01646 0.594264
2.01696 0.504256
2.01744 0.622656
2.01791 0.725362
2.01837 0.718011
2.01881 0.424184
2.01937 0.566488
2.0199 0.611628
2.02033 0.604891
2.02077 0.563961
2.0212 0.48306
2.02163 0.538444
2.02202 0.485315
2.02247 0.543632
2.023 0.565236
2.02352 0.502004
2.02398 0.432869
2.02432 0.424558
2.02505 0.568083
2.02557 0.536195
2.02603 0.472917
2.02646 0.478981
2.0269 0.57459
2.02737 0.495057
2.02798 0.509472
2.02859 0.749654
2.02907 0.713314
2.02956 0.577854
2.03004 0.535401
2.03047 0.501191
2.03095 0.594629
2.03138 0.567155
2.03182 0.642102
2.03229 0.737274
2.03275 0.607438
2.03337 0.5533
2.03386 0.731365
2.03428 0.691024
2.03472 0.528573
2.03522 0.550897
2.03561 0.473236
2.03605 0.574863
2.03646 0.60901
2.03707 0.618427
2.03756 0.72236
2.03809 0.631315
2.03848 0.63732
2.03909 0.713215
2.03975 0.665343
2.0402 0.751364
2.04075 0.819991
2.04116 0.523076
2.0417 0.481622
2.04208 0.627536
2.04264 0.524047
2.04318 0.54014
2.04371 0.547322
2.04417 0.608339
2.04462 0.706179
2.04531 0.633825
2.04597 0.683959
2.04643 0.543038
2.04696 0.501295
2.04741 0.502338
2.04786 0.542529
2.04832 0.632034
2.04876 0.678747
2.04926 0.656552
2.04979 0.597635
2.05029 0.636484
2.05085 0.528105
2.05129 0.591678
2.05177 0.739612
2.05223 0.692464
2.05284 0.677927
2.05331 0.502023
2.05388 0.484028
2.05424 0.448807
2.05463 0.580913
2.05501 0.565011
2.05538 0.569049
2.0558 0.515196
2.05626 0.500675
2.05685 0.571884
2.05736 0.625422
2.05772 0.547881
2.05815 0.535491
2.05854 0.589511
2.05893 0.43568
2.05937 0.458422
2.05978 0.578333
2.06038 0.6674
2.0608 0.617086
2.06112 0.554119
2.06167 0.453236
2.06214 0.515781
2.06261 0.580097
2.06313 0.58363
2.06366 0.739076
2.06419 0.570181
2.06474 0.48424
2.06508 0.504603
2.06546 0.527768
2.06582 0.583615
2.06636 0.54685
2.06671 0.360016
2.06733 0.453088
2.0677 0.606825
2.06812 0.632569
2.06861 0.50757
2.0692 0.696098
2.06962 0.69792
2.07013 0.552754
2.07052 0.504322
2.07092 0.462458
2.07159 0.594368
2.07196 0.492051
2.07264 0.483616
2.07313 0.536952
2.07365 0.56573
2.07414 0.613519
2.07455 0.592533
2.07518 0.587619
2.07563 0.473984
2.07605 0.655204
2.07648 0.519821
2.07693 0.626246
2.07733 0.632868
2.07788 0.673921
2.0783 0.61222
2.07876 0.527395
2.07943 0.533149
2.07985 0.6086
2.08022 0.39128
2.08078 0.524201
2.08119 0.489282
2.08161 0.573807
2.08207 0.561382
2.08261 0.484336
2.08316 0.482716
2.08367 0.595062
2.08419 0.694702
2.08487 0.685304
2.08536 0.728902
2.08578 0.594062
2.08628 0.527414
2.08669 0.511793
2.08717 0.685904
2.08774 0.548566
2.08809 0.601084
2.08859 0.52446
2.08904 0.575652
2.08968 0.592575
2.09015 0.436563
2.09056 0.443737
2.09106 0.542349
2.0915 0.598412
2.09199 0.53771
2.09235 0.663225
2.09281 0.560696
2.09337 0.468773
2.09382 0.526218
2.09426 0.744575
2.09491 0.602506
2.09532 0.526288
2.0958 0.507699
2.09625 0.56848
2.09671 0.646256
2.09725 0.765425
2.0979 0.671778
2.09829 0.772846
2.09875 0.543832
2.09921 0.556868
2.09973 0.674075
2.1002 0.730377
2.10056 0.614697
2.10107 0.645674
2.10146 0.579147
2.10198 0.624665
2.10243 0.764673
2.10287 0.669099
2.10335 0.568803
2.10398 0.766011
2.10462 0.603601
2.10503 0.591117
2.10569 0.587997
2.10619 0.688831
2.10662 0.697414
2.10708 0.754397
2.1076 0.507951
2.10804 0.57753
2.1086 0.5886
2.10906 0.525863
2.10958 0.591386
2.10996 0.559604
2.11044 0.642487
2.11096 0.591007
2.11141 0.528665
2.11182 0.520197
2.1122 0.396265
2.1127 0.489371
2.11313 0.55897
2.11366 0.443567
2.11406 0.534769
2.11464 0.65746
2.11519 0.599481
2.11579 0.633397
2.11627 0.669648
2.11684 0.486256
2.1173 0.570642
2.11767 0.571456
2.11814 0.506908
2.11846 0.542574
2.11882 0.605801
2.11919 0.481268
2.1197 0.580314
2.12012 0.689037
2.12045 0.524693
2.12118 0.43402
2.12173 0.608759
2.12217 0.541956
2.12267 0.417359
2.12308 0.550166
2.1236 0.505934
2.12397 0.592216
2.12461 0.527146
2.12509 0.722879
2.12553 0.807449
2.1261 0.631709
2.12677 0.574697
2.12717 0.587502
2.12752 0.559667
2.12805 0.552375
2.12847 0.566541
2.12891 0.6408
2.12944 0.536454
2.13014 0.654869
2.1305 0.531464
2.13094 0.466421
2.1316 0.489081
2.13217 0.447252
2.13258 0.48781
2.13311 0.754469
2.13368 0.632438
2.13409 0.564757
2.13469 0.675782
2.13535 0.640912
2.13581 0.572518
2.13626 0.533215
2.13671 0.562855
2.13716 0.511237
2.13764 0.575731
2.13803 0.569425
2.13847 0.544659
2.1389 0.469084
2.13926 0.597103
2.13974 0.544767
2.14016 0.713868
2.14047 0.702969
2.14117 0.655538
2.14179 0.551309
2.14215 0.625551
2.14254 0.551831
2.14318 0.556266
2.14356 0.665483
2.144 0.711704
2.14447 0.643775
2.14502 0.577103
2.14539 0.557279
2.14578 0.557756
2.14629 0.678332
2.14662 0.704041
2.14705 0.564091
2.14757 0.413076
2.14806 0.444284
2.14854 0.466167
2.14894 0.538123
2.14937 0.638335
2.14977 0.607814
2.15039 0.641244
2.15083 0.621522
2.15136 0.656883
2.15173 0.523768
2.15219 0.441134
2.15286 0.529833
2.15344 0.673324
2.15386 0.641905
2.15423 0.640316
2.15484 0.495738
2.15532 0.512145
2.15581 0.692875
2.15616 0.573565
2.15671 0.587187
2.15773 0.639653
2.15834 0.669026
2.15868 0.590721
2.15905 0.696022
2.15945 0.650787
2.15994 0.493057
2.16034 0.513155
2.16075 0.508564
2.1612 0.50698
2.16158 0.531326
2.16208 0.563431
2.16248 0.683284
2.16295 0.598847
2.16351 0.604696
2.16399 0.545205
2.1645 0.471046
2.16485 0.663619
2.16534 0.458899
2.16584 0.390983
2.16634 0.601897
2.16682 0.460718
2.16728 0.514687
2.16781 0.483256
2.16821 0.460528
2.16874 0.824365
2.1692 0.672104
2.1697 0.638083
2.17012 0.435719
2.17099 0.74343
2.17145 0.796251
2.17197 0.57185
2.17235 0.667004
2.17282 0.629835
2.17327 0.553317
2.17374 0.635302
2.17419 0.841297
2.17466 0.560591
2.17507 0.628545
2.17563 0.5965
2.17615 0.501876
2.17654 0.432311
2.1769 0.566334
2.17751 0.630876
2.17789 0.516462
2.1784 0.460816
2.1789 0.466609
2.17934 0.543075
2.17982 0.546305
2.18038 0.656085
2.18085 0.786276
2.18139 0.600851
2.18181 0.525647
2.1822 0.391162
2.18266 0.599144
2.18323 0.672212
2.18396 0.793869
2.18437 0.534081
2.18487 0.605249
2.18531 0.480358
2.18578 0.497145
2.18618 0.640831
2.18655 0.557539
2.18704 0.492236
2.18769 0.642816
2.18804 0.641538
2.18854 0.533632
2.18909 0.526057
2.18952 0.478385
2.19 0.558098
2.1905 0.445136
2.19107 0.60576
2.1916 0.714624
2.19216 0.4602
2.19251 0.493989
2.19301 0.530268
2.19355 0.559663
2.19392 0.506153
2.19435 0.50824
2.19478 0.492834
2.1952 0.422462
2.19562 0.509067
2.1961 0.595657
2.19658 0.512232
2.19714 0.574103
2.19764 0.609839
2.19809 0.441054
2.1986 0.474264
2.19892 0.590969
2.19929 0.45878
2.19962 0.634019
2.19998 0.50538
2.20033 0.581878
2.20081 0.620203
2.20122 0.556683
2.20163 0.510819
2.20204 0.514105
2.2024 0.37187
2.20302 0.426146
2.20359 0.473566
2.20396 0.47782
2.20454 0.489877
2.20491 0.523222
2.20532 0.306183
2.20569 0.330225
2.20618 0.378192
2.20664 0.601208
2.20712 0.403083
2.20748 0.382073
2.20801 0.671047
2.20848 0.320118
2.20894 0.636203
Avg iter time = 0.000463133 seconds
