0.0660210053906 2.34638545711
0.112941209005 2.34637292291
0.159296870525 2.3463396616
0.204157226356 2.34633856774
0.249315853203 2.34626763538
0.294379665423 2.34623576073
0.336177903846 2.34619531346
0.376282120924 2.34612200873
0.415030488829 2.34606999541
0.4542233003 2.34599301797
0.501930465323 2.34589658896
0.543112408667 2.34592895836
0.584659783388 2.34575458234
0.627506513567 2.34568047857
0.66948806027 2.3457892475
0.710048177683 2.34565299479
0.750726418318 2.3456220464
0.791691078141 2.34537825558
0.83474600544 2.34544443209
0.878378116784 2.34519793717
0.917921347316 2.34506844889
0.959179142362 2.3451831825
0.99961679088 2.34480550626
1.03815893697 2.34499848601
1.07860804226 2.34501559017
1.11691986781 2.34467258312
1.15957380825 2.3447256686
1.19977481526 2.34459054545
1.23942076164 2.34429681271
1.27826710466 2.34457882364
1.31870435811 2.34444459929
1.3615206686 2.3443072968
1.40109313364 2.34410120818
1.44048466077 2.34425356639
1.48437198149 2.34425832426
1.52487600024 2.34445191427
1.56470564996 2.34390597912
1.60824887259 2.34377738836
1.64840010193 2.34398978966
1.69306727295 2.34401471222
1.73526333775 2.34388276529
1.776295553 2.34348296406
1.81607384479 2.34354327387
1.85861953853 2.34374247761
1.9002644933 2.34332168372
1.94116791868 2.34373840472
1.98556644826 2.34330067214
2.02521871562 2.34364443356
2.06559868524 2.34323965739
2.10955988235 2.34343271881
2.14795743613 2.34310970516
2.18653513771 2.34300328269
2.22852616587 2.34391720825
2.26869398776 2.34330653954
2.31246871611 2.34301064268
2.35169708307 2.34290061235
2.39200475653 2.34319198728
2.43289158935 2.34341896941
2.47294563369 2.3431517319
2.51131434802 2.34273257801
2.55006350605 2.34323938889
2.58917651521 2.3427806274
2.63325899603 2.3421192773
2.67409210056 2.34282355454
2.71429824336 2.34298130181
2.75573737138 2.34254836128
2.79566223079 2.34280431019
2.83630728631 2.34255592278
2.87646681192 2.3425420369
2.91575601826 2.34261688196
2.95897608103 2.34241642796
2.9991988164 2.3420828346
3.03906718209 2.34230480136
3.07824103064 2.34227312293
3.11711147237 2.34224079923
3.15794260159 2.34212704565
3.19829175646 2.34207789966
3.23736170398 2.34197384392
3.281853863 2.34193216324
3.32324360841 2.3420773889
3.3646708846 2.34207031148
3.40598043263 2.34209920748
3.44578953918 2.34221821085
3.48776515997 2.34255446584
3.52881949863 2.34225367057
3.56923976446 2.34178412471
3.6093676852 2.34179459439
3.6606572629 2.34225049758
3.70319940109 2.34170976877
3.74182016431 2.34220029404
3.78301949033 2.34242563252
3.82588952911 2.34216619555
3.86562120371 2.3423394166
3.90518221199 2.34172809254
3.94664899427 2.34173770671
3.98510659732 2.34171244256
4.02936409015 2.34213459218
4.06905586359 2.34113226867
4.10980442508 2.34209849766
4.15012553062 2.34177313471
4.18978885968 2.34172353901
4.22872606671 2.34178213214
4.2675767554 2.34191697555
4.30934852474 2.34195270733
4.34946182822 2.34154287246
4.38771755513 2.34118801607
4.4327888735 2.34132351534
4.47148114275 2.34164651223
4.51020817737 2.34161483856
4.54949817383 2.34179025506
4.58964663774 2.34145184014
4.63308042848 2.34147477957
4.67397002673 2.34170701504
4.71288906096 2.34179099135
4.75431120136 2.34145438156
4.79671388303 2.34129443173
4.83861799779 2.34202653406
4.8770993045 2.3410008415
4.91721102773 2.34110229086
4.95886664915 2.34148005409
4.99943111223 2.34152522141
5.03915251525 2.34123771698
5.1064132219 2.3414589623
5.14595763761 2.3414287542
5.18733711143 2.3410322827
5.22869367172 2.34090519762
5.26762890345 2.34170326965
5.30972422771 2.34166464942
5.35102547946 2.34103602067
5.39223310176 2.34175602793
5.43276714515 2.34089506502
5.4717841545 2.34116884728
5.5123565188 2.34202688092
5.55185708275 2.34080766921
5.59153660931 2.34155519243
5.6313038394 2.34149425377
5.67083442798 2.34109538563
5.7115047674 2.34085701382
5.75439455922 2.34071555438
5.79417127077 2.34164531699
5.83532318949 2.34103584972
5.8765185649 2.34161379976
5.92106405716 2.34175782845
5.95999138767 2.34067651359
6.00080315891 2.34103752061
6.04354322263 2.34151126164
6.08254956533 2.342218853