0.00116583 1.30695
0.00163279 1.30991
0.00208513 1.30949
0.00265758 1.30601
0.00315259 1.30745
0.00372424 1.3074
0.00419634 1.30536
0.00462893 1.30412
0.00509669 1.29985
0.00561461 1.3032
0.00616375 1.2981
0.00667733 1.30061
0.00718775 1.29995
0.00775427 1.298
0.00818686 1.293
0.00885491 1.29884
0.00942656 1.29505
0.0100053 1.29533
0.0104498 1.28816
0.0109092 1.295
0.0114461 1.28607
0.011953 1.28556
0.0124677 1.29134
0.0129766 1.29012
0.0135166 1.28781
0.0140832 1.28492
0.014652 1.29275
0.0151182 1.2901
0.0156136 1.28437
0.0160569 1.2829
0.0165061 1.28207
0.0169908 1.27633
0.0174645 1.27953
0.0180717 1.28636
0.0185833 1.28142
0.0190076 1.28191
0.0195314 1.28326
0.0199909 1.28194
0.0203729 1.27691
0.0207759 1.27775
0.0213088 1.27305
0.0218335 1.27384
0.0222487 1.27564
0.0227393 1.27602
0.0231285 1.26782
0.0235619 1.27092
0.0239802 1.27022
0.0243966 1.26377
0.0249691 1.26949
0.0254025 1.26848
0.0259587 1.27143
0.0264948 1.2654
0.0270451 1.26504
0.0274639 1.262
0.0279289 1.26015
0.0283283 1.26506
0.0287909 1.25969
0.0292559 1.25983
0.029698 1.25295
0.0301084 1.25815
0.0305391 1.25731
0.0310775 1.25561
0.0315054 1.25117
0.032064 1.25067
0.0325377 1.25025
0.0330268 1.2493
0.0334439 1.24761
0.0338327 1.24075
0.0342475 1.24422
0.0346327 1.24286
0.0352549 1.24119
0.0356701 1.23682
0.0362793 1.23753
0.0367091 1.23296
0.0371757 1.24067
0.0376043 1.22639
0.0380152 1.22922
0.0385284 1.2247
0.0389456 1.22595
0.0393671 1.22115
0.0398013 1.22235
0.0402477 1.22028
0.0408118 1.22703
0.0414056 1.21406
0.0418512 1.21646
0.0422886 1.20951
0.0430945 1.20568
0.0436575 1.20213
0.0440494 1.21436
0.0445448 1.20306
0.0451314 1.20387
0.0455569 1.19739
0.0460365 1.20646
0.0464667 1.19517
0.0468997 1.20275
0.0473339 1.19232
0.0477602 1.18877
0.0482094 1.18688
0.048689 1.17849
0.0490911 1.18703
0.0495846 1.18339
0.0499958 1.17337
0.050545 1.17395
0.0510111 1.17868
0.0514279 1.16248
0.0518396 1.16553
0.0523302 1.18007
0.0527573 1.15962
0.0532262 1.16989
0.053681 1.17939
0.0541167 1.17618
0.0545513 1.16537
0.0549685 1.16186
0.0553963 1.15273
0.0559486 1.14522
0.0563958 1.15919
0.0568067 1.14305
0.0572389 1.12243
0.0577651 1.14433
0.0582704 1.13475
0.0587571 1.11871
0.0591913 1.13194
0.0596077 1.13241
0.0600185 1.14587
0.0606044 1.12932
0.0612622 1.12187
0.0616663 1.12232
0.062219 1.10601
0.0627405 1.12353
0.0632584 1.11068
0.0636578 1.11002
0.0640999 1.08967
0.0646522 1.10757
0.0650674 1.10924
0.0655897 1.10035
0.0660191 1.08638
0.0665631 1.09636
0.0671099 1.09338
0.0676807 1.08576
0.06825 1.08058
0.0686597 1.05999
0.0693214 1.07585
0.0698931 1.07008
0.070332 1.07024
0.0707401 1.05762
0.0711367 1.05183
0.0716298 1.05485
0.0720711 1.07367
0.0724958 1.03309
0.0730176 1.04504
0.0734502 1.03291
0.0739373 1.03773
0.0743502 1.02893
0.0748053 1.03235
0.0752576 1.03307
0.0757819 1.05347
0.0762216 1.02261
0.0766573 1.02307
0.07708 1.00599
0.0774992 1.0036
0.0779812 1.00061
0.078428 1.02775
0.0788626 1.00437
0.0792877 1.00683
0.0797519 0.999221
0.0801876 1.01888
0.0807166 1.00253
0.0812084 1.02428
0.0816177 0.990388
0.0822644 0.985234
0.0826852 0.987227
0.0831743 0.970712
0.0836483 0.980816
0.0840817 0.979279
0.0845989 0.964052
0.0851239 0.966968
0.0855537 0.983511
0.08604 0.95297
0.0864707 0.959702
0.0869238 0.984547
0.0874638 0.950296
0.0878502 0.969151
0.0882868 0.995361
0.0887209 0.987515
0.0891539 0.97253
0.089647 0.963062
0.0900539 0.951232
0.0905319 0.935485
0.0909495 0.965625
0.0914398 0.931975
0.0919209 0.900309
0.0925424 0.944058
0.0929623 0.929614
0.0935241 0.905782
0.0939073 0.929432
0.0943233 0.92858
0.0947203 0.95882
0.0951075 0.933904
0.0956002 0.923386
0.096073 0.92637
0.0964835 0.893754
0.0969493 0.930765
0.0973799 0.910561
0.0978698 0.913295
0.0985351 0.885221
0.0990506 0.918358
0.0994686 0.919411
0.100034 0.904556
0.100564 0.88656
0.101005 0.909505
0.101557 0.906258
0.101966 0.892128
0.102425 0.884858
0.102845 0.856066
0.103256 0.885733
0.103789 0.879368
0.104218 0.877982
0.104762 0.859463
0.105189 0.857976
0.105605 0.872597
0.106003 0.896455
0.106445 0.841944
0.106912 0.85728
0.107386 0.846837
0.107828 0.856388
0.108276 0.853756
0.108681 0.851555
0.1091 0.861469
0.109773 0.889788
0.110196 0.85064
0.110621 0.846145
0.111042 0.826424
0.111541 0.830016
0.112199 0.834438
0.112685 0.866239
0.113145 0.836415
0.113692 0.840569
0.114088 0.830855
0.114555 0.86555
0.115059 0.844927
0.115499 0.872826
0.115905 0.831232
0.116302 0.828645
0.11684 0.834525
0.117271 0.814156
0.117817 0.821439
0.118233 0.824871
0.118635 0.80642
0.119175 0.809611
0.11959 0.836051
0.120088 0.799397
0.120537 0.813702
0.120931 0.837169
0.121353 0.804967
0.121761 0.82431
0.122249 0.860098
0.122686 0.846185
0.123113 0.834956
0.123658 0.824166
0.124066 0.811323
0.124673 0.795711
0.12511 0.826902
0.125494 0.789187
0.125918 0.758325
0.126308 0.80728
0.126707 0.796014
0.127326 0.769505
0.127727 0.799678
0.12817 0.792132
0.128661 0.833736
0.129308 0.808895
0.129771 0.798203
0.130239 0.801957
0.130734 0.760188
0.131154 0.807243
0.13171 0.785149
0.132123 0.79188
0.132646 0.763679
0.133115 0.804962
0.133549 0.802696
0.133971 0.784815
0.134393 0.767913
0.134784 0.797224
0.13517 0.793626
0.13558 0.775184
0.135977 0.768164
0.136613 0.737954
0.137018 0.772213
0.137486 0.7666
0.137881 0.762002
0.138341 0.742012
0.13875 0.759509
0.139264 0.769852
0.139675 0.792274
0.140096 0.733767
0.140539 0.748983
0.140959 0.741074
0.141387 0.753927
0.141843 0.757275
0.142403 0.748546
0.142911 0.765174
0.143323 0.794651
0.143707 0.754872
0.144193 0.746734
0.144661 0.72706
0.145062 0.735412
0.145499 0.746129
0.14597 0.775048
0.146564 0.742527
0.146977 0.747338
0.147505 0.736273
0.147926 0.780097
0.148722 0.756074
0.149187 0.78465
0.14965 0.743108
0.150073 0.741506
0.150477 0.749337
0.150958 0.730711
0.151372 0.734086
0.151804 0.738235
0.152342 0.719261
0.152961 0.722189
0.153366 0.75391
0.153874 0.71664
0.154279 0.735185
0.154719 0.752455
0.155201 0.725524
0.155682 0.743525
0.156144 0.781201
0.156564 0.7646
0.156994 0.757099
0.15741 0.746957
0.15784 0.732528
0.158306 0.719857
0.158849 0.746318
0.159275 0.709882
0.159859 0.683269
0.160399 0.731585
0.160833 0.722197
0.161458 0.695876
0.161936 0.727292
0.162493 0.715902
0.162931 0.76109
0.16341 0.738505
0.163861 0.728774
0.164253 0.733474
0.16471 0.686546
0.165133 0.736316
0.16566 0.714923
0.16618 0.724481
0.166741 0.698062
0.167193 0.743803
0.167659 0.737789
0.168105 0.719006
0.168536 0.703699
0.169014 0.734895
0.169489 0.731069
0.170055 0.709673
0.170546 0.704653
0.170953 0.674426
0.171389 0.708938
0.171889 0.7023
0.172312 0.696619
0.172778 0.675468
Avg iter time = 0.000457126 seconds
