0.00070558 2.50716
0.0010722 2.50947
0.0015356 2.50544
0.00192593 2.50369
0.00225422 2.50975
0.00269472 2.51141
0.00299812 2.50982
0.00338765 2.49404
0.00369501 2.50352
0.00403081 2.49155
0.00436938 2.5092
0.00467437 2.50782
0.00500899 2.50409
0.00535506 2.50485
0.00573274 2.50108
0.00605274 2.50408
0.00638025 2.49965
0.00671328 2.49267
0.00708109 2.49875
0.00740227 2.49467
0.00775111 2.50142
0.00805886 2.4909
0.00841244 2.48425
0.00871467 2.50621
0.00903664 2.49999
0.00938785 2.4964
0.00968375 2.49329
0.0102037 2.49572
0.010605 2.49828
0.0110309 2.48887
0.0115303 2.48596
0.011949 2.49274
0.0123101 2.49029
0.0126744 2.4841
0.0132073 2.4861
0.0136217 2.48501
0.0139469 2.49597
0.0142759 2.48133
0.0147172 2.47505
0.0151968 2.48282
0.0155654 2.48051
0.0160312 2.47639
0.0163828 2.48902
0.016913 2.48106
0.0172354 2.4828
0.0176529 2.48406
0.0179733 2.47883
0.0186208 2.46911
0.0189811 2.48615
0.0193572 2.48276
0.0198234 2.48241
0.0201884 2.47377
0.0206424 2.48016
0.0210979 2.48491
0.0214925 2.47589
0.0219267 2.48289
0.022355 2.48331
0.0227864 2.48131
0.0231664 2.48149
0.0235635 2.4659
0.0240624 2.46941
0.0245685 2.46872
0.0250742 2.47843
0.0255237 2.45148
0.0259172 2.47234
0.0265098 2.47514
0.0270202 2.46111
0.0275125 2.46968
0.0279427 2.4738
0.0283062 2.47057
0.0286744 2.46011
0.0291658 2.47557
0.0297549 2.4612
0.0302353 2.47254
0.030624 2.46305
0.0310408 2.45171
0.0314343 2.46688
0.0318025 2.45774
0.0325246 2.46119
0.0333076 2.46532
0.0337047 2.44748
0.0340749 2.46808
0.0346568 2.46492
0.0350092 2.46557
0.0354738 2.46134
0.0359451 2.45957
0.0364172 2.44094
0.0369284 2.45409
0.0373622 2.45002
0.0379966 2.46443
0.0384087 2.4565
0.0387745 2.46164
0.0392371 2.46235
0.0398791 2.45435
0.0402916 2.44366
0.0407202 2.45363
0.0412444 2.44524
0.0416553 2.45656
0.0420239 2.45694
0.042381 2.44897
0.0429341 2.45604
0.0432652 2.45658
0.0439581 2.44561
0.0443654 2.44218
0.0447866 2.44922
0.0451078 2.44018
0.0456711 2.43623
0.0461179 2.44823
0.0465355 2.44812
0.0469397 2.44438
0.0476061 2.44957
0.048143 2.43472
0.0488518 2.4503
0.0492863 2.4459
0.0497383 2.46019
0.0502341 2.44486
0.0506864 2.43261
0.051057 2.43648
0.0514987 2.4386
0.0519313 2.43243
0.0523477 2.44206
0.0528616 2.42721
0.0532618 2.44352
0.053696 2.44086
0.0541598 2.42237
0.054558 2.44274
0.0550025 2.42189
0.0554916 2.42338
0.0558364 2.43364
0.0562817 2.4343
0.0566546 2.42452
0.0570706 2.43729
0.0575755 2.42525
0.0581041 2.4152
0.0584383 2.43008
0.0588101 2.41786
0.0591862 2.4232
0.0596804 2.43515
0.0600739 2.42744
0.0606317 2.42603
0.0610623 2.41818
0.0615731 2.42572
0.0622135 2.41516
0.0626679 2.42667
0.0631925 2.42193
0.0636188 2.42262
0.0639364 2.41619
0.0642714 2.4132
0.0646779 2.41578
0.0650469 2.42118
0.0655336 2.40817
0.0660832 2.41082
0.0664565 2.40798
0.0669156 2.40505
0.0672458 2.39268
0.0677246 2.41218
0.0681035 2.41385
0.0685246 2.40733
0.0688474 2.40361
0.0692618 2.39382
0.069604 2.41264
0.0699567 2.38696
0.0703163 2.40564
0.0721557 2.39688
0.0725511 2.40778
0.0730197 2.3951
0.0734183 2.39339
0.0739034 2.39667
0.074387 2.38958
0.0749235 2.40228
0.075266 2.38861
0.0756026 2.35117
0.0763556 2.40913
0.0768956 2.38701
0.0773231 2.39571
0.0779342 2.3913
0.0782313 2.39874
0.0786694 2.37561
0.079059 2.37974
0.0795129 2.37829
0.079923 2.3867
0.0803674 2.37829
0.0807328 2.37168
0.0811623 2.39018
0.0816849 2.39334
0.0821329 2.39166
0.0826228 2.37335
0.0829389 2.38373
0.0836294 2.36232
0.0839838 2.39547
0.0844918 2.36125
0.085084 2.37648
0.085619 2.37827
0.0859781 2.38633
0.0864616 2.37729
0.0868875 2.35208
0.087266 2.36604
0.0876713 2.36442
0.0880845 2.34191
0.0884685 2.35727
0.0888529 2.35939
0.0893614 2.34996
0.0899247 2.36448
0.0903668 2.34603
0.0910226 2.36043
0.0915224 2.37139
0.0918736 2.35974
0.0922441 2.36592
0.0926467 2.36376
0.0930837 2.35849
0.093506 2.33931
0.0939346 2.35004
0.0944881 2.34578
0.094846 2.34809
0.0952344 2.34645
0.0957586 2.33374
0.0961485 2.35284
0.0965863 2.33728
0.0970959 2.32307
0.097406 2.31543
0.0978406 2.32054
0.0981701 2.3256
0.0986157 2.32872
0.0990736 2.32486
0.0994892 2.33886
0.0998736 2.30117
0.10038 2.34264
0.100731 2.35884
0.101181 2.32117
0.101609 2.29432
0.101946 2.29256
0.102432 2.32439
0.102949 2.35774
0.103409 2.34572
0.103772 2.34347
0.104194 2.32936
0.104578 2.31466
0.104984 2.30652
0.105432 2.33117
0.105808 2.33859
0.106226 2.32687
0.106664 2.31116
0.107085 2.32208
0.107442 2.28863
0.107831 2.33795
0.108216 2.31667
0.108714 2.32602
0.109252 2.33727
0.109686 2.30362
0.110062 2.30189
0.110549 2.31407
0.110882 2.32072
0.111342 2.31777
0.111726 2.31399
0.112228 2.28645
0.112661 2.3101
0.112973 2.26839
0.113435 2.2785
0.113905 2.28803
0.114274 2.28527
0.114701 2.27373
0.115064 2.26845
0.115396 2.28221
0.115881 2.28463
0.116197 2.25499
0.116583 2.26826
0.117058 2.28143
0.117461 2.25536
0.117893 2.2641
0.118404 2.27161
0.118907 2.25721
0.119322 2.27677
0.119766 2.29696
0.120284 2.26502
0.120845 2.302
0.121259 2.28145
0.121717 2.23278
0.122304 2.2547
0.122737 2.24096
0.123116 2.22376
0.123556 2.27511
0.123891 2.28767
0.124189 2.2434
0.124586 2.22064
0.125055 2.2362
0.125411 2.23698
0.125881 2.21892
0.126257 2.22611
0.126804 2.23624
0.127354 2.2279
0.127842 2.21618
0.128356 2.25035
0.128802 2.25564
0.129197 2.25275
0.129651 2.20994
0.13008 2.24801
0.130518 2.20736
0.131004 2.21908
0.131386 2.20472
0.131728 2.24662
0.132083 2.16473
0.13254 2.24191
0.132945 2.17184
0.133358 2.19023
0.13388 2.1815
0.134262 2.15615
0.134703 2.17478
0.135025 2.22345
0.135332 2.20487
0.135759 2.18119
0.136114 2.23612
0.13646 2.19148
0.136899 2.1724
0.13724 2.15308
0.137637 2.1626
0.138009 2.15539
0.138526 2.19219
0.138898 2.20079
0.139271 2.17265
0.139903 2.13853
0.140341 2.18137
0.140696 2.18823
0.141052 2.18969
0.14143 2.18306
0.141806 2.21795
0.142125 2.16478
0.142611 2.18616
0.143029 2.15898
0.143391 2.11114
0.143709 2.18474
0.144188 2.17837
0.144532 2.16543
0.144859 2.14367
0.14533 2.1467
0.145635 2.09089
0.145977 2.1676
0.146426 2.2015
0.146801 2.13911
0.147254 2.09713
0.147641 2.12678
0.148051 2.12801
0.148464 2.1414
0.148796 2.16594
0.149173 2.15287
0.149528 2.1436
0.14989 2.15591
0.150355 2.15304
0.150941 2.10514
0.15132 2.08328
0.151847 2.11691
0.152282 2.13481
0.153165 2.11541
0.153634 2.11709
0.154091 2.08059
0.154485 2.10161
0.154795 2.10562
0.155264 2.08672
0.155772 2.10747
0.156132 2.15382
0.156624 2.11392
0.156989 2.08329
0.157464 2.11339
0.157806 2.10806
0.158224 2.07174
0.158566 2.08416
0.159048 2.06694
0.159572 2.01642
0.160056 2.06624
0.160656 2.04578
0.161105 2.12573
0.161573 2.03768
0.162051 2.08321
0.162578 2.03353
0.162979 2.00672
0.163503 2.0635
0.163851 2.02478
0.164207 1.98473
0.164842 2.0223
0.16521 2.0107
0.165581 2.01467
0.165996 2.0046
0.166419 2.02306
0.166872 2.11859
0.167284 2.09257
0.167714 2.05833
0.168166 1.94556
0.168635 2.08939
0.169114 2.11098
0.169508 2.05974
0.169865 2.05486
0.170186 2.05252
0.170602 1.99247
0.171017 2.02886
0.171527 2.08667
0.171872 2.00363
0.172278 2.01216
0.172832 2.05545
0.173237 1.97441
0.173604 1.92415
0.174083 2.00955
0.174479 1.99638
0.174919 1.98983
0.175332 1.94366
0.175951 1.9863
0.176382 1.99234
0.176945 2.00343
0.177367 1.99019
0.177696 2.05603
0.17833 2.00095
0.178814 1.92369
0.179169 1.90115
0.179626 1.9548
0.180077 2.04304
0.180447 2.02444
0.1809 1.94342
0.181394 1.97255
0.181864 1.90745
0.182224 1.9171
0.182634 1.97906
0.18297 2.00925
0.183331 1.93191
0.183695 1.97077
0.184135 2.01134
0.184583 1.9686
0.184982 1.92784
0.185468 1.89641
0.185902 1.88675
0.186319 1.89267
0.1868 1.93894
0.187142 1.95372
0.187529 1.87484
0.187891 1.88632
0.188265 1.87758
0.188679 1.95437
0.189223 1.83421
0.189587 1.85006
0.190066 1.87092
0.190425 1.89422
0.190756 1.89513
0.191245 1.95981
0.191625 1.89637
0.192037 1.89123
0.192555 1.8974
0.192928 1.8199
0.193374 1.8718
0.193752 1.91138
0.194244 1.8808
0.194667 1.94001
0.19501 1.84198
0.195369 1.89918
0.195785 1.87239
0.196328 1.89679
0.196755 1.87517
0.197149 1.85126
0.197602 1.81897
0.198064 1.86643
0.198512 1.78462
0.198835 1.85256
0.199468 1.88214
0.199874 1.88654
0.200269 1.7312
0.200702 1.74876
0.201152 1.715
0.201724 1.86759
0.202091 1.73835
0.202481 1.78916
0.203049 1.85269
0.203472 1.71665
0.203861 1.92508
0.204174 1.75022
0.204608 1.83627
0.20497 1.77763
0.2054 1.81723
0.205794 1.90261
0.206313 1.82011
0.206768 1.8327
0.207193 1.86469
0.207796 1.89532
0.208169 1.80561
0.208714 1.81156
0.209077 1.86239
0.209557 1.84242
0.210078 1.7301
0.210519 1.77142
0.210884 1.78734
0.211405 1.69759
0.211816 1.77556
0.212339 1.79933
0.212739 1.77912
0.213213 1.74683
0.213554 1.76285
0.214061 1.70011
0.214406 1.81836
0.214976 1.82054
0.215315 1.79334
0.215728 1.77993
0.216123 1.78782
0.216522 1.75324
0.216941 1.75042
0.217384 1.71468
0.21769 1.75701
0.218131 1.73451
0.218546 1.72298
0.218909 1.78511
0.21952 1.63293
0.219965 1.74925
0.220278 1.78408
0.220803 1.67138
0.221124 1.72294
0.221458 1.7114
0.221978 1.71537
0.222407 1.68517
0.222735 1.70544
0.223046 1.73139
0.223358 1.77017
0.223727 1.69047
0.224011 1.58292
0.224345 1.70384
0.224725 1.67368
0.225177 1.73249
0.225502 1.60054
0.225894 1.72157
0.226251 1.81797
0.226684 1.66973
0.22712 1.755
0.227581 1.86533
0.228012 1.81364
0.228403 1.76935
0.228743 1.72606
0.22919 1.75964
0.229602 1.68375
0.230133 1.68764
0.23068 1.60997
0.231081 1.76096
0.23153 1.72703
0.23198 1.58726
0.232411 1.69289
0.232944 1.75443
0.233369 1.75858
0.233776 1.55047
0.234291 1.70441
0.23486 1.68299
0.235546 1.68487
0.236115 1.7011
0.236677 1.59829
0.237114 1.69204
0.237581 1.60598
0.238105 1.66149
0.238588 1.63736
0.239042 1.54245
0.239566 1.61057
0.240072 1.62308
0.240519 1.66062
0.240953 1.63317
0.24138 1.64283
0.241842 1.54638
0.242317 1.65744
0.242736 1.58393
0.243048 1.61652
0.243566 1.70584
0.244135 1.71664
0.244587 1.66717
0.245106 1.65503
0.245638 1.59023
0.246163 1.64708
0.246736 1.66385
0.247179 1.6624
0.247611 1.68825
0.248148 1.64385
0.24868 1.65927
0.249115 1.70479
0.249683 1.68032
0.250224 1.59988
0.250746 1.67547
0.251195 1.54148
0.251673 1.62107
0.252164 1.66402
0.252609 1.64323
0.253182 1.68279
0.253747 1.60441
0.254175 1.64855
0.254744 1.68789
0.255283 1.67229
0.255751 1.7829
0.256185 1.75361
0.256736 1.5737
0.257129 1.57159
0.25767 1.65313
0.258119 1.56877
0.258658 1.62712
0.259184 1.53925
0.259621 1.6379
0.260048 1.71391
0.260587 1.61183
0.26092 1.72327
0.261305 1.57128
0.261792 1.54753
0.262332 1.55358
0.262785 1.54916
0.263135 1.61093
0.2636 1.71924
0.264108 1.65015
0.264559 1.56851
0.26497 1.66055
0.265593 1.5717
0.266015 1.57617
0.266471 1.71031
0.26695 1.73065
0.267454 1.64296
0.267908 1.56174
0.268305 1.51922
0.268792 1.52337
0.269186 1.65031
0.269603 1.60257
0.270127 1.615
0.270618 1.56229
0.270918 1.51781
0.271411 1.59587
0.271823 1.61461
0.272334 1.52111
0.272871 1.51792
0.273222 1.49743
0.273589 1.44883
0.274033 1.45674
0.274445 1.5832
0.274901 1.6367
0.27545 1.57275
0.275963 1.53392
0.276321 1.46497
0.276905 1.53651
0.277351 1.49258
0.277782 1.56604
0.278292 1.58864
0.278812 1.55441
0.279239 1.47582
0.279635 1.48473
0.280071 1.52467
0.280646 1.55802
0.281028 1.55087
0.281495 1.4084
0.282083 1.3412
0.282558 1.63623
0.282925 1.56534
0.283355 1.51694
0.283869 1.61423
0.284306 1.63019
0.284693 1.49268
0.285271 1.48261
0.285794 1.43948
0.286289 1.53707
0.286802 1.46578
0.28716 1.44621
0.287664 1.50591
0.288165 1.56493
0.288797 1.56156
0.289303 1.52577
0.289835 1.52292
0.290374 1.42705
0.290866 1.61302
0.291288 1.46826
0.291751 1.51888
0.292164 1.54404
0.292664 1.61313
0.293109 1.54831
0.293544 1.44214
0.293957 1.46141
0.294505 1.50139
0.29491 1.35464
0.295252 1.42404
0.295906 1.43798
0.296451 1.4802
0.296856 1.49294
0.297351 1.40456
0.298024 1.46495
0.298529 1.51575
0.298998 1.58675
0.299513 1.5538
0.299908 1.56533
0.300336 1.50792
0.300745 1.44486
0.301126 1.46797
0.301665 1.54922
0.302068 1.48709
0.302607 1.52759
0.303061 1.43344
0.303552 1.51492
0.304044 1.47273
0.304603 1.36653
0.305214 1.37379
0.305717 1.44335
0.306076 1.49544
0.306577 1.44371
0.307092 1.48178
0.30758 1.45479
0.308015 1.37885
0.308522 1.4916
0.308957 1.62197
0.309446 1.45417
0.310003 1.37703
0.310453 1.36723
0.311318 1.47956
0.31199 1.59018
0.312532 1.59709
0.312958 1.55502
0.313454 1.63172
0.313871 1.42905
0.314335 1.43332
0.314833 1.57344
0.315328 1.57243
0.315952 1.50114
0.316401 1.45904
0.316905 1.5046
0.317589 1.43009
0.317995 1.62483
0.318599 1.51656
0.319118 1.48551
0.319618 1.61783
0.320072 1.45986
0.320562 1.45464
0.320964 1.47266
0.321472 1.55985
0.321937 1.58068
0.322345 1.59799
0.322861 1.42009
0.323246 1.46819
0.323701 1.38539
0.32412 1.37947
0.324612 1.48575
0.325064 1.44792
0.325417 1.452
0.325807 1.44084
0.326263 1.42336
0.326703 1.40858
0.32724 1.28783
0.327648 1.38539
0.328188 1.44594
0.328726 1.33244
0.329194 1.42513
0.32964 1.4634
0.3302 1.41582
0.330648 1.47703
0.33101 1.51637
0.331497 1.40255
0.331957 1.49433
0.332438 1.43686
0.333017 1.37655
0.333513 1.3924
0.334 1.45652
0.334323 1.33324
0.334889 1.4527
0.335343 1.52823
0.33568 1.38388
0.336158 1.32001
0.336589 1.40981
0.337078 1.38436
0.33741 1.30858
0.337754 1.41656
0.338147 1.38904
0.338652 1.40699
0.339209 1.3421
0.339673 1.47773
0.340087 1.53479
0.34056 1.46516
0.340943 1.40254
0.341402 1.48724
0.341794 1.384
0.342279 1.4148
0.342779 1.38228
0.343232 1.48858
0.343625 1.33769
0.344054 1.46989
0.344504 1.31333
0.344926 1.32493
0.345401 1.33905
0.345733 1.25548
0.346172 1.33007
0.346625 1.53203
0.34704 1.43629
0.347602 1.37276
0.348043 1.50076
0.348607 1.44287
0.349138 1.36436
0.349519 1.31198
0.349934 1.38843
0.350518 1.30746
0.350992 1.3966
0.351415 1.42273
0.351823 1.36358
0.352182 1.26387
0.352764 1.39851
0.35329 1.39296
0.353813 1.4984
0.354283 1.49793
0.354634 1.50451
0.355082 1.37535
0.355541 1.42845
0.356004 1.3761
0.356418 1.31251
0.356928 1.44952
0.357443 1.48224
0.358019 1.43614
0.358519 1.35426
0.359008 1.38328
0.359407 1.32452
0.359966 1.43754
0.360426 1.53616
0.361027 1.35992
0.361509 1.22564
0.362083 1.27739
0.36274 1.29746
0.363257 1.35436
0.363661 1.43422
0.364123 1.42667
0.36452 1.45448
0.364919 1.42848
0.365403 1.46006
0.366218 1.29879
0.367023 1.25522
0.367458 1.33545
0.368006 1.44744
0.368588 1.39318
0.368888 1.41838
0.369331 1.29031
0.369855 1.33198
0.370219 1.414
0.370566 1.31007
0.371204 1.36133
0.371691 1.44737
0.37206 1.415
0.372873 1.3532
0.373385 1.42278
0.373833 1.40584
0.374245 1.2945
0.374719 1.33746
0.375111 1.33628
0.375655 1.24836
0.376052 1.32488
0.376554 1.31742
0.377053 1.46586
0.377423 1.32971
0.377827 1.38368
0.378247 1.33456
0.378783 1.23908
0.379203 1.39429
0.379557 1.25873
0.379987 1.20545
0.380413 1.32368
0.380955 1.25387
0.381592 1.31435
0.3821 1.27492
0.382532 1.26924
0.383187 1.54604
0.383583 1.44907
0.384037 1.38491
0.384444 1.17709
0.384776 1.48527
0.38517 1.53646
0.385678 1.36624
0.386053 1.40325
0.386393 1.37868
0.386933 1.30568
0.387401 1.35439
0.387749 1.55979
0.388138 1.31749
0.388569 1.35443
0.388953 1.38364
0.389322 1.26623
0.389805 1.18018
0.390148 1.34169
0.390522 1.36972
0.390921 1.2873
0.391392 1.21366
0.391847 1.25778
0.392301 1.31808
0.3927 1.32596
0.393104 1.37007
0.393577 1.49185
0.394006 1.37128
0.394459 1.23635
0.394816 1.15392
0.395423 1.32604
0.395887 1.46509
0.396282 1.48929
0.396682 1.28742
0.397121 1.37024
0.397476 1.23433
0.397848 1.25519
0.398247 1.3684
0.398588 1.34317
0.398968 1.24702
0.399451 1.37996
0.399946 1.41383
0.400393 1.29334
0.400851 1.26537
0.40125 1.23862
0.401685 1.24411
0.4021 1.21675
0.402691 1.33455
0.403198 1.41263
0.403651 1.20907
0.404049 1.24158
0.404493 1.25046
0.40508 1.3364
0.40552 1.22285
0.406036 1.22716
0.406445 1.25044
0.406786 1.21199
0.40724 1.28336
0.407839 1.35917
0.408194 1.26856
0.408588 1.27938
0.408997 1.32004
0.409338 1.18578
0.409941 1.23785
0.410396 1.34315
0.410807 1.23586
0.411185 1.38956
0.411633 1.24953
0.412 1.30609
0.41269 1.33083
0.413062 1.29712
0.413702 1.26445
0.414192 1.24227
0.414613 1.15912
0.415055 1.22269
0.415502 1.19877
0.415894 1.25808
0.416383 1.2571
0.416863 1.2876
0.417409 1.05947
0.417846 1.09559
0.41836 1.09215
0.418781 1.32867
0.41914 1.12956
0.419594 1.12435
0.419941 1.33794
0.420557 1.06034
0.420889 1.39982
0.421433 1.22516
0.421833 1.31714
0.422277 1.1975
0.422698 1.30129
0.423103 1.38958
0.423437 1.25988
0.423797 1.31169
0.42436 1.36395
0.424759 1.46029
0.425154 1.25633
0.425675 1.31832
0.426059 1.32927
0.426462 1.30487
0.426905 1.17033
0.42751 1.22874
0.427917 1.25335
0.428332 1.15037
0.428687 1.22297
0.429024 1.28101
0.429352 1.25565
0.429733 1.20845
0.430238 1.25366
0.430824 1.18261
0.431347 1.31713
0.431768 1.27813
0.43223 1.28603
0.432641 1.29421
0.433009 1.28776
0.433507 1.24887
0.43396 1.27546
0.43434 1.18372
0.434842 1.23333
0.435184 1.26381
0.435629 1.23694
0.436071 1.27006
0.43655 1.12425
0.437011 1.24479
0.437391 1.2944
0.43789 1.22767
0.438431 1.24808
0.43889 1.28656
0.439477 1.27384
0.439914 1.16686
0.440298 1.25246
0.440736 1.26017
0.441249 1.28973
0.441593 1.19932
0.442146 1.06078
0.442607 1.22166
0.443196 1.19173
0.443891 1.26243
0.444348 1.08267
0.444779 1.22523
0.445408 1.37001
0.445934 1.27737
0.446369 1.27131
0.446916 1.45975
0.447253 1.37084
0.447639 1.31854
0.448076 1.26363
0.44851 1.31009
0.449007 1.30174
0.449426 1.28835
0.449746 1.18929
0.450086 1.37494
0.450618 1.29819
0.451064 1.14988
0.451497 1.29995
0.452031 1.36382
0.452471 1.38108
0.452958 1.09711
0.453382 1.25134
0.453881 1.27013
0.454251 1.29313
0.45479 1.25167
0.455273 1.15051
0.455663 1.2546
0.456157 1.15743
0.45669 1.22631
0.457122 1.2257
0.457545 1.14318
0.458039 1.14316
0.458486 1.1547
0.458883 1.2437
0.459464 1.23214
0.459939 1.19775
0.46038 1.13923
0.46071 1.25613
0.461089 1.17415
0.461559 1.1763
0.46188 1.39139
0.462191 1.3779
0.462787 1.25835
0.463111 1.24961
0.463533 1.17591
0.464089 1.25751
0.464525 1.24323
0.465088 1.28487
0.465581 1.34053
0.466134 1.27473
0.466597 1.25473
0.467008 1.35697
0.467678 1.35218
0.468183 1.19827
0.468661 1.26522
0.46943 1.14719
0.469861 1.22611
0.470263 1.30029
0.470731 1.26242
0.471234 1.34186
0.471662 1.25036
0.472127 1.32144
0.472605 1.37085
0.472988 1.32534
0.473383 1.41891
0.473949 1.42871
0.474422 1.21793
0.47492 1.16442
0.47534 1.28989
0.475988 1.1884
0.4764 1.2132
0.476797 1.1862
0.477296 1.28037
0.477697 1.38071
0.47835 1.28504
0.478966 1.39135
0.479471 1.2195
0.48006 1.1645
0.48053 1.18036
0.481076 1.20262
0.481644 1.27853
0.482203 1.37156
0.482793 1.33979
0.48333 1.23619
0.483784 1.31964
0.484159 1.22843
0.484523 1.24173
0.484984 1.40056
0.485356 1.40409
0.485761 1.31372
0.486256 1.19316
0.486694 1.15582
0.487204 1.13491
0.487711 1.28447
0.488264 1.23355
0.488661 1.25829
0.489039 1.20492
0.489451 1.17019
0.489903 1.25103
0.490495 1.29546
0.490964 1.19291
0.49157 1.18962
0.491954 1.21211
0.492329 1.08773
0.492866 1.12354
0.493368 1.24291
0.49372 1.32973
0.494176 1.27837
0.49461 1.2172
0.495109 1.1193
0.495675 1.16858
0.496192 1.19203
0.496696 1.24404
0.49712 1.33501
0.497643 1.23052
0.498078 1.13533
0.498511 1.16742
0.498943 1.19848
0.499367 1.25371
0.500036 1.20774
0.500749 1.04864
0.501139 1.0688
0.501679 1.31071
0.502184 1.25981
0.502598 1.17818
0.503233 1.33246
0.503789 1.33946
0.504188 1.19244
0.504526 1.16565
0.505075 1.11416
0.50567 1.23962
0.506184 1.14374
0.506609 1.10765
0.507026 1.18559
0.507548 1.2363
0.507994 1.25972
0.508354 1.23042
0.508904 1.22644
0.509374 1.11214
0.509848 1.31601
0.51025 1.18228
0.510804 1.2449
0.511285 1.26481
0.511846 1.328
0.512276 1.25955
0.512869 1.15821
0.513394 1.14657
0.513896 1.23583
0.514266 1.05157
0.514772 1.12552
0.515148 1.14485
0.515672 1.20728
0.516085 1.2089
0.516788 1.11533
0.517239 1.16288
0.517652 1.23238
0.518222 1.34012
0.518689 1.30401
0.519095 1.33191
0.519668 1.22987
0.520025 1.15783
0.520399 1.17507
0.521004 1.31297
0.521382 1.20281
0.521952 1.26066
0.522514 1.15924
0.523116 1.2334
0.523513 1.20924
0.52391 1.08392
0.524268 1.08351
0.524748 1.18117
0.525163 1.2386
0.525626 1.19185
0.526119 1.2669
0.526609 1.19259
0.52732 1.11037
0.527766 1.19307
0.528108 1.38019
0.528599 1.20587
0.528918 1.13627
0.529398 1.13484
0.529945 1.20991
0.530449 1.3145
0.530835 1.36698
0.531368 1.30177
0.531779 1.4162
0.53222 1.1729
0.532678 1.18287
0.533388 1.33341
0.533846 1.34099
0.534491 1.25036
0.534829 1.2242
0.535263 1.24366
0.535638 1.21253
0.536059 1.39565
0.536557 1.29469
0.536957 1.21798
0.537377 1.39674
0.537871 1.21415
0.538407 1.20419
0.538878 1.21591
0.539372 1.32736
0.539791 1.35622
0.540131 1.40056
0.540514 1.15502
0.540969 1.21644
0.541441 1.17626
0.542146 1.14347
0.542564 1.25596
0.543206 1.20385
0.543656 1.25019
0.544281 1.21167
0.544777 1.1656
0.545162 1.14908
0.54564 1.022
0.546122 1.13032
0.546607 1.19407
0.547215 1.06365
0.547652 1.18301
0.548388 1.24992
0.548733 1.19155
0.549268 1.25013
0.549705 1.28555
0.550573 1.136
0.551028 1.22777
0.551494 1.18166
0.551994 1.13357
0.55251 1.13869
0.552878 1.25234
0.553391 1.10659
0.553746 1.20093
0.554258 1.28567
0.554758 1.14553
0.555098 1.07345
0.555428 1.20443
0.555821 1.1576
0.556149 1.04766
0.55657 1.17827
0.55715 1.13468
0.557523 1.19526
0.557853 1.11817
0.558396 1.29766
0.558836 1.36486
0.559273 1.24389
0.559765 1.1916
0.560085 1.25115
0.560479 1.17414
0.5609 1.17826
0.561251 1.17875
0.561545 1.27641
0.561905 1.14099
0.562222 1.26865
0.562682 1.11577
0.563105 1.08471
0.56365 1.10705
0.56399 1.02719
0.564508 1.11414
0.564857 1.35239
0.565318 1.23929
0.565756 1.18168
0.5663 1.30648
0.566621 1.25426
0.566946 1.17225
0.567309 1.11024
0.567648 1.18158
0.568026 1.09981
0.568385 1.18665
0.568713 1.20377
0.569032 1.14105
0.569342 1.05144
0.569629 1.2172
0.569962 1.18132
0.570511 1.31955
0.57086 1.30005
0.571199 1.28223
0.57151 1.15326
0.571918 1.22578
0.572383 1.18416
0.572748 1.13734
0.573405 1.2663
0.573736 1.31315
0.574113 1.25535
0.574467 1.16067
0.574898 1.17422
0.575324 1.15125
0.575639 1.25036
0.576166 1.33426
0.576479 1.17142
0.576778 1.00858
0.577254 1.0532
0.577694 1.07909
0.577989 1.15106
0.578578 1.25167
0.578922 1.23065
0.579242 1.27872
0.579615 1.22879
0.580228 1.27715
0.580546 1.11152
0.580841 1.04683
0.581165 1.14513
0.581578 1.27461
0.581885 1.23126
0.582336 1.24782
0.582648 1.09704
0.582974 1.13337
0.583335 1.25654
0.583646 1.1418
0.583941 1.18109
0.584263 1.25089
0.584543 1.23959
0.584991 1.18156
0.585333 1.26217
0.585672 1.22502
0.586096 1.10213
0.586454 1.14994
0.586877 1.14062
0.587235 1.07935
0.587673 1.14299
0.587993 1.14959
0.588658 1.2847
0.58905 1.16542
0.589431 1.20691
0.589974 1.16943
0.590273 1.05837
0.590734 1.24413
0.591182 1.06035
0.591614 1.0025
0.592024 1.17526
0.592461 1.07681
0.592791 1.13732
0.593207 1.08306
0.593537 1.08471
0.593844 1.41351
0.594139 1.27221
0.594627 1.21814
0.594932 1.01
0.59532 1.32501
0.595636 1.39024
0.595959 1.18838
0.596289 1.2539
0.596772 1.21623
0.597277 1.14553
0.597601 1.20121
0.597994 1.44186
0.598493 1.15161
0.598862 1.2003
0.599289 1.19962
0.599801 1.10124
0.600151 1.00688
0.600459 1.17355
0.600751 1.22307
0.601152 1.11672
0.601566 1.04346
0.601904 1.07759
0.602197 1.15069
0.602504 1.14432
0.602902 1.23454
0.603197 1.35164
0.603696 1.20615
0.604112 1.08653
0.604447 0.974755
0.604733 1.17753
0.605209 1.28972
0.605552 1.37242
0.605854 1.12307
0.606255 1.22145
0.606631 1.07547
0.607119 1.09594
0.607528 1.2213
0.607882 1.15887
0.608253 1.07371
0.60869 1.22964
0.609169 1.24495
0.609509 1.12188
0.610048 1.10232
0.61064 1.07709
0.611049 1.12001
0.611555 1.0468
0.612087 1.18909
0.612542 1.29307
0.61291 1.04846
0.613276 1.07661
0.613652 1.11147
0.613976 1.16403
0.614376 1.09666
0.614988 1.08525
0.615441 1.09144
0.615827 1.02826
0.616338 1.12207
0.616831 1.194
0.617146 1.11057
0.617632 1.13341
0.618062 1.18778
0.618591 1.02939
0.619056 1.07155
0.619421 1.1893
0.61977 1.06287
0.620156 1.23929
0.620581 1.09781
0.621028 1.15835
0.621379 1.20077
0.621909 1.1378
0.622299 1.10257
0.622666 1.09245
0.623049 0.981841
0.623421 1.04373
0.623757 1.05988
0.624114 1.10063
0.624489 1.08275
0.624957 1.12278
0.625376 0.894923
0.625864 0.932895
0.626231 0.954367
0.626697 1.18726
0.627033 0.991165
0.627479 0.958471
0.62802 1.22651
0.628376 0.903564
0.628909 1.21167
0.629375 1.09258
0.629731 1.18255
0.630188 1.06521
0.630599 1.16824
0.630992 1.24114
0.631332 1.11976
0.631755 1.19104
0.632124 1.23046
0.632456 1.35557
0.63283 1.12358
0.633262 1.19169
0.633624 1.16449
0.633951 1.16041
0.634432 1.02738
0.634801 1.08082
0.635189 1.10633
0.635607 1.01673
0.636039 1.08372
0.636762 1.14614
0.637244 1.11668
0.637602 1.0744
0.638296 1.13626
0.63865 1.05955
0.639073 1.18504
0.639518 1.12563
0.640074 1.14694
0.640462 1.15366
0.640861 1.15478
0.641315 1.12152
0.641684 1.16582
0.642107 1.03257
0.64248 1.10138
0.64281 1.15427
0.643241 1.11612
0.643687 1.13228
0.644138 0.996947
0.64464 1.11515
0.645044 1.16062
0.64545 1.12685
0.646041 1.1239
0.646378 1.17464
0.6469 1.16339
0.647388 1.03251
0.647727 1.12524
0.648416 1.12186
0.648755 1.15923
0.649132 1.06756
0.649651 0.945638
0.650143 1.09556
0.650442 1.07147
0.65093 1.1261
0.651428 0.961611
0.652164 1.09443
0.652602 1.24292
0.652985 1.19422
0.653551 1.1329
0.653941 1.33917
0.654558 1.23388
0.65492 1.18701
0.655421 1.13124
0.655748 1.17052
0.656208 1.20821
0.656608 1.17444
0.657015 1.08065
0.657354 1.2717
0.657677 1.18226
0.65812 1.0473
0.658507 1.19904
0.658971 1.26891
0.65935 1.27581
0.659755 0.983858
0.660106 1.12594
0.660441 1.16703
0.660818 1.1883
0.661253 1.12515
0.661573 1.0383
0.661921 1.12074
0.662385 1.04717
0.662713 1.10731
0.663135 1.11721
0.663999 1.04824
0.664415 1.00736
0.664785 1.01664
0.665392 1.13555
0.665702 1.11771
0.66603 1.06282
0.666443 1.03086
0.66683 1.14053
0.667203 1.06161
0.667872 1.06221
0.668299 1.30151
0.66868 1.28254
0.669066 1.13976
0.669373 1.12866
0.669753 1.06402
0.670081 1.15322
0.671006 1.12065
0.671611 1.18037
0.671958 1.26279
0.672346 1.16725
0.672689 1.1367
0.673043 1.26533
0.673433 1.25717
0.673792 1.08697
0.6742 1.13312
0.674568 1.03849
0.674878 1.11663
0.675539 1.18352
0.676107 1.16118
0.676447 1.25383
0.676905 1.16522
0.677252 1.21989
0.67778 1.28159
0.678299 1.22389
0.678759 1.30734
0.679197 1.34368
0.679544 1.11052
0.679833 1.04448
0.680211 1.17706
0.680729 1.07792
0.68113 1.09344
0.681558 1.09618
0.681896 1.17212
0.682265 1.26945
0.682663 1.18119
0.683318 1.27544
0.683695 1.11537
0.684087 1.05963
0.68447 1.06953
0.684799 1.10185
0.685341 1.18121
0.68571 1.2578
0.686083 1.24083
0.686458 1.14386
0.686792 1.20986
0.687185 1.11864
0.68761 1.14722
0.688022 1.30889
0.688406 1.28974
0.68886 1.22394
0.68923 1.07748
0.689587 1.05149
0.689983 1.01586
0.690398 1.15816
0.690962 1.12241
0.691367 1.14531
0.691685 1.0941
0.692173 1.06689
0.692588 1.14391
0.692948 1.20148
0.693265 1.09862
0.693643 1.09197
0.694187 1.1413
0.694695 0.983858
0.695067 1.02505
0.695549 1.13861
0.696096 1.23736
0.696497 1.18708
0.696908 1.12152
0.697395 1.01525
0.697907 1.06203
0.698225 1.11966
0.698667 1.14636
0.6992 1.26649
0.699712 1.13176
0.700522 1.03504
0.700913 1.06706
0.701392 1.09456
0.701764 1.14989
0.702273 1.102
0.702708 0.937945
0.703362 0.996194
0.703956 1.20053
0.704325 1.16864
0.704881 1.07103
0.70524 1.23909
0.705613 1.24176
0.70596 1.09984
0.706504 1.06517
0.706838 1.01973
0.70733 1.14857
0.707733 1.04415
0.70839 1.01125
0.708859 1.09129
0.709436 1.13425
0.709787 1.16741
0.710388 1.13888
0.710801 1.13619
0.711273 1.01754
0.71174 1.21796
0.712153 1.08661
0.712556 1.16536
0.712985 1.17968
0.713477 1.22915
0.71397 1.16372
0.714417 1.07187
0.71486 1.05879
0.715293 1.15637
0.715795 0.956454
0.716133 1.04768
0.716524 1.05351
0.716991 1.12181
0.717417 1.11917
0.71786 1.03129
0.71833 1.059
0.718739 1.146
0.719113 1.25698
0.719626 1.23025
0.720066 1.26171
0.720655 1.1431
0.720991 1.06975
0.721368 1.07586
0.721792 1.23048
0.722295 1.10762
0.722704 1.16897
0.723218 1.07151
0.723654 1.13881
0.724149 1.1283
0.724522 0.990593
0.725016 0.992169
0.725366 1.094
0.725712 1.15065
0.72609 1.1063
0.726407 1.20143
0.726749 1.11375
0.727191 1.02187
0.727694 1.08784
0.728041 1.29673
0.728462 1.12912
0.728803 1.06256
0.729194 1.05788
0.729658 1.11829
0.73001 1.21377
0.730544 1.29345
0.730942 1.21634
0.731445 1.33469
0.731822 1.09142
0.732267 1.10513
0.732734 1.24575
0.733087 1.26918
0.733402 1.168
0.733916 1.15984
0.734236 1.14754
0.734663 1.15198
0.735076 1.31561
0.735479 1.22146
0.735925 1.12528
0.736364 1.31604
0.736745 1.1395
0.737159 1.12562
0.737576 1.13356
0.737946 1.24137
0.738266 1.26576
0.738715 1.31918
0.739204 1.06257
0.739601 1.13109
0.739979 1.11556
0.7403 1.07182
0.740605 1.16834
0.740978 1.11869
0.741377 1.18552
0.741717 1.13201
0.742096 1.07923
0.742462 1.06633
0.742943 0.937039
0.743354 1.04456
0.743727 1.10765
0.744215 0.977969
0.744806 1.09731
0.745314 1.18638
0.746127 1.12176
0.746483 1.17399
0.74689 1.21046
0.747239 1.04438
0.747568 1.12909
0.748029 1.10427
0.748797 1.04701
0.749204 1.06076
0.749579 1.17319
0.749934 1.02958
0.75033 1.11812
0.750774 1.20496
0.751109 1.06585
0.751532 0.987097
0.751931 1.13727
0.752298 1.08342
0.752693 0.959764
0.753058 1.09214
0.753445 1.04759
0.753813 1.1234
0.754163 1.04861
0.754508 1.24563
0.754887 1.3164
0.755528 1.1719
0.755866 1.11533
0.756399 1.15711
0.756768 1.10361
0.757234 1.0957
0.757784 1.11003
0.75815 1.19977
0.758475 1.07335
0.75895 1.20013
0.759323 1.05637
0.759701 1.00492
0.760037 1.02874
0.760397 0.960823
0.760709 1.03675
0.761169 1.28509
0.761522 1.17093
0.761903 1.11677
0.762261 1.23561
0.762656 1.18486
0.763058 1.10771
0.763535 1.04945
0.76395 1.10552
0.764396 1.03443
0.76472 1.1138
0.765078 1.12146
0.765412 1.06842
0.765724 0.986584
0.766061 1.15163
0.766537 1.10333
0.766909 1.25409
0.767284 1.22771
0.767728 1.19678
0.768111 1.07484
0.76845 1.15785
0.768845 1.11477
0.769227 1.08127
0.769557 1.19446
0.769994 1.24974
0.770376 1.18647
0.77072 1.09922
0.771118 1.10028
0.771673 1.09247
0.771987 1.19061
0.772422 1.25296
0.772782 1.10741
0.773149 0.940256
0.77349 0.977826
0.773844 1.00343
0.774359 1.07904
0.774738 1.18639
0.775186 1.15852
0.775688 1.20655
0.776115 1.1578
0.7765 1.20583
0.776831 1.05052
0.77715 0.976144
0.777496 1.07723
0.778037 1.21164
0.778324 1.17878
0.778651 1.18286
0.77895 1.0281
0.779297 1.06109
0.779682 1.20515
0.78005 1.0897
0.780361 1.11944
0.780852 1.17799
0.781221 1.18023
0.781556 1.1189
0.781931 1.21068
0.782277 1.16436
0.782636 1.03433
0.782956 1.07628
0.7835 1.06472
0.783927 1.0255
0.784259 1.07732
0.784619 1.09331
0.785027 1.2178
0.78537 1.10694
0.785684 1.14161
0.786141 1.10074
0.78648 0.996996
0.786804 1.19224
0.787289 0.990874
0.787659 0.929795
0.787944 1.12384
0.788397 1.01061
0.788731 1.06579
0.789099 1.01095
0.789473 1.01122
0.789951 1.35831
0.790264 1.20486
0.790655 1.15916
0.791098 0.956406
0.7914 1.26522
0.791705 1.32946
0.792056 1.12111
0.792359 1.19885
0.792827 1.15715
0.793311 1.08787
0.793695 1.15126
0.794121 1.38571
0.794453 1.09392
0.794779 1.14773
0.795154 1.13265
0.795457 1.04009
0.795792 0.948537
0.79616 1.10629
0.796519 1.16625
0.796861 1.05608
0.797167 0.985625
0.797641 1.01104
0.797981 1.08668
0.798607 1.07694
0.798966 1.18576
0.799406 1.29867
0.7999 1.14083
0.800364 1.03619
0.800784 0.91424
0.801174 1.12346
0.801533 1.21839
0.801923 1.32483
0.802498 1.06236
0.802881 1.15773
0.803205 1.01761
0.803637 1.03559
0.804015 1.16684
0.80443 1.08937
0.80483 1.01461
0.805227 1.17296
0.805749 1.17957
0.806102 1.06082
0.806458 1.04573
0.806789 1.01398
0.807278 1.07849
0.807608 0.981719
0.807905 1.13379
0.808276 1.24502
0.808603 0.989234
0.808916 1.01732
0.80923 1.05931
0.809635 1.09618
0.80999 1.04508
0.81045 1.03215
0.810854 1.02919
0.811487 0.959349
0.811903 1.05584
0.812427 1.13023
0.812807 1.05029
0.813196 1.08118
0.813557 1.13831
0.814053 0.970605
0.814501 1.00953
0.814866 1.12788
0.815292 0.996688
0.815687 1.17943
0.816016 1.03808
0.816389 1.10281
0.816861 1.14913
0.817288 1.0771
0.817649 1.04145
0.818116 1.03766
0.818492 0.913988
0.818971 0.97199
0.819414 1.00594
0.819945 1.03394
0.820344 1.01706
0.820782 1.05807
0.821234 0.83607
0.821948 0.86891
0.822307 0.90368
0.822734 1.13038
0.82319 0.938454
0.823575 0.903285
0.823927 1.18677
0.824484 0.846745
0.824843 1.03864
0.825206 1.12524
0.825602 1.01092
0.825966 1.11232
0.826395 1.17953
0.826789 1.06715
0.827164 1.14849
0.827568 1.17434
0.828134 1.31465
0.828687 1.07085
0.829149 1.13938
0.829497 1.09101
0.829985 1.10373
0.830344 0.973901
0.830713 1.02217
0.831133 1.04494
0.831426 0.96594
0.8318 1.02894
0.83209 1.08947
0.832389 1.05591
0.832696 1.02202
0.832981 1.09076
0.833286 1.01205
0.833628 1.13109
0.834045 1.06579
0.834547 1.08856
0.834873 1.09418
0.835286 1.10099
0.835818 1.07174
0.836167 1.11938
0.836545 0.972288
0.836949 1.05107
0.837405 1.11067
0.837731 1.06797
0.838057 1.07484
0.838505 0.947589
0.838956 1.06599
0.839351 1.10447
0.83969 1.0822
0.840146 1.07135
0.840619 1.12792
0.841001 1.11988
0.84133 0.981115
0.841695 1.06901
0.842008 1.06299
0.842432 1.10292
0.842753 1.01353
0.843175 0.90793
0.843474 1.04156
0.844044 1.02173
0.844395 1.06747
0.844726 0.919426
0.845047 1.03971
0.845337 1.19238
0.845709 1.16467
0.84606 1.07425
0.846544 1.28721
0.847011 1.17761
0.847424 1.12912
0.847834 1.07588
0.8483 1.10947
0.848661 1.16884
0.849103 1.1139
0.849489 1.03542
0.849878 1.22508
0.850518 1.13075
0.850838 1.00848
0.851272 1.15274
0.851919 1.23045
0.85228 1.22989
0.852709 0.937153
0.853068 1.07806
0.853414 1.12479
0.853798 1.13876
0.854513 1.07601
0.854832 0.994444
0.855212 1.06537
0.855602 1.00219
0.855963 1.05987
0.856346 1.07505
0.85699 1.0109
0.857484 0.952198
0.857935 0.958475
0.858463 1.09013
0.85879 1.066
0.859212 1.00435
0.860064 0.987312
0.860584 1.09249
0.860957 1.01505
0.861321 1.01908
0.861899 1.26161
0.862431 1.23801
0.862805 1.09238
0.863128 1.07265
0.86356 1.01786
0.863914 1.1093
0.864351 1.07146
0.864673 1.14061
0.864994 1.23316
0.865344 1.12193
0.86581 1.08438
0.866151 1.22776
0.866648 1.21109
0.867088 1.03953
0.867499 1.07537
0.867967 0.992256
0.868385 1.07649
0.868773 1.13011
0.869277 1.12174
0.869761 1.21879
0.870204 1.13056
0.870572 1.16961
0.870934 1.23779
0.871333 1.17938
0.871689 1.26083
0.872142 1.31258
0.872818 1.05919
0.873118 0.994953
0.87348 1.12959
0.873859 1.03152
0.874233 1.04524
0.874644 1.0591
0.875675 1.12465
0.876011 1.21823
0.87636 1.13783
0.876807 1.21995
0.87718 1.06767
0.877659 1.01562
0.878124 1.02057
0.878808 1.05752
0.879164 1.14024
0.87962 1.20654
0.879979 1.19032
0.880431 1.10428
0.88087 1.15857
0.881239 1.06357
0.88162 1.10478
0.882123 1.26422
0.882486 1.23341
0.882959 1.1865
0.883337 1.026
0.883965 1.0061
0.88455 0.966273
0.885084 1.1033
0.885571 1.07726
0.886119 1.09569
0.886588 1.04408
0.886994 1.02153
0.887481 1.09444
0.887939 1.15709
0.888434 1.05804
0.888792 1.04848
0.889343 1.10715
0.889842 0.94099
0.890542 0.979326
0.890847 1.0924
0.89123 1.19263
0.89153 1.14257
0.891837 1.07644
0.892312 0.969802
0.89282 1.01992
0.893164 1.08902
0.893526 1.10238
0.893972 1.23705
0.894357 1.08755
0.894896 0.992926
0.895326 1.02097
0.895676 1.04607
0.89603 1.10129
0.896506 1.0572
0.896994 0.887107
0.897385 0.960523
0.89786 1.14604
0.898392 1.13093
0.898762 1.02483
0.899186 1.19778
0.899642 1.19754
0.900004 1.05977
0.900694 1.01991
0.901131 0.977968
0.901629 1.109
0.902028 1.00247
0.902442 0.974479
0.902909 1.04926
0.903358 1.08857
0.903794 1.12546
0.904208 1.09963
0.904569 1.09735
0.905048 0.978027
0.905389 1.17297
0.905953 1.03962
0.906308 1.13106
0.906862 1.14119
0.907342 1.18398
0.907858 1.12103
0.908443 1.03465
0.909149 1.02605
0.909529 1.11859
0.909911 0.911371
0.910252 1.01771
0.910651 1.01084
0.911077 1.08238
0.911453 1.07714
0.911938 0.993638
0.912326 1.00992
0.912833 1.10859
0.913177 1.21532
0.913538 1.19658
0.913965 1.22983
0.914391 1.10491
0.914775 1.0317
0.91528 1.02889
0.915837 1.19257
0.916209 1.06337
0.916612 1.12397
0.917028 1.03239
0.917493 1.09473
0.917861 1.09352
0.918272 0.948586
0.918588 0.9526
0.918935 1.0536
0.919314 1.10976
0.919723 1.06235
0.920281 1.17011
0.920585 1.07712
0.920961 0.980617
0.921438 1.0406
0.922398 1.25645
0.92281 1.09691
0.923123 1.02905
0.923526 1.01902
0.923943 1.07759
0.924346 1.16634
0.924659 1.2623
0.925004 1.17771
0.925397 1.29158
0.926237 1.05244
0.926877 1.06789
0.927225 1.20109
0.927751 1.23624
0.928262 1.1295
0.928623 1.13437
0.928977 1.10166
0.929306 1.12444
0.92976 1.27712
0.930195 1.1839
0.930637 1.08176
0.931116 1.27548
0.93143 1.10595
0.931759 1.09051
0.932173 1.09567
0.932501 1.19974
0.932845 1.21893
0.9332 1.27365
0.933618 1.02033
0.934113 1.08981
0.934401 1.08788
0.934745 1.03731
0.935085 1.12006
0.935462 1.07652
0.935939 1.15156
0.936516 1.09439
0.9369 1.04007
0.937189 1.02895
0.937498 0.900183
0.937838 1.00412
0.938242 1.06828
0.938604 0.942036
0.938946 1.05472
0.939386 1.15755
0.939731 1.09248
0.94008 1.13903
0.940437 1.17589
0.940868 1.00183
0.941188 1.08251
0.941485 1.0718
0.941853 1.0069
0.942196 1.02974
0.942571 1.13007
0.942964 0.991472
0.943368 1.08135
0.943725 1.17235
0.94411 1.02824
0.944546 0.946459
0.944916 1.1064
0.945322 1.04962
0.945763 0.92273
0.946128 1.05359
0.946695 1.00924
0.947273 1.09082
0.947638 1.01935
0.94806 1.2215
0.948741 1.29697
0.949255 1.13931
0.94991 1.07903
0.950563 1.11028
0.951013 1.06918
0.951368 1.05836
0.951752 1.07671
0.952092 1.16139
0.952652 1.04181
0.953027 1.16624
0.953578 1.02962
0.953961 0.969775
0.954492 0.993384
0.954929 0.934085
0.95529 0.998669
0.955614 1.25271
0.955973 1.13803
0.956336 1.08262
0.956758 1.19756
0.957312 1.14939
0.958001 1.07656
0.958396 1.02413
0.958855 1.06931
0.959265 1.00622
0.959724 1.07955
0.960163 1.0816
0.960597 1.03767
0.960979 0.95945
0.96137 1.11564
0.96188 1.0632
0.962338 1.22263
0.962682 1.1952
0.962985 1.15641
0.963551 1.04209
0.96404 1.127
0.964396 1.07662
0.964766 1.05414
0.965182 1.15902
0.965583 1.21623
0.965971 1.15082
0.966374 1.07168
0.966761 1.06517
0.967128 1.06364
0.967548 1.16516
0.967923 1.21259
0.968333 1.07542
0.968693 0.910545
0.969035 0.944028
0.969528 0.968039
0.969926 1.04444
0.970336 1.15203
0.970789 1.12243
0.971153 1.16613
0.971527 1.12325
0.97219 1.16804
0.972606 1.02187
0.972965 0.943179
0.973383 1.04209
0.973818 1.1794
0.974228 1.15121
0.974758 1.14858
0.97517 0.995357
0.975495 1.02507
0.975894 1.18193
0.976231 1.06628
0.976692 1.08912
0.977116 1.14244
0.977477 1.15391
0.977784 1.08916
0.978326 1.18723
0.978654 1.13808
0.979109 1.00018
0.979463 1.03537
0.979873 1.02551
0.980332 1.00069
0.980691 1.04277
0.981215 1.06548
0.981586 1.18538
0.982079 1.0808
0.982526 1.10908
0.982944 1.06275
0.983255 0.968349
0.983638 1.16549
0.984022 0.958906
0.984452 0.895883
0.984784 1.09847
0.98512 0.974734
0.985566 1.02788
0.986076 0.977319
0.986467 0.972525
0.98689 1.32751
0.987273 1.17229
0.987732 1.13166
0.98819 0.931401
0.98858 1.23656
0.988971 1.29784
0.98934 1.0854
0.989754 1.16978
0.990099 1.12795
0.990488 1.05933
0.990859 1.12792
0.991225 1.35176
0.991641 1.06462
0.991973 1.12265
0.992387 1.09996
0.992883 1.0083
0.99325 0.921849
0.993631 1.07189
0.993981 1.1363
0.994364 1.02462
0.994827 0.958088
0.99525 0.976555
0.995629 1.05279
0.996264 1.04506
0.996651 1.16004
0.997113 1.27274
0.99763 1.10724
0.998065 1.01259
0.998466 0.886458
0.998925 1.0958
0.999264 1.1824
0.999715 1.29762
1.00037 1.03279
1.00077 1.12204
1.00121 0.988165
1.0017 1.00439
1.00213 1.13932
1.00254 1.05585
1.00307 0.987073
1.00366 1.14448
1.00421 1.14752
1.00466 1.0318
1.00513 1.01972
1.00561 0.981737
1.00606 1.05631
1.00661 0.949386
1.0071 1.10545
1.00751 1.21798
1.00794 0.96005
1.00837 0.990175
1.00885 1.03172
1.00933 1.06268
1.00988 1.0142
1.01031 1.00515
1.01079 0.997506
1.01133 0.926012
1.01175 1.0204
1.01213 1.09845
1.01249 1.01895
1.01288 1.05777
1.01349 1.11209
1.01405 0.940565
1.01444 0.978211
1.01496 1.09651
1.01543 0.96388
1.01594 1.14775
1.01642 1.00797
1.01713 1.07546
1.0175 1.12179
1.01797 1.04904
1.01833 1.01147
1.01892 1.01111
1.01938 0.879955
1.01999 0.936318
1.02048 0.97726
1.02082 0.997198
1.02112 0.986561
1.02156 1.02677
1.02211 0.807611
1.02258 0.835961
1.02291 0.87781
1.02336 1.10129
1.02368 0.909546
1.02411 0.878435
1.02457 1.1656
1.02493 0.81917
1.02531 1.12692
1.02568 1.00409
1.02607 1.09617
1.02643 0.98004
1.02682 1.08446
1.02717 1.14935
1.02764 1.03994
1.02817 1.12815
1.02855 1.14612
1.029 1.29413
1.02953 1.04264
1.02988 1.11215
1.03029 1.05127
1.03082 1.07423
1.03131 0.945271
1.03173 0.992891
1.03211 1.01509
1.03256 0.941041
1.03297 0.999293
1.03338 1.05778
1.03387 1.02101
1.03427 0.995444
1.03472 1.06632
1.03511 0.987234
1.03557 1.10214
1.03599 1.03598
1.03642 1.05643
1.03696 1.06129
1.03737 1.07235
1.03777 1.04482
1.03813 1.09196
1.03856 0.943921
1.03899 1.02597
1.03955 1.08715
1.03995 1.04178
1.04038 1.04361
1.04079 0.922583
1.04135 1.04121
1.04174 1.07454
1.04224 1.05419
1.04264 1.04197
1.04302 1.10261
1.04339 1.09605
1.04388 0.954813
1.04432 1.03885
1.04475 1.0324
1.04511 1.07111
1.0455 0.985276
1.04587 0.890231
1.04622 1.01127
1.04666 0.994697
1.04721 1.03651
1.04762 0.899397
1.04805 1.00927
1.04848 1.16706
1.04889 1.14777
1.04933 1.04255
1.04977 1.25907
1.05021 1.14911
1.05065 1.09791
1.05107 1.04738
1.05148 1.07744
1.05201 1.14614
1.05246 1.07517
1.05292 1.01188
1.05338 1.19768
1.05382 1.09993
1.05423 0.988252
1.05465 1.12441
1.05507 1.20997
1.05555 1.20505
1.05618 0.912833
1.05663 1.05465
1.05702 1.10229
1.05742 1.10859
1.05776 1.05221
1.05816 0.972115
1.0586 1.03616
1.05904 0.977112
1.05946 1.03533
1.05988 1.05315
1.06032 0.990282
1.06077 0.924332
1.0612 0.927056
1.06157 1.0642
1.06196 1.03644
1.06238 0.972488
1.06282 0.964831
1.06327 1.06693
1.06368 0.989806
1.06409 0.99745
1.06444 1.23934
1.06484 1.21163
1.06525 1.0685
1.06568 1.04022
1.06608 0.992576
1.06653 1.08494
1.06692 1.04727
1.06735 1.12207
1.06778 1.21675
1.0682 1.09759
1.06864 1.05464
1.06912 1.20898
1.06955 1.18404
1.07004 1.01419
1.07043 1.04533
1.07084 0.966544
1.07125 1.0575
1.0717 1.10139
1.07215 1.10157
1.07261 1.20093
1.07308 1.11208
1.07352 1.13931
1.074 1.21101
1.07441 1.15532
1.0749 1.23743
1.0753 1.29729
1.07588 1.0284
1.07631 0.969632
1.07672 1.10627
1.07712 1.00798
1.07746 1.02189
1.07782 1.03789
1.07818 1.09912
1.0786 1.1915
1.07901 1.11625
1.0795 1.18839
1.07992 1.04013
1.08031 0.991915
1.08078 0.994188
1.08114 1.03347
1.08151 1.11865
1.08187 1.17769
1.08227 1.15921
1.08266 1.08263
1.08305 1.12966
1.08341 1.03086
1.0838 1.08098
1.08422 1.23694
1.08476 1.20018
1.08522 1.16605
1.08561 0.997783
1.08623 0.980598
1.08665 0.940256
1.08717 1.07516
1.08758 1.0541
1.08813 1.06779
1.08863 1.01569
1.08908 0.995856
1.08948 1.06671
1.08986 1.12951
1.09029 1.03572
1.0907 1.02475
1.09109 1.08526
1.09151 0.919369
1.09196 0.95312
1.09237 1.06787
1.09274 1.16589
1.09317 1.1161
1.09361 1.05022
1.09414 0.945001
1.09459 0.998894
1.09498 1.0702
1.09546 1.07713
1.09584 1.22028
1.09628 1.06273
1.0967 0.970942
1.09713 0.995967
1.09767 1.01987
1.0981 1.07522
1.09851 1.03397
1.09898 0.858122
1.09939 0.939229
1.09986 1.11363
1.1003 1.11202
1.10082 1.00003
1.1013 1.17666
1.10168 1.17462
1.10223 1.03867
1.10273 0.994884
1.10326 0.954177
1.1037 1.08654
1.10417 0.980053
1.10479 0.957637
1.10526 1.02604
1.10576 1.06238
1.10627 1.10192
1.10669 1.07878
1.10717 1.07631
1.10771 0.957869
1.10812 1.14765
1.10863 1.0129
1.10922 1.11253
1.10963 1.12009
1.11002 1.16054
1.11041 1.09867
1.11082 1.01434
1.1113 1.01016
1.11178 1.09652
1.11224 0.885767
1.11276 1.00245
1.11322 0.985736
1.11371 1.06022
1.11422 1.05309
1.11464 0.972531
1.11506 0.981801
1.11543 1.08744
1.11583 1.19025
1.11632 1.17666
1.11669 1.21194
1.11718 1.08366
1.11756 1.01137
1.11802 1.00276
1.1186 1.17214
1.11907 1.03878
1.11942 1.09742
1.11982 1.01117
1.12033 1.06986
1.12074 1.07517
1.1212 0.925679
1.12176 0.931044
1.12215 1.03115
1.12256 1.08713
1.12306 1.0357
1.12354 1.15109
1.12416 1.05483
1.1246 0.957462
1.12508 1.01568
1.12575 1.23363
1.12624 1.08025
1.12674 1.01016
1.12728 0.996339
1.12773 1.0556
1.12815 1.13986
1.12853 1.24578
1.12899 1.15651
1.12951 1.26554
1.12998 1.03063
1.13041 1.04642
1.13085 1.17385
1.13139 1.21729
1.1318 1.10708
1.13228 1.12125
1.13269 1.07545
1.13309 1.1079
1.13356 1.25446
1.13411 1.16111
1.13461 1.05785
1.13504 1.25248
1.13563 1.0874
1.1361 1.07188
1.13654 1.07443
1.13697 1.17641
1.1375 1.19161
1.13793 1.2462
1.13837 0.997223
1.13877 1.06644
1.13924 1.07169
1.13969 1.01672
1.14014 1.09001
1.14063 1.05187
1.14111 1.13033
1.14154 1.07382
1.14205 1.01816
1.14256 1.008
1.14296 0.880722
1.14335 0.980813
1.14376 1.04665
1.14423 0.923924
1.14473 1.02968
1.14524 1.14105
1.14567 1.07737
1.14609 1.11896
1.14655 1.15586
1.14693 0.978091
1.14734 1.0576
1.14774 1.05423
1.1481 0.986056
1.14846 1.01469
1.14887 1.1035
1.14928 0.969605
1.14967 1.06185
1.15012 1.1579
1.15052 1.00768
1.15103 0.923832
1.15141 1.08918
1.15189 1.03033
1.15238 0.903407
1.15278 1.03343
1.15319 0.988976
1.15364 1.07334
1.15404 1.00409
1.15438 1.20646
1.15478 1.28584
1.15525 1.12046
1.15569 1.05899
1.15616 1.0832
1.15655 1.04867
1.15698 1.03795
1.15741 1.05674
1.15783 1.13762
1.15824 1.02353
1.1586 1.14565
1.15899 1.01386
1.15941 0.95097
1.15988 0.973995
1.16029 0.920869
1.16074 0.976703
1.16111 1.23507
1.16151 1.11878
1.16192 1.06064
1.1624 1.17321
1.16279 1.12827
1.1633 1.05847
1.1638 1.01065
1.16424 1.04927
1.16465 0.991103
1.16509 1.06011
1.16546 1.05873
1.16591 1.0219
1.1664 0.945706
1.16683 1.09278
1.16725 1.03893
1.16762 1.20362
1.16811 1.17859
1.1685 1.13509
1.169 1.02652
1.16944 1.10987
1.16989 1.05167
1.17031 1.03827
1.1707 1.14054
1.17107 1.19613
1.17148 1.13044
1.17185 1.05674
1.17224 1.04509
1.17274 1.04585
1.1731 1.1522
1.17355 1.19045
1.17394 1.05567
1.17445 0.89436
1.17481 0.92591
1.1753 0.948785
1.17569 1.0247
1.17617 1.13041
1.17671 1.10064
1.17716 1.14021
1.17756 1.10387
1.17797 1.14531
1.17835 1.00535
1.17878 0.924917
1.17924 1.02088
1.17967 1.1601
1.18012 1.1331
1.18058 1.12814
1.18104 0.977398
1.1815 1.00353
1.18195 1.16902
1.1823 1.05293
1.18268 1.07137
1.18308 1.12275
1.18355 1.14053
1.18393 1.07249
1.18434 1.17384
1.18482 1.12466
1.18519 0.980017
1.18564 1.01003
1.1862 1.00197
1.18673 0.986545
1.18719 1.02122
1.1877 1.04865
1.18819 1.16703
1.18865 1.06796
1.18903 1.08999
1.18945 1.03932
1.1899 0.951957
1.19026 1.14869
1.19071 0.941324
1.19119 0.87683
1.1916 1.08353
1.19212 0.952488
1.19254 1.00522
1.19302 0.95987
1.19348 0.949889
1.19394 1.30875
1.19444 1.15407
1.19488 1.11659
1.19524 0.916878
1.19561 1.22058
1.196 1.27953
1.19647 1.06324
1.19708 1.15203
1.19754 1.11145
1.19789 1.04194
1.19836 1.11453
1.19884 1.33045
1.1992 1.04671
1.19961 1.10836
1.19998 1.08131
1.20041 0.989055
1.20086 0.907637
1.20131 1.05206
1.20172 1.1177
1.20225 1.00521
1.20261 0.942279
1.20292 0.955716
1.20335 1.03213
1.20376 1.02769
1.20424 1.14355
1.20465 1.25846
1.20502 1.08749
1.20539 0.999726
1.20581 0.871049
1.2062 1.07936
1.20661 1.16145
1.20696 1.28029
1.20746 1.01601
1.20786 1.09951
1.20823 0.969855
1.20881 0.985404
1.20927 1.12308
1.20965 1.03768
1.21001 0.971651
1.21051 1.12737
1.21092 1.1288
1.21129 1.01551
1.21163 1.00532
1.21204 0.962995
1.2124 1.04196
1.21294 0.930607
1.21342 1.08857
1.21387 1.20068
1.21425 0.943127
1.21466 0.975184
1.21517 1.01489
1.21557 1.04394
1.21603 0.994226
1.21646 0.989279
1.21693 0.978811
1.21734 0.907235
1.21775 0.998804
1.2182 1.08024
1.21865 0.999987
1.21915 1.04597
1.21951 1.09577
1.21991 0.923035
1.22028 0.959734
1.22067 1.07785
1.22106 0.944793
1.22148 1.12736
1.22182 0.99016
1.22222 1.05997
1.22267 1.10496
1.22313 1.03436
1.22358 0.994317
1.224 0.995852
1.22449 0.859993
1.22485 0.915663
1.2252 0.959603
1.22559 0.974115
1.22601 0.970308
1.22643 1.00908
1.22686 0.791007
1.22724 0.816579
1.22769 0.862005
1.22806 1.08424
1.22842 0.891215
1.22882 0.864156
1.22927 1.15189
1.22973 0.803168
1.23007 1.12675
1.23049 0.983051
1.23093 1.08011
1.23135 0.960121
1.23183 1.0687
1.2322 1.13225
1.23257 1.02339
1.23307 1.11679
1.23344 1.12788
1.23391 1.28264
1.23456 1.02568
1.23506 1.09553
1.23541 1.02819
1.23578 1.057
1.23618 0.927849
1.23658 0.976242
1.23693 0.998689
1.23747 0.926489
1.23783 0.979997
1.23825 1.03855
1.23869 0.999393
1.23914 0.980027
1.2396 1.05113
1.23999 0.972509
1.24034 1.08498
1.24071 1.01948
1.2411 1.03624
1.24162 1.04079
1.24212 1.05482
1.24255 1.02776
1.24298 1.07381
1.24343 0.928986
1.2439 1.01175
1.24442 1.07252
1.24488 1.0253
1.24549 1.02444
1.24589 0.90765
1.24633 1.02688
1.24673 1.05648
1.24718 1.03472
1.24753 1.02377
1.24792 1.08764
1.24827 1.08125
1.24864 0.939217
1.24909 1.02162
1.24954 1.01512
1.24989 1.05135
1.25021 0.968912
1.25057 0.880189
1.25113 0.992081
1.25153 0.977911
1.25201 1.01862
1.25241 0.888225
1.25292 0.990118
1.25327 1.15223
1.25372 1.13607
1.25408 1.02368
1.25453 1.24242
1.25493 1.13277
1.25535 1.07907
1.25574 1.03119
1.25609 1.05969
1.25655 1.13162
1.25697 1.04956
1.25748 0.998294
1.25802 1.18103
1.25843 1.07992
1.2588 0.976119
1.25936 1.10563
1.25978 1.19771
1.2602 1.19061
1.26059 0.89876
1.26092 1.04118
1.26137 1.08835
1.26182 1.08902
1.26224 1.0389
1.26262 0.958857
1.263 1.01868
1.26344 0.961759
1.2638 1.02071
1.26426 1.03988
1.26472 0.977198
1.26514 0.908554
1.26559 0.907798
1.26607 1.04772
1.26641 1.01782
1.26679 0.953328
1.26728 0.951764
1.26771 1.05165
1.26818 0.973976
1.26855 0.984637
1.26894 1.22553
1.26931 1.19457
1.26974 1.05418
1.27018 1.01986
1.2707 0.977157
1.27109 1.07015
1.27148 1.03488
1.27214 1.11213
1.27257 1.20657
1.27299 1.08285
1.27335 1.03576
1.27377 1.19899
1.27414 1.16775
1.27457 1.00006
1.27497 1.02832
1.27534 0.950591
1.27572 1.04662
1.27621 1.08491
1.27668 1.09001
1.2771 1.19085
1.27759 1.10122
1.27798 1.11984
1.27836 1.19387
1.27873 1.1408
1.27933 1.22404
1.27978 1.28814
1.28018 1.00816
1.28056 0.955226
1.28107 1.09421
1.28143 0.994954
1.28183 1.00974
1.28224 1.02395
1.28282 1.08415
1.28336 1.17732
1.28379 1.10425
1.28429 1.16857
1.2847 1.02293
1.28513 0.977416
1.28562 0.978482
1.28604 1.01881
1.28654 1.10567
1.28708 1.16003
1.28757 1.13915
1.28804 1.06974
1.28847 1.1127
1.28901 1.01064
1.28941 1.06661
1.28981 1.21958
1.29017 1.17885
1.29079 1.15299
1.29117 0.980774
1.29161 0.964276
1.29204 0.924783
1.29244 1.05887
1.29289 1.04031
1.29346 1.05015
1.29387 0.997711
1.29428 0.979727
1.29475 1.05014
1.2952 1.1108
1.29563 1.02218
1.29613 1.01058
1.29658 1.07005
1.29701 0.907167
1.29743 0.936747
1.29791 1.05335
1.29827 1.14834
1.29869 1.09894
1.29913 1.03358
1.29957 0.930043
1.30003 0.987017
1.30051 1.05709
1.30094 1.06132
1.30134 1.20994
1.30178 1.04746
1.30216 0.957951
1.30262 0.980974
1.30304 1.00419
1.30345 1.05997
1.30383 1.02052
1.30427 0.840193
1.30467 0.925976
1.3052 1.09277
1.30568 1.10136
1.30616 0.984898
1.30653 1.16517
1.30705 1.16285
1.3075 1.02622
1.30788 0.980006
1.30837 0.939397
1.30879 1.07228
1.30915 0.966432
1.30956 0.949052
1.31021 1.01188
1.31066 1.04582
1.31108 1.08794
1.3115 1.06616
1.31189 1.0632
1.31233 0.946181
1.31282 1.13222
1.31327 0.996867
1.31365 1.10096
1.31411 1.10729
1.31456 1.14729
1.31495 1.08571
1.31544 1.00178
1.31597 1.00115
1.3164 1.08271
1.31679 0.869847
1.31719 0.993375
1.31768 0.969394
1.31814 1.04679
1.31855 1.03806
1.31907 0.959399
1.31962 0.963987
1.31998 1.07363
1.32044 1.17406
1.32086 1.16335
1.32123 1.20076
1.32166 1.07028
1.32209 0.999346
1.32248 0.987193
1.32297 1.15971
1.32347 1.02387
1.32393 1.08045
1.32448 0.998349
1.32491 1.05427
1.32537 1.06423
1.32576 0.911841
1.32615 0.917906
1.32658 1.01749
1.32693 1.07342
1.32733 1.01841
1.32785 1.13839
1.32825 1.03989
1.32876 0.943548
1.32915 1.00125
1.32957 1.21987
1.32999 1.07077
1.33037 0.998471
1.33078 0.982391
1.33122 1.04237
1.33165 1.12383
1.33201 1.23592
1.33236 1.1442
1.33276 1.24956
1.33306 1.01745
1.33346 1.0328
1.3339 1.1561
1.3343 1.20521
1.33473 1.09262
1.33511 1.11331
1.33562 1.05906
1.336 1.0969
1.33649 1.24028
1.33688 1.14641
1.33741 1.04367
1.33784 1.23881
1.33828 1.07591
1.33867 1.06104
1.33903 1.06159
1.33942 1.16276
1.33982 1.17502
1.3402 1.22986
1.34067 0.983238
1.34114 1.05224
1.3416 1.06095
1.34194 1.00312
1.34235 1.07119
1.34269 1.03655
1.34312 1.11675
1.34353 1.06183
1.34405 1.00446
1.34447 0.995009
1.34482 0.869103
1.34523 0.966222
1.3456 1.03373
1.34596 0.913645
1.34641 1.01383
1.34684 1.13039
1.34728 1.06855
1.3476 1.10657
1.34802 1.1433
1.34852 0.963535
1.34889 1.04367
1.34926 1.04352
1.34971 0.97505
1.35014 1.00684
1.35056 1.08651
1.35093 0.956182
1.35134 1.0507
1.35183 1.1514
1.35225 0.995862
1.35264 0.909972
1.35303 1.07888
1.35354 1.01806
1.35405 0.891751
1.35457 1.02184
1.35496 0.977276
1.35538 1.06303
1.35591 0.995309
1.35628 1.19624
1.35661 1.27812
1.35695 1.10793
1.35731 1.04709
1.35773 1.06668
1.35818 1.0355
1.35858 1.02564
1.35898 1.04371
1.35941 1.1216
1.35983 1.01166
1.36024 1.1321
1.36057 1.00353
1.36096 0.939604
1.36137 0.962238
1.36183 0.913513
1.36229 0.963118
1.36268 1.22471
1.36312 1.10663
1.3635 1.04545
1.3639 1.15688
1.36434 1.11504
1.36473 1.04682
1.36511 1.00237
1.36554 1.03707
1.36595 0.981851
1.36632 1.0483
1.3667 1.04476
1.36726 1.01298
1.36772 0.937742
1.36816 1.07737
1.36855 1.02353
1.36907 1.19097
1.36945 1.16987
1.36979 1.12378
1.37018 1.01845
1.37065 1.09917
1.371 1.03473
1.37138 1.02823
1.37182 1.13097
1.3723 1.18379
1.37285 1.11805
1.37344 1.04764
1.37398 1.03251
1.37445 1.03384
1.37485 1.14488
1.3753 1.17758
1.37588 1.04243
1.37623 0.884449
1.37673 0.915301
1.37713 0.937568
1.37757 1.01243
1.37797 1.11611
1.37839 1.08633
1.37883 1.1232
1.3793 1.09266
1.37983 1.13144
1.38023 0.995013
1.38075 0.913792
1.38128 1.00712
1.38167 1.1478
1.3821 1.12024
1.38263 1.1153
1.38303 0.966699
1.38345 0.989652
1.38383 1.16107
1.38429 1.04421
1.38475 1.06017
1.38518 1.11123
1.38559 1.1335
1.38589 1.06225
1.38629 1.16547
1.38671 1.11728
1.38713 0.967367
1.38757 0.993667
1.38801 0.986954
1.38841 0.9776
1.38888 1.00732
1.38926 1.03758
1.38972 1.15577
1.39017 1.06163
1.39064 1.07815
1.39106 1.02415
1.39142 0.941746
1.39196 1.1375
1.39241 0.930685
1.39287 0.864986
1.39331 1.07386
1.39388 0.938158
1.39428 0.991099
1.39479 0.950462
1.39514 0.936016
1.3956 1.29699
1.39602 1.14329
1.39641 1.10763
1.39684 0.907454
1.39724 1.21135
1.39775 1.26846
1.3982 1.04894
1.39856 1.14047
1.39894 1.10125
1.39936 1.0301
1.39978 1.10596
1.4002 1.31696
1.40057 1.035
1.40115 1.0992
1.40152 1.06975
1.40197 0.976659
1.40236 0.899484
1.40274 1.04008
1.4031 1.1056
1.40354 0.992464
1.40399 0.932299
1.4044 0.94246
1.40482 1.01898
1.40516 1.01744
1.40563 1.13211
1.40602 1.25073
1.40642 1.07519
1.40685 0.992278
1.40728 0.861611
1.40767 1.06919
1.4081 1.14829
1.40856 1.26868
1.40896 1.00576
1.40936 1.08462
1.40977 0.957389
1.4102 0.972884
1.41058 1.11275
1.41108 1.02731
1.41154 0.962146
1.41193 1.11638
1.41243 1.11686
1.41293 1.00542
1.41332 0.996385
1.41374 0.951352
1.41414 1.03189
1.41453 0.918815
1.41497 1.07793
1.41542 1.18918
1.41583 0.932432
1.4164 0.96578
1.41674 1.00388
1.41709 1.03259
1.41757 0.981289
1.41801 0.979274
1.41846 0.966942
1.41888 0.895692
1.41928 0.985123
1.41965 1.06888
1.41997 0.987645
1.42039 1.03945
1.42083 1.08476
1.42124 0.912274
1.42173 0.947997
1.42221 1.06591
1.42257 0.932831
1.42295 1.11332
1.42346 0.978817
1.42384 1.05087
1.42431 1.09397
1.42477 1.02592
1.42528 0.983588
1.42581 0.986195
1.42631 0.847431
1.42681 0.90277
1.42723 0.948036
1.4277 0.958821
1.4282 0.960808
1.42859 0.997999
1.42902 0.780329
1.42948 0.804583
1.42982 0.851689
1.43028 1.07365
1.43076 0.878945
1.43117 0.854809
1.43158 1.14268
1.43204 0.793081
1.43248 1.08982
1.43285 0.96925
1.43328 1.07071
1.43381 0.947148
1.43417 1.05845
1.43452 1.1216
1.43499 1.0134
1.43546 1.10946
1.43605 1.11552
1.43644 1.27585
1.43682 1.01483
1.43719 1.08516
1.43755 1.01477
1.43805 1.04583
1.43851 0.916153
1.43889 0.9658
1.43936 0.989112
1.43981 0.917186
1.44019 0.966593
1.44066 1.02633
1.4411 0.985818
1.44149 0.970445
1.44184 1.04065
1.4423 0.962614
1.44276 1.07435
1.44316 1.00947
1.44355 1.0234
1.44399 1.0275
1.44436 1.04337
1.44474 1.01615
1.44513 1.06113
1.44554 0.920452
1.44593 1.00309
1.44639 1.06257
1.4469 1.01423
1.44725 1.01191
1.44767 0.897988
1.44812 1.0179
1.44849 1.04525
1.44888 1.02096
1.44934 1.01198
1.44971 1.07807
1.4503 1.07159
1.45076 0.929209
1.45117 1.01132
1.45165 1.00475
1.45212 1.03858
1.45257 0.958861
1.45301 0.8739
1.4534 0.979305
1.45384 0.967011
1.45439 1.00767
1.45479 0.881381
1.45526 0.977404
1.45575 1.14284
1.45621 1.12749
1.45663 1.01183
1.457 1.23196
1.45749 1.12259
1.45794 1.06724
1.45841 1.02134
1.45883 1.0492
1.45925 1.12179
1.45959 1.0326
1.4601 0.989799
1.46051 1.17058
1.46102 1.06645
1.46143 0.96857
1.46182 1.09288
1.46221 1.18995
1.46268 1.18208
1.46338 0.890073
1.46394 1.03264
1.46442 1.07887
1.46492 1.07588
1.46536 1.03054
1.46587 0.950164
1.46631 1.00742
1.46679 0.952061
1.46715 1.01123
1.46753 1.03132
1.46797 0.968602
1.46841 0.899026
1.46898 0.895145
1.46948 1.03685
1.46982 1.00569
1.47019 0.941459
1.47058 0.943774
1.4711 1.0419
1.47153 0.963426
1.4719 0.976202
1.47228 1.21658
1.47277 1.18312
1.47324 1.04468
1.47371 1.00659
1.47417 0.967448
1.47456 1.0609
1.47494 1.02844
1.47543 1.10601
1.47585 1.20003
1.47631 1.07338
1.47673 1.02324
1.47711 1.19326
1.4775 1.15764
1.47788 0.991929
1.47843 1.018
1.47885 0.94026
1.47926 1.03948
1.47966 1.07492
1.48016 1.08275
1.48066 1.18475
1.48122 1.09451
1.48161 1.1071
1.48213 1.18259
1.48249 1.13136
1.48288 1.2158
1.48323 1.28213
1.48365 0.994468
1.48407 0.946458
1.48454 1.08797
1.4849 0.987319
1.48531 1.00291
1.4857 1.01427
1.48605 1.07473
1.48644 1.16952
1.48695 1.09709
1.48733 1.15544
1.4877 1.0117
1.48812 0.967914
1.48853 0.968635
1.48897 1.00922
1.4893 1.09726
1.48967 1.14853
1.49008 1.12615
1.49056 1.06174
1.49099 1.10237
1.49135 0.997864
1.49187 1.0575
1.49223 1.20824
1.49275 1.16471
1.49316 1.14413
1.49351 0.969992
1.49404 0.953156
1.49442 0.915014
1.49484 1.0487
1.49535 1.03151
1.49583 1.03842
1.49636 0.985736
1.49676 0.969144
1.49718 1.03978
1.49765 1.09768
1.49813 1.01357
1.49855 1.00155
1.49898 1.05921
1.49955 0.899816
1.49997 0.926236
1.50039 1.04424
1.50077 1.13649
1.50137 1.08716
1.50185 1.02266
1.50236 0.920472
1.50276 0.97988
1.5033 1.04772
1.50369 1.051
1.50427 1.20317
1.50464 1.03756
1.50505 0.949615
1.50543 0.971369
1.50597 0.994247
1.50638 1.05033
1.5068 1.01217
1.50718 0.828773
1.50761 0.917742
1.50799 1.07878
1.5084 1.09498
1.50882 0.975013
1.5092 1.15872
1.5099 1.15723
1.51026 1.01827
1.51065 0.970796
1.51125 0.929825
1.51177 1.06262
1.51219 0.957759
1.51264 0.944368
1.51308 1.00289
1.51356 1.03482
1.51397 1.07932
1.5144 1.05794
1.51491 1.05438
1.51532 0.938689
1.51575 1.12236
1.51618 0.986819
1.51669 1.093
1.51711 1.099
1.5176 1.13927
1.51808 1.07759
1.51849 0.993433
1.5189 0.995518
1.51931 1.07397
1.51978 0.859453
1.52015 0.987481
1.52071 0.958285
1.52117 1.03837
1.52162 1.0283
1.52206 0.950704
1.52254 0.952218
1.5231 1.06397
1.52356 1.16318
1.52404 1.15387
1.52447 1.19337
1.525 1.06132
1.52545 0.991903
1.52595 0.977668
1.5264 1.15157
1.52695 1.01447
1.52737 1.06925
1.52779 0.990001
1.52829 1.04386
1.52876 1.05713
1.52916 0.902982
1.52959 0.909478
1.53002 1.00867
1.53056 1.0646
1.53098 1.00695
1.53137 1.12953
1.5319 1.02937
1.53241 0.934717
1.53289 0.99231
1.5333 1.21104
1.53383 1.06496
1.53443 0.990833
1.5349 0.973657
1.5353 1.03386
1.53573 1.11369
1.53613 1.22952
1.53657 1.13661
1.53701 1.23958
1.53752 1.00917
1.53794 1.02364
1.53841 1.1443
1.53897 1.19692
1.53937 1.08282
1.54003 1.10807
1.54047 1.04827
1.541 1.0893
1.54141 1.2311
1.54182 1.13665
1.5423 1.03479
1.54283 1.23045
1.54324 1.06839
1.54371 1.05444
1.54413 1.05344
1.54453 1.15434
1.54497 1.16476
1.5454 1.22017
1.54584 0.974253
1.54627 1.04332
1.54676 1.05341
1.54722 0.993657
1.54771 1.05949
1.54813 1.02668
1.54855 1.10805
1.54902 1.05467
1.54944 0.995412
1.5499 0.986543
1.55031 0.861605
1.55081 0.956674
1.55123 1.0254
1.55165 0.907307
1.55211 1.00343
1.55254 1.12303
1.55298 1.06282
1.55353 1.09853
1.55397 1.13517
1.5544 0.954043
1.55488 1.03559
1.55535 1.03645
1.55577 0.969135
1.55627 1.00264
1.5567 1.07539
1.5572 0.94758
1.55762 1.04406
1.55808 1.14848
1.55849 0.988917
1.55901 0.90102
1.55946 1.07248
1.55996 1.00976
1.56042 0.884065
1.56089 1.01472
1.56132 0.970228
1.56185 1.05652
1.56229 0.989953
1.56269 1.18892
1.56323 1.27221
1.56392 1.09909
1.56437 1.03973
1.5648 1.05614
1.56535 1.02675
1.56581 1.0178
1.56633 1.03471
1.56685 1.11047
1.56724 1.00345
1.56769 1.12268
1.5681 0.996436
1.56859 0.932104
1.569 0.954672
1.56941 0.909039
1.56989 0.954367
1.5703 1.21817
1.57074 1.09863
1.57118 1.03469
1.5716 1.14579
1.57205 1.10654
1.57247 1.0388
1.5729 0.996903
1.57331 1.02916
1.57376 0.97569
1.57415 1.04076
1.5746 1.03587
1.57513 1.00758
1.57563 0.932559
1.5761 1.06677
1.57651 1.01337
1.5769 1.18206
1.57731 1.16505
1.57768 1.11782
1.57804 1.01381
1.57844 1.09197
1.57881 1.023
1.57922 1.02155
1.57965 1.12616
1.58013 1.17614
1.58061 1.1101
1.58111 1.04161
1.58153 1.02424
1.58197 1.02535
1.58239 1.14038
1.58281 1.16973
1.58322 1.0332
1.58368 0.877975
1.58407 0.908666
1.58447 0.930748
1.58491 1.00439
1.5853 1.1065
1.58577 1.07656
1.58624 1.11174
1.58671 1.08593
1.58709 1.12292
1.58746 0.988364
1.58792 0.906584
1.58833 0.997822
1.58874 1.13975
1.58924 1.11088
1.58964 1.10697
1.59016 0.959959
1.59058 0.980314
1.59105 1.15585
1.59142 1.03816
1.59186 1.05275
1.59236 1.10414
1.59272 1.12973
1.59323 1.05556
1.59375 1.15992
1.5943 1.11293
1.5947 0.959257
1.59517 0.982872
1.59573 0.977101
1.59621 0.971619
1.59669 0.998237
1.59723 1.02994
1.59763 1.14852
1.59805 1.05852
1.59849 1.07046
1.59891 1.01401
1.59935 0.93511
1.59978 1.12978
1.60019 0.923931
1.6006 0.857251
1.60107 1.06721
1.60147 0.928755
1.60189 0.981997
1.60233 0.945287
1.60293 0.927306
1.60335 1.28952
1.60378 1.13652
1.60421 1.10198
1.60461 0.900932
1.60501 1.20582
1.60544 1.26137
1.60588 1.03948
1.60634 1.1327
1.6067 1.09463
1.60716 1.02153
1.60767 1.10004
1.60816 1.30826
1.60864 1.02711
1.60926 1.09293
1.60966 1.06223
1.61017 0.968442
1.61072 0.894588
1.61115 1.0325
1.61151 1.09755
1.61197 0.983796
1.61253 0.925664
1.61296 0.933768
1.61342 1.01033
1.61382 1.01094
1.61425 1.12381
1.61466 1.24656
1.61516 1.06723
1.61553 0.987749
1.61598 0.855494
1.61642 1.06276
1.61683 1.13954
1.61734 1.26065
1.61775 0.999113
1.61832 1.07442
1.61875 0.94856
1.61918 0.96431
1.61963 1.10588
1.62004 1.02118
1.6206 0.956013
1.62108 1.10902
1.62148 1.10878
1.6219 0.998759
1.62232 0.990411
1.62282 0.943802
1.62324 1.02467
1.62377 0.911077
1.62426 1.07095
1.62471 1.18127
1.62507 0.925334
1.6256 0.959325
1.62604 0.996396
1.62647 1.02532
1.62696 0.97291
1.62744 0.972682
1.62786 0.959062
1.62828 0.888125
1.62864 0.976241
1.62915 1.06145
1.62951 0.979291
1.62998 1.03557
1.63036 1.07701
1.6308 0.905493
1.63129 0.940244
1.63165 1.05793
1.63211 0.924925
1.63253 1.10333
1.63293 0.971251
1.63331 1.0453
1.63375 1.08654
1.63415 1.02061
1.63452 0.976521
1.63499 0.979711
1.63543 0.839182
1.63581 0.894172
1.63624 0.9402
1.63673 0.948347
1.63716 0.954837
1.63766 0.990489
1.63802 0.773095
1.63846 0.796865
1.63885 0.844661
1.63922 1.06692
1.63965 0.870597
1.64002 0.848264
1.64039 1.13646
1.64084 0.786314
1.64121 0.964246
1.6417 1.06426
1.64214 0.93812
1.64265 1.05057
1.64299 1.11349
1.64332 1.00806
1.64368 1.10436
1.64406 1.10642
1.64449 1.27168
1.64489 1.00702
1.64532 1.07776
1.64583 1.00666
1.64621 1.03876
1.64668 0.908926
1.64707 0.959023
1.64743 0.982445
1.64784 0.910789
1.6482 0.956791
1.64859 1.01838
1.64894 0.97709
1.64941 0.963964
1.6498 1.03307
1.65016 0.955696
1.65057 1.06745
1.65095 1.00308
1.65145 1.015
1.65182 1.01887
1.6522 1.03537
1.65272 1.00816
1.65324 1.0522
1.65369 0.914981
1.65412 0.997427
1.65447 1.05555
1.65485 1.00667
1.6553 1.00334
1.65578 0.891443
1.65624 1.01178
1.65667 1.03778
1.65708 1.01148
1.65746 1.00423
1.65783 1.07185
1.65832 1.06506
1.65874 0.922417
1.6591 1.00493
1.65946 0.998453
1.65988 1.03026
1.66024 0.952477
1.66064 0.869605
1.66107 0.97037
1.66152 0.959713
1.66185 1.00069
1.66219 0.876938
1.66258 0.968921
1.66295 1.13658
1.66336 1.12108
1.66372 1.00431
1.66407 1.22518
1.66442 1.11577
1.66484 1.05935
1.66528 1.01518
1.66568 1.04288
1.66605 1.11505
1.66643 1.02136
1.66684 0.984317
1.6673 1.164
1.66779 1.05725
1.66819 0.963894
1.66864 1.08413
1.66906 1.1849
1.66946 1.17704
1.66987 0.884485
1.67029 1.0268
1.67066 1.07223
1.67115 1.06694
1.67153 1.02489
1.67201 0.944139
1.67242 0.999773
1.6728 0.945712
1.6733 1.00466
1.67369 1.02583
1.67413 0.962875
1.67459 0.892936
1.67514 0.88642
1.67563 1.02949
1.67608 0.997667
1.67654 0.933884
1.67713 0.938573
1.6775 1.03542
1.67796 0.956136
1.67846 0.970223
1.67897 1.21045
1.67933 1.17504
1.67976 1.03807
1.68024 0.997623
1.68075 0.961032
1.68116 1.05492
1.68162 1.0252
1.68204 1.10176
1.68254 1.19563
1.68311 1.06713
1.68355 1.01475
1.68398 1.18963
1.68433 1.15124
1.68473 0.987205
1.68514 1.01126
1.68561 0.933456
1.68601 1.03437
1.68644 1.06864
1.68677 1.0778
1.68718 1.18091
1.68763 1.09011
1.68805 1.09859
1.68853 1.17468
1.68896 1.12506
1.68939 1.21014
1.68977 1.27793
1.69024 0.985109
1.69061 0.940876
1.69101 1.08477
1.69145 0.982716
1.69191 0.998849
1.69237 1.00754
1.69279 1.0685
1.69322 1.16506
1.69371 1.09258
1.69427 1.14617
1.6947 1.00411
1.69504 0.961359
1.69541 0.962224
1.69582 1.00267
1.69628 1.09139
1.69676 1.14071
1.6974 1.11767
1.69787 1.0566
1.69822 1.09606
1.69865 0.989713
1.69913 1.05154
1.69958 1.20077
1.70012 1.15507
1.70052 1.13798
1.70087 0.963014
1.70121 0.94536
1.70166 0.908602
1.70212 1.04184
1.70252 1.02548
1.7029 1.03049
1.70338 0.97741
1.70391 0.961966
1.70431 1.03297
1.7047 1.08823
1.70508 1.00794
1.70553 0.99546
1.70592 1.05138
1.70632 0.895006
1.70677 0.919302
1.70715 1.03798
1.70761 1.12826
1.70807 1.07884
1.7085 1.01527
1.70888 0.914018
1.70925 0.97522
1.70969 1.04095
1.71013 1.04415
1.71066 1.19858
1.71105 1.03093
1.71141 0.943883
1.71189 0.965028
1.71238 0.987541
1.71275 1.04392
1.71311 1.00671
1.71344 0.821336
1.71393 0.912576
1.71429 1.0692
1.71473 1.09087
1.71519 0.96831
1.7156 1.15496
1.71595 1.15485
1.71641 1.01283
1.71688 0.964876
1.71724 0.923454
1.71771 1.0558
1.71818 0.952017
1.71856 0.941593
1.71898 0.996928
1.71953 1.02724
1.71991 1.07382
1.72035 1.05233
1.72069 1.04817
1.72118 0.933511
1.7216 1.11589
1.72211 0.980283
1.72262 1.08711
1.72307 1.09327
1.72351 1.13399
1.72402 1.07222
1.72452 0.987622
1.72493 0.991864
1.72547 1.06832
1.7259 0.852338
1.72625 0.983409
1.72666 0.950537
1.72703 1.03303
1.72745 1.0219
1.72782 0.94461
1.72825 0.944121
1.72873 1.05695
1.7291 1.15582
1.72957 1.14681
1.73003 1.18832
1.73046 1.05506
1.73081 0.987032
1.73126 0.971639
1.7317 1.146
1.73225 1.00834
1.73264 1.06175
1.73318 0.984368
1.73364 1.03673
1.73403 1.05227
1.73454 0.897039
1.73492 0.903876
1.73526 1.00277
1.73574 1.05871
1.73614 0.9992
1.7366 1.12324
1.737 1.02193
1.73744 0.928899
1.73782 0.986481
1.7382 1.20502
1.73858 1.06118
1.73895 0.985554
1.73938 0.967969
1.7398 1.02819
1.74031 1.10699
1.74068 1.22513
1.74117 1.13172
1.74164 1.23328
1.74204 1.00372
1.74243 1.01716
1.74281 1.13632
1.74326 1.191
1.74365 1.07608
1.74408 1.10433
1.74455 1.04089
1.74491 1.08398
1.74536 1.22507
1.74568 1.13001
1.74606 1.029
1.74645 1.22529
1.74695 1.06315
1.74738 1.05023
1.74786 1.04812
1.74827 1.14895
1.74867 1.15819
1.74911 1.21434
1.74951 0.968303
1.75005 1.03757
1.7505 1.04799
1.75092 0.986878
1.75134 1.05218
1.75198 1.02016
1.75234 1.10236
1.7528 1.05028
1.75319 0.989238
1.75354 0.980814
1.7539 0.856449
1.75431 0.950215
1.75477 1.01973
1.75526 0.903135
1.75563 0.996341
1.75601 1.11769
1.75641 1.05878
1.75686 1.09325
1.75729 1.1298
1.75766 0.947572
1.75799 1.03072
1.75838 1.03172
1.75887 0.965794
1.75929 1.00048
1.7597 1.0679
1.76018 0.941818
1.76055 1.04003
1.76092 1.14708
1.76137 0.984657
1.76185 0.895036
1.76224 1.06836
1.76276 1.00386
1.76318 0.878762
1.76358 1.01002
1.764 0.965917
1.76444 1.05219
1.76503 0.986558
1.76546 1.18349
1.76589 1.26758
1.76636 1.09271
1.76674 1.03496
1.76709 1.04922
1.76753 1.02077
1.76793 1.01259
1.76834 1.02827
1.76876 1.10275
1.76915 0.997625
1.76949 1.11602
1.76992 0.991448
1.77044 0.926789
1.771 0.949575
1.77141 0.906054
1.77184 0.94855
1.77223 1.21377
1.77265 1.09312
1.77301 1.02689
1.77336 1.13818
1.77373 1.10094
1.77422 1.03305
1.77479 0.993068
1.77542 1.02381
1.77589 0.971349
1.77627 1.03576
1.77667 1.03013
1.77708 1.00412
1.77748 0.928916
1.77793 1.05931
1.77837 1.00645
1.77875 1.17563
1.77913 1.16235
1.77954 1.11475
1.7799 1.01084
1.78028 1.08689
1.7807 1.01475
1.78112 1.01683
1.78154 1.12382
1.78199 1.17137
1.78231 1.10477
1.78269 1.03729
1.78307 1.01859
1.78347 1.01922
1.78387 1.1375
1.78439 1.16465
1.78483 1.0266
1.78534 0.873519
1.78576 0.904259
1.78619 0.926389
1.7866 0.99891
1.78708 1.09997
1.78763 1.06975
1.78809 1.10388
1.78845 1.08171
1.78888 1.11763
1.78937 0.983954
1.78974 0.901644
1.79017 0.991341
1.79062 1.13435
1.7911 1.10392
1.79143 1.10127
1.79187 0.955473
1.79237 0.973835
1.79279 1.15222
1.79321 1.03378
1.79366 1.04767
1.79407 1.09963
1.79449 1.12765
1.79487 1.051
1.79528 1.15608
1.79568 1.11015
1.79612 0.953947
1.79659 0.975521
1.79701 0.970437
1.79741 0.96741
1.79785 0.992253
1.79827 1.02453
1.79862 1.14363
1.79915 1.05706
1.79967 1.06537
1.80018 1.00708
1.80066 0.930692
1.80111 1.12431
1.80149 0.919497
1.80189 0.852008
1.8024 1.06254
1.80281 0.922454
1.80328 0.975945
1.80377 0.942386
1.8042 0.921635
1.80467 1.28462
1.80509 1.13204
1.80557 1.09823
1.80593 0.896201
1.8063 1.20247
1.80663 1.25658
1.8071 1.03307
1.80755 1.12732
1.80791 1.09008
1.80837 1.01515
1.80877 1.09571
1.80917 1.30255
1.80967 1.02166
1.81015 1.08841
1.81058 1.05711
1.81094 0.962821
1.81139 0.891461
1.81182 1.02749
1.81225 1.0921
1.81265 0.977659
1.81303 0.921008
1.8134 0.927914
1.81383 1.00449
1.81424 1.0065
1.81467 1.11761
1.81503 1.24439
1.81545 1.0619
1.8158 0.984824
1.81617 0.851255
1.81673 1.05852
1.81711 1.13347
1.81746 1.2549
1.8179 0.994627
1.8184 1.06726
1.81885 0.942155
1.81923 0.958286
1.81966 1.10106
1.82004 1.01736
1.82045 0.951823
1.82081 1.10395
1.82144 1.10303
1.82178 0.994047
1.82223 0.986212
1.8226 0.938781
1.82295 1.01933
1.82335 0.905784
1.82374 1.06632
1.82421 1.17572
1.82467 0.920402
1.82512 0.954565
1.82555 0.991086
1.82597 1.02039
1.82635 0.967426
1.82669 0.9682
1.82704 0.953686
1.82746 0.882876
1.828 0.970339
1.82848 1.05634
1.82892 0.973403
1.82933 1.03309
1.82971 1.07136
1.83007 0.901103
1.83051 0.934881
1.83096 1.05237
1.83136 0.919453
1.83181 1.09622
1.8322 0.966038
1.83254 1.04182
1.83296 1.0814
1.83331 1.01695
1.83377 0.971702
1.83415 0.97521
1.83461 0.833571
1.83513 0.888203
1.83556 0.934772
1.83595 0.941059
1.83647 0.950822
1.8369 0.985171
1.83726 0.768008
1.83778 0.791704
1.83815 0.839657
1.83861 1.0625
1.83901 0.86481
1.83953 0.843503
1.84 1.13218
1.84041 0.78158
1.8409 1.08222
1.8413 0.95674
1.84171 1.06075
1.84209 0.932343
1.84247 1.04642
1.84294 1.10899
1.84333 1.00404
1.84369 1.10064
1.84406 1.10241
1.84443 1.2686
1.84484 1.00193
1.84522 1.07342
1.84565 1.00071
1.84604 1.03334
1.84651 0.902726
1.84695 0.954115
1.84735 0.978838
1.84775 0.906639
1.84813 0.950128
1.84846 1.01289
1.84899 0.97077
1.84936 0.959485
1.84971 1.0274
1.85014 0.95074
1.85058 1.06247
1.85096 0.998401
1.85141 1.00918
1.85179 1.01205
1.85227 1.02964
1.85268 1.00185
1.85309 1.04594
1.85351 0.91165
1.85397 0.993858
1.85442 1.05037
1.85483 1.00131
1.85522 0.997527
1.85558 0.887107
1.85596 1.00764
1.8565 1.03326
1.85691 1.00485
1.85731 0.999071
1.85772 1.06692
1.85819 1.06029
1.85867 0.917513
1.85912 1.00072
1.85965 0.99417
1.86012 1.02462
1.86059 0.947963
1.861 0.866726
1.86141 0.964291
1.86185 0.95506
1.86227 0.995856
1.86268 0.873772
1.86301 0.963154
1.86343 1.13236
1.86386 1.1161
1.86435 0.998831
1.8648 1.22029
1.8652 1.11075
1.86564 1.05443
1.86608 1.011
1.86654 1.03833
1.86698 1.11013
1.86739 1.01407
1.86791 0.980451
1.86833 1.15892
1.86872 1.05041
1.86926 0.960716
1.86978 1.07801
1.87024 1.18156
1.87066 1.17394
1.8711 0.880808
1.87166 1.02275
1.87202 1.06755
1.87242 1.06065
1.87288 1.02089
1.87327 0.939848
1.8737 0.994209
1.87413 0.941249
1.87456 0.999667
1.87507 1.02194
1.87555 0.959053
1.87598 0.889148
1.8765 0.880352
1.87698 1.02416
1.87747 0.991977
1.87781 0.928793
1.87823 0.935069
1.87863 1.03083
1.87906 0.951037
1.87942 0.965737
1.87983 1.20571
1.88024 1.16908
1.88071 1.03324
1.8812 0.991303
1.88154 0.956707
1.88198 1.05071
1.88237 1.02291
1.88275 1.0984
1.8832 1.19264
1.88366 1.06303
1.88412 1.00891
1.88469 1.18695
1.88513 1.14643
1.88558 0.983661
1.88598 1.00647
1.88641 0.928964
1.88693 1.03075
1.88737 1.06452
1.88788 1.07407
1.88835 1.17811
1.88877 1.08739
1.88925 1.09299
1.88967 1.1692
1.89009 1.12095
1.89052 1.20667
1.89094 1.27506
1.89143 0.978771
1.89189 0.93718
1.8925 1.0831
1.89294 0.979684
1.8933 0.995887
1.89375 1.00279
1.89416 1.06401
1.89465 1.16183
1.89504 1.08919
1.89541 1.13914
1.89591 0.99868
1.89638 0.956907
1.89683 0.957931
1.89733 0.99814
1.89773 1.08743
1.89822 1.13448
1.89862 1.11192
1.89904 1.05311
1.8994 1.09174
1.89993 0.984161
1.90039 1.04741
1.9008 1.19529
1.90126 1.14853
1.90164 1.13385
1.90204 0.958081
1.9025 0.939896
1.90293 0.904421
1.90332 1.03717
1.90379 1.02138
1.90417 1.025
1.90467 0.971558
1.90507 0.956958
1.90548 1.02815
1.90595 1.08141
1.90636 1.00399
1.90685 0.991244
1.90724 1.0459
1.90767 0.891867
1.90808 0.914852
1.90855 1.03392
1.9089 1.12292
1.9093 1.07264
1.90986 1.01027
1.9103 0.909479
1.91071 0.972104
1.91108 1.03625
1.91155 1.03908
1.91192 1.19499
1.91239 1.02622
1.9128 0.940012
1.91322 0.960603
1.91377 0.983283
1.91415 1.03947
1.91456 1.00307
1.91502 0.816467
1.91537 0.909583
1.91581 1.06267
1.91621 1.08839
1.91667 0.96355
1.91715 1.15237
1.91765 1.15364
1.91803 1.00898
1.91842 0.960692
1.91882 0.918856
1.9193 1.05078
1.91978 0.948248
1.92027 0.939978
1.9207 0.993129
1.92115 1.02159
1.92162 1.07
1.92199 1.0485
1.92242 1.04364
1.9228 0.92969
1.9232 1.11113
1.92359 0.975693
1.92398 1.08294
1.92449 1.08921
1.92492 1.1303
1.92536 1.06849
1.92575 0.983342
1.92622 0.9894
1.92677 1.06476
1.92731 0.84757
1.92773 0.980516
1.92818 0.945208
1.92848 1.02964
1.92885 1.01764
1.92925 0.940354
1.92969 0.938569
1.93005 1.05177
1.93047 1.15075
1.93085 1.14163
1.93128 1.1848
1.93173 1.05058
1.93218 0.983844
1.93262 0.967925
1.93302 1.14219
1.93342 1.00448
1.93386 1.05656
1.93435 0.980303
1.93477 1.03168
1.93521 1.04887
1.93564 0.893004
1.93604 0.900115
1.93651 0.99865
1.93697 1.05468
1.93739 0.994025
1.93782 1.11859
1.93825 1.0164
1.9387 0.924681
1.93915 0.982356
1.93955 1.20067
1.93993 1.05847
1.94031 0.98176
1.9407 0.964326
1.94106 1.02421
1.94149 1.10225
1.94193 1.22179
1.94237 1.12804
1.94289 1.22843
1.94326 1.00033
1.94364 1.01265
1.94417 1.13094
1.94458 1.18648
1.94506 1.07119
1.94561 1.10163
1.94598 1.03565
1.9464 1.08025
1.94679 1.22054
1.9473 1.12531
1.94771 1.0249
1.94819 1.22203
1.94859 1.05968
1.94912 1.04761
1.9496 1.04445
1.94999 1.14482
1.9504 1.1537
1.95083 1.21043
1.95133 0.964227
1.95182 1.03395
1.95222 1.04434
1.95263 0.982134
1.95311 1.04741
1.95348 1.01566
1.95387 1.09843
1.95422 1.04745
1.95465 0.984953
1.95507 0.976851
1.95549 0.852887
1.9559 0.945572
1.95648 1.01535
1.95688 0.900335
1.95735 0.991406
1.95776 1.11396
1.95816 1.05566
1.95859 1.08932
1.95898 1.12596
1.95938 0.94284
1.95979 1.02751
1.96015 1.02814
1.96048 0.963623
1.96093 0.999152
1.96139 1.06252
1.96191 0.938
1.96229 1.03744
1.96269 1.14616
1.96306 0.982025
1.96356 0.890922
1.96395 1.0655
1.96443 0.999484
1.9649 0.874929
1.96531 1.0069
1.96569 0.963009
1.96615 1.04901
1.96652 0.98419
1.96689 1.17915
1.96735 1.26369
1.96782 1.08816
1.96823 1.03196
1.96864 1.04422
1.96908 1.01667
1.96956 1.009
1.97015 1.02333
1.97059 1.09716
1.97101 0.993328
1.97137 1.111
1.97178 0.987705
1.97218 0.922891
1.97259 0.945965
1.97308 0.903967
1.97341 0.944498
1.97386 1.21056
1.97428 1.08908
1.97477 1.02121
1.97524 1.13293
1.97568 1.09722
1.97613 1.02886
1.97655 0.990345
1.97704 1.02001
1.97753 0.968197
1.97794 1.03204
1.97829 1.02606
1.9787 1.0016
1.97914 0.926278
1.97952 1.05422
1.97997 1.00137
1.98042 1.17057
1.98093 1.16035
1.98135 1.11279
1.98179 1.00858
1.98223 1.0832
1.98265 1.0087
1.9831 1.0134
1.98349 1.12258
1.98393 1.16832
1.9844 1.10121
1.98478 1.03434
1.98524 1.01457
1.98565 1.01466
1.98604 1.1355
1.98638 1.16119
1.9868 1.02168
1.98721 0.870309
1.98759 0.901178
1.98801 0.923486
1.98841 0.995042
1.98893 1.09541
1.98945 1.06477
1.98982 1.09791
1.99025 1.07862
1.99076 1.11389
1.99129 0.980982
1.99165 0.898217
1.99209 0.986845
1.99254 1.13072
1.99289 1.09884
1.99331 1.09736
1.99372 0.952433
1.99416 0.969189
1.99459 1.14959
1.99515 1.03074
1.99561 1.04411
1.99597 1.09666
1.99634 1.12623
1.99676 1.04774
1.99718 1.15322
1.99763 1.10802
1.99804 0.950455
1.99862 0.97046
1.99904 0.965856
1.99939 0.964434
1.99984 0.988061
2.00028 1.02065
2.00064 1.1403
2.00112 1.05619
2.00154 1.06169
2.00196 1.00224
2.00233 0.927621
2.00268 1.12024
2.00319 0.916525
2.00355 0.848421
2.00391 1.05923
2.00432 0.918143
2.00483 0.971767
2.00534 0.940743
2.00594 0.917926
2.0064 1.28111
2.00681 1.1286
2.00721 1.09554
2.00771 0.892715
2.00816 1.20004
2.00857 1.25311
2.00892 1.02855
2.00938 1.12364
2.00976 1.08706
2.01013 1.01031
2.01055 1.09246
2.01093 1.29863
2.01135 1.01791
2.01173 1.0853
2.01226 1.05365
2.01265 0.958998
2.01309 0.889467
2.01343 1.02395
2.01394 1.0881
2.01436 0.973133
2.01478 0.917741
2.01513 0.92376
2.01546 1.00027
2.01605 1.0033
2.01655 1.11289
2.01696 1.24279
2.01737 1.05811
2.01778 0.982794
2.01824 0.848298
2.0187 1.05561
2.01914 1.12899
2.01957 1.25073
2.02008 0.991439
2.02051 1.06187
2.02092 0.937471
2.02133 0.954011
2.02172 1.09764
2.02214 1.0148
2.02258 0.949001
2.02308 1.10017
2.02358 1.09866
2.02395 0.990681
2.0244 0.983178
2.02474 0.935391
2.02511 1.01555
2.02555 0.902011
2.02602 1.06305
2.02642 1.1715
2.0268 0.916893
2.02721 0.950945
2.02756 0.987308
2.02798 1.01695
2.02849 0.963759
2.0289 0.964983
2.02941 0.949857
2.02986 0.879096
2.03025 0.966186
2.03065 1.05271
2.03107 0.969215
2.03144 1.03138
2.03186 1.06721
2.03224 0.898243
2.03262 0.931162
2.03314 1.04829
2.0336 0.915513
2.03413 1.09096
2.03453 0.962246
2.03507 1.03942
2.03546 1.07762
2.03586 1.01421
2.03629 0.968446
2.03672 0.971924
2.03713 0.829555
2.03752 0.883621
2.03792 0.930967
2.03829 0.935856
2.03867 0.947965
2.03905 0.981187
2.03939 0.764328
2.03985 0.788064
2.04027 0.835962
2.04073 1.05963
2.0413 0.860821
2.04166 0.839977
2.04213 1.12901
2.0427 0.77792
2.04326 1.09355
Avg iter time = 0.000534478 seconds
